Episode,average_time,average_energy,average_time_local,average_energy_local,average_time_edge,average_energy_edge,average_time_random,average_energy_random
0,0.23254063148841742,0.07726909064714589,0.04717421543231036,0.1319693558486263,0.36325912048632875,0.02519604908842308,0.2771660361512507,0.05229986740634124
1,0.3449371056212654,0.022065195470288578,0.04732708827173454,0.13309294703020372,0.36305707363176193,0.02438352464475546,0.2716271084144038,0.05015610365886947
2,0.3478297793102084,0.023770134441506652,0.047898719325474265,0.1323852625579907,0.3389376490806296,0.025547635896465172,0.2700422284602861,0.05290738070120615
3,0.29745640832249914,0.050266192321089226,0.047256333116574116,0.1319471199882423,0.3714191227839241,0.025721058480644345,0.28060953342464434,0.053321620810948614
4,0.2301095857079733,0.07789870596958619,0.047505159263630505,0.13161859597779335,0.3611311875981518,0.02543261872474746,0.2733675342798138,0.0503044487448745
5,0.24107190954625624,0.07934188485405898,0.047985044588876695,0.13324496587506093,0.3717629867505253,0.025911027563865003,0.2884644126776371,0.05195522993800464
6,0.21056602693873838,0.07911084782080924,0.04882275958980731,0.1335566699719632,0.37848429595559663,0.027126712850299314,0.2967006649819999,0.05291439879285275
7,0.23486461809141557,0.08214971157722596,0.049187648825949795,0.13651811842688272,0.36336788690210187,0.02577064141781542,0.29036725981419875,0.052671473755250005
8,0.2141830249164216,0.0776799047037714,0.0478340365338776,0.13395462652846837,0.38343944225333126,0.026131867621540714,0.2854802534761835,0.05343725398897303
9,0.3040199092053151,0.051261056644134495,0.04886235944973177,0.1355214700576749,0.36306487138204574,0.02589018174295176,0.29052156073230256,0.0552558680006192
10,0.21444752694113628,0.075796516305074,0.04623907536982565,0.12970759731721682,0.35385765593347235,0.02397157842211749,0.28224779373560477,0.05012269927605118
11,0.3654566628965155,0.02478335208443702,0.04740200942030721,0.13094064928910376,0.37603549582957796,0.026827511709042615,0.29127205639822573,0.051768822819565664
12,0.2447545492979012,0.07779731553300874,0.0464323405603357,0.1277128996893613,0.37404105149968325,0.02549617663176172,0.2888173810073129,0.050243108439806713
13,0.26117701694989687,0.05122898816330389,0.04768841410172935,0.13179680977010555,0.3361639053818841,0.025442524500087372,0.2549631230159323,0.05258847747577278
14,0.2037155007723444,0.07519222763277666,0.046467467853061876,0.12847391163686747,0.3725163028119291,0.025737740681505028,0.29194510365428905,0.05002609996295337
15,0.33914267764086764,0.022270774973209603,0.045234727952914375,0.12546761003872112,0.36733639820874897,0.024656490139922105,0.2721540723979673,0.047861434506430295
16,0.3094433189205249,0.04915787216052953,0.04631434789521756,0.129632700458646,0.36627139908102074,0.025039802252073095,0.28610275381235273,0.05304210150592589
17,0.35892615427504615,0.024730160382457986,0.047435403055146375,0.12910553997717422,0.37433907988945125,0.0268376410129995,0.2801822748375282,0.05198279349408502
18,0.2914483019501253,0.04796958837132294,0.04745434154873919,0.132356562306786,0.347050194007678,0.023817139113787897,0.2671098083991605,0.05311333322742029
19,0.3085363914791618,0.05207434267372086,0.04807663533896323,0.13308465501656086,0.3925028559471486,0.02667477958368434,0.30402834102215315,0.054169804653938426
20,0.3525284454862729,0.023517831627223675,0.04805692566287512,0.1346002094919586,0.3537879216570796,0.02528982997936631,0.2776205904312292,0.05183194077245393
21,0.31425358848878393,0.05214503973969945,0.04815997684138203,0.13162255624939276,0.3909833699008217,0.027903108677491812,0.3146075423154317,0.05538168035977064
22,0.27165263898391356,0.04810613958351473,0.04587980831924732,0.12785148325562792,0.36760990701947566,0.02535214726317336,0.2758801319510011,0.051505218625531625
23,0.27963194319442025,0.051638108102666364,0.047628640285278113,0.1344307118074916,0.37790661917052937,0.026055307990323077,0.29503874496476806,0.05290295861599466
24,0.29850345737543543,0.052595358077826455,0.04855296083658321,0.13362222068964474,0.4048820044690488,0.02817063606031897,0.30860932114739315,0.054802434843130424
25,0.34699872198871595,0.02468643637516662,0.04663230918445916,0.12974253135876818,0.36496351639172714,0.02695894189419767,0.27875609948583685,0.05102137055294063
26,0.3032142692602436,0.05126400145639459,0.046447233430434685,0.12938090987030795,0.35168617460201324,0.02480707466953506,0.27525420205550466,0.05172248952124263
27,0.3129770698648381,0.05381117284480682,0.04575708126544637,0.12722614822935518,0.36712277434687635,0.025331534082159466,0.2756304818570623,0.05005113966980132
28,0.19460533115538056,0.07507769975300821,0.04728839561413857,0.13287617977857422,0.33150493080203053,0.023991421115347765,0.25248843164226586,0.050492288845548045
29,0.3116289503924663,0.05143559456309691,0.047124854893387566,0.13070376927934313,0.3671979230798949,0.025235379200670233,0.28090097428565164,0.052187591325296157
30,0.3585779726922761,0.02358763061243824,0.04600144966084941,0.12824888685744035,0.3642419751145341,0.02549647309677853,0.28636351596755844,0.051379563467754526
31,0.19830995282945732,0.07607539068642385,0.04710864384801523,0.13086563378060767,0.3634793121804056,0.024996664182926107,0.28277242689765586,0.051567007351912754
32,0.3744732158392333,0.02363609420313711,0.04797069938743635,0.1339817112597142,0.3879039874403805,0.025524197483754008,0.29716930351975135,0.05327175916298194
33,0.19516269469652445,0.07669945189825787,0.04697596385280642,0.12795077033726585,0.36408750855807653,0.026772381195182403,0.2934131547944367,0.05196961333412266
34,0.23256855965655218,0.07661697749046995,0.047059261080180305,0.13051158596615006,0.3437288476613085,0.02503374622512669,0.24534920760227072,0.051528706371155975
35,0.23480804241737385,0.07834051642940504,0.047939771879584064,0.13113077626259204,0.3707481474546202,0.027179736496113004,0.2960398968915347,0.05509816630917297
36,0.3007057575188665,0.04801080165976339,0.04527000034294437,0.12737081613619602,0.3663555488831265,0.024441464051008496,0.28933808979501224,0.05380410963613267
37,0.3698341106962066,0.024374999616637083,0.04766452066424625,0.13077310986508675,0.3747002680724285,0.02644756838210576,0.2925987260725207,0.05266772885173325
38,0.28984786409666563,0.04848397966358123,0.0467397360555486,0.12939198248188846,0.36904580483432453,0.025441025465582908,0.29149427750347723,0.05342864345398443
39,0.3761803351307277,0.025314590110943648,0.049456071026539344,0.13658019056671747,0.36410947638823304,0.02696706615770432,0.29432288127446826,0.05396663703327507
40,0.36644698679790555,0.02482173784882757,0.04735143534499555,0.13242479924606948,0.3729421246993633,0.026621707924046008,0.299873431694546,0.05120536831381851
41,0.2285561785435504,0.08136488618203448,0.04769010846625153,0.13356916513690512,0.35396793983165137,0.025303786381351452,0.27037416280538074,0.04995648618454393
42,0.3704074272605121,0.02443433046169658,0.04747236899816965,0.13025069016403468,0.3913542190441218,0.02674915371168042,0.2997762789598272,0.05187123641082909
43,0.36354129934074375,0.02352134783609222,0.04723835548745029,0.13211753005922572,0.3664747210276974,0.025203482353118808,0.2917707539207575,0.050631159850985236
44,0.2509132640549401,0.07985411609843009,0.047190165637823245,0.12926902252612735,0.39144901080811756,0.028043442628003762,0.30343826374061134,0.05266712805818645
45,0.22062212245555665,0.07736920369129194,0.04851168695566114,0.13174718003271368,0.3780024890595174,0.026257996452258493,0.28693296665403956,0.05371238892874136
46,0.2626039115023957,0.04765747741381484,0.04620712287784444,0.1304637546408068,0.32617673255501933,0.023244311394782585,0.24795935990263687,0.050957497712563665
47,0.21644983109095467,0.07356112148199236,0.047299028337433026,0.13060056879569462,0.36529020602642404,0.026015465986981446,0.28156520471488083,0.05479769003780337
48,0.20056896952433326,0.07470949070625352,0.046098280915883194,0.1300665215869466,0.3403044410740745,0.02448578708295641,0.26765959178424975,0.05202025336061876
49,0.2252622334622127,0.07910151934899662,0.04742794015472219,0.13057688532540226,0.3536356588106898,0.025203096395853785,0.27480423118966796,0.050017746156440425
50,0.23508385569840773,0.07802302379576456,0.047005535163941875,0.12980421422849267,0.33705806856172765,0.02518987274647997,0.25899699066698145,0.05225145759156623
51,0.15511107117321118,0.10579457469352552,0.048690014241045645,0.1338806910664846,0.34894450502019514,0.025466511058770108,0.2796903062843554,0.053552627431729186
52,0.15334733065766654,0.1034314069573655,0.04679865677765706,0.13007519925613045,0.34748233301952314,0.024459983891042595,0.2687813760664002,0.051103776189807534
53,0.3574854519681506,0.024284781167370803,0.047262861752198834,0.12953730210195702,0.37260004013716896,0.02642813454504089,0.28668914244756,0.051175066353085885
54,0.19275768917129263,0.07469439212252006,0.04653955471514484,0.12765464309569202,0.3360760452837237,0.025748297512782396,0.273489296432615,0.051175975010648835
55,0.3481116859109628,0.0232224108965356,0.046882905666917385,0.1289474785654125,0.36144463949531014,0.025175306452555977,0.27768046305124516,0.049856915114315316
56,0.324187188057198,0.05244318215107321,0.04688047495392551,0.13080701024074176,0.38924109784706,0.02671095318101436,0.3066106508447824,0.053034413412819226
57,0.13789744371775675,0.10206979232233335,0.0475609057176277,0.1333095886836675,0.3654835459973002,0.024764731303680277,0.2854521181470673,0.054140042260084544
58,0.23854192653892578,0.0784752733782646,0.047347815095592924,0.13174935167179547,0.36051860143429687,0.025703078665355553,0.28632071929389413,0.05391228054602316
59,0.358158858600693,0.02323458609928174,0.046394389534752084,0.13081351172609174,0.38629268018394314,0.025602084160406983,0.28999935801506543,0.05197818808786555
60,0.20444288626803545,0.07801936628410511,0.047586873568523695,0.13171028767869095,0.38325870271646717,0.025988601018143834,0.281873056986807,0.05179733811609647
61,0.32409677599273157,0.051094631398678314,0.049001771261477915,0.13446475747915781,0.3855614808583507,0.026548680045565543,0.2947337640223418,0.05414924237586981
62,0.2416845302592069,0.08072068124825044,0.0485020853445918,0.1344913905134958,0.38990194894647096,0.02765454187329323,0.2970820430003227,0.052901328347888375
63,0.35914679443371633,0.024306591790678532,0.04690742563514457,0.12964116393897046,0.3725450452485594,0.026489758123369084,0.29474991027034325,0.05137735517466825
64,0.34166056568306835,0.023763659856378284,0.04875679085720297,0.13542801258836282,0.3451990203290808,0.025941321571595285,0.2605353846393438,0.053715850311812086
65,0.3350863677433638,0.05180414007034991,0.04628054113017185,0.12763759759146986,0.3867764355173679,0.0267755027790828,0.2971321294033218,0.0528844217537921
66,0.21390996473727852,0.07763817404208598,0.04710070175806946,0.13070933534004314,0.37256275863957217,0.02617568952382464,0.2809883531083149,0.05096136920061084
67,0.3600106221179199,0.022953894088513636,0.04803292449207332,0.13402123200036137,0.37422819479300656,0.02517265339822092,0.28978326444579783,0.050321528371169856
68,0.24102984900262645,0.08170301193717645,0.04887407180409109,0.13662118724375075,0.3923319608571439,0.027325923403926474,0.3015731808210349,0.054157982337541676
69,0.20389528947200974,0.0795244319804856,0.04843026407114326,0.13590894648526583,0.3642497298333751,0.027109019725012642,0.2835471261577797,0.05395667035068422
70,0.2986613731756706,0.0519474794223101,0.047655514296524815,0.1320415896544937,0.3587766012184423,0.025992408049750653,0.2878498468242329,0.052988754325329776
71,0.27201800097200723,0.05077960554750967,0.046727629971269016,0.13008870382885834,0.3476175218286588,0.024395722251674527,0.26674492840066366,0.05085264903853407
72,0.19919171684694348,0.07749218047364391,0.047985897543733606,0.1326194155337481,0.3787244831951444,0.026117516832571668,0.2825093837116275,0.052218599332035154
73,0.2582214704859482,0.04968325487207218,0.04826366216829163,0.13199467575315227,0.3556480924619529,0.026827027545600457,0.2621219526794723,0.052123538907688456
74,0.23332091611860342,0.07713576222388326,0.04556588069872323,0.12676252711182798,0.3575436590150789,0.02439656417459182,0.2622259279601421,0.04978205255355122
75,0.31398031462243525,0.048116157576018885,0.044693359660054305,0.12676453602874954,0.36170781591977114,0.023874881067033588,0.26560303632081234,0.05007781614188477
76,0.24798413444695433,0.0803290965680385,0.04786397591454296,0.13230875962609184,0.38748431539193545,0.02789736208221491,0.28831052952892094,0.05353704743444454
77,0.21498491735451866,0.07768842012871402,0.04740777246481759,0.13258321619931626,0.3988664303417131,0.02755753109072043,0.3160577843728815,0.05398968299863767
78,0.19510420560466257,0.07634319390655207,0.046294454234273794,0.13077175773233157,0.3686594453453596,0.025390839536014443,0.2744682667293359,0.05126158984311122
79,0.35664612669915696,0.024454000832634607,0.04775683228141299,0.13167560893477925,0.37269268996084315,0.026631942634217393,0.28422963150111186,0.052019894978901964
80,0.3392493586809772,0.021979892308938893,0.04685766009853532,0.12988428899231882,0.35486191791080235,0.024213500645788685,0.2708607300691579,0.04891686861380539
81,0.1959743413017647,0.0755988552532336,0.04638009906192108,0.12785740665287257,0.33788449610071236,0.024864677903530457,0.2617404927831468,0.04833150148323937
82,0.20549655944351944,0.07638877669185812,0.04806009852353004,0.1336532374658445,0.35394879294849496,0.025476966980687292,0.29208908551596413,0.05323372838976449
83,0.18910987326381468,0.07425031505856179,0.04637634630690741,0.12957885630481084,0.3751764145521102,0.025514105017239115,0.2852406102398381,0.05066446807027473
84,0.23860865148744484,0.07878219805251363,0.04821921481297725,0.13250616462335602,0.3708833138108275,0.02680134392072088,0.2761390819380445,0.054239260998994655
85,0.3578507110144005,0.024767949329538033,0.04743119768746698,0.13034041564273913,0.3784400654331501,0.02708655519088373,0.2913421506430729,0.05211379894160837
86,0.3174954863628456,0.054308376138529374,0.04796410666709129,0.13209582831829994,0.3856596328658166,0.02781341599250008,0.3059212811751885,0.0536269185074801
87,0.3588551273875441,0.023585962606624745,0.04674874433637874,0.13109647804123664,0.3811971160605344,0.02587586438473965,0.28638019071914506,0.050590369830822546
88,0.23577477129647706,0.07834716665651868,0.047776526369305225,0.13371146096735265,0.3564446710819888,0.024715498080134166,0.2810206074044046,0.05222665387692821
89,0.21557767736816885,0.0784867300773946,0.047502377246563386,0.133650437234158,0.3845303168421908,0.026665659813486578,0.2912118174686384,0.05191244628808172
90,0.35399389345435733,0.022790197821645073,0.04648196103708313,0.12956681698571154,0.37701179899603676,0.025096096418611234,0.28498026661203146,0.05002738156150154
91,0.30014081720262303,0.04982302291142285,0.04749056083821323,0.1316896001850427,0.3783437255885187,0.02734915785012495,0.2861852237211759,0.05581640803873181
92,0.34963961913006675,0.02295730812339101,0.0465285939761091,0.13045163930108827,0.3491082904451984,0.0248454114040079,0.27374350167011713,0.05259297308323585
93,0.2728812828452935,0.04864666247004933,0.04541785596807237,0.1286257721617449,0.3216208867818294,0.023331375204344945,0.24991734006546104,0.04947739029080197
94,0.20632438109094475,0.07681599816987357,0.04831547757271267,0.13384096521361624,0.35357432407855177,0.024919329050324276,0.2747443770201402,0.05259675923037382
95,0.3020665669146897,0.052924641948240564,0.04822177741373711,0.13496094396767294,0.3696878734838671,0.02670338572649819,0.29502702957375754,0.05363016780273658
96,0.2041011939467052,0.07453806184705707,0.04676830959100872,0.1302493708629794,0.3586801720681585,0.02449891312676432,0.27609367137890356,0.05136094531730843
97,0.22499324887834507,0.08045932604466736,0.047722164872881744,0.1326638242881966,0.37193107844617873,0.025961895532129655,0.2995088817154756,0.05176611414727884
98,0.29897667411765555,0.05038768786297628,0.04739360508618936,0.13063049011058764,0.3961217580704459,0.026981483489393897,0.3110987710410601,0.05404322398641573
99,0.2383312052287847,0.08056384967284078,0.04815223037450103,0.1331663039763038,0.36316631456729165,0.025534277879885044,0.28406272495450474,0.05173645255496799
