Episode,average_time,average_energy,average_time_local,average_energy_local,average_time_edge,average_energy_edge,average_time_random,average_energy_random
0,0.28317116746357746,0.04598122756050043,0.032038892481771226,0.12388289287705664,0.3549116549114316,0.023466510069268073,0.2726915509148873,0.048214684052382474
1,0.2692322654515816,0.049596154263030975,0.03316663925221558,0.12707700692532675,0.32940875712975887,0.0240815672043975,0.25512226858269127,0.049063050655790225
2,0.2907624635867823,0.050709713402956186,0.03385893503472913,0.13241345629693882,0.3666166620542445,0.02527220422571126,0.2687357314852542,0.051148617149593234
3,0.29048572417347146,0.046132950763423886,0.03237374543566917,0.12747718434995464,0.34220272450915956,0.023290228848850836,0.2646258386110604,0.0508493594633124
4,0.25148535796186433,0.04820549780970778,0.034185731816645124,0.12822297715047803,0.31407234828007613,0.025454890008875748,0.24892430514128272,0.05237084936848449
5,0.26634739864373264,0.047308287962497544,0.03308638644902402,0.1272604657588237,0.3259491453910747,0.024215912056305553,0.24134598038632313,0.050725527784386416
6,0.25281679502302745,0.04538710329958223,0.031919678580750975,0.1237177835693552,0.30789676363958396,0.023764278594148775,0.23672285790308864,0.04881352335019848
7,0.27022917537761687,0.04910134052766451,0.03418883760540712,0.12897548926146643,0.34603192969263835,0.025168558933606217,0.26789881532606263,0.05129397656600027
8,0.28239982248940915,0.04853642450471276,0.033508325319739574,0.1280021357721828,0.35212112461142975,0.024143948849948468,0.27381433831033214,0.05029754678664558
9,0.29130346121557976,0.04850208710466248,0.03328884533112927,0.12563700071471193,0.3416756414889988,0.024871992461070143,0.2621287898011514,0.049909576041157824
10,0.2945074535343985,0.048852677912628165,0.03361217530480679,0.12942119500381064,0.35143078509313763,0.025567487859092495,0.2694604359938725,0.05036622360301619
11,0.26296575902977604,0.049313333528185115,0.03350733828316745,0.12591368901183594,0.32697707447899665,0.025466838978712193,0.2631352859598697,0.04909735452296888
12,0.2685658108346366,0.04747668305391723,0.03311760896166952,0.1277897616342327,0.32075169441440443,0.024440453776772033,0.24920314502905794,0.05015109726784566
13,0.2930098125628639,0.04688193971772131,0.03355044495338383,0.1286693675126006,0.3664842238620152,0.02463550971308275,0.2917066015474338,0.05026680189567974
14,0.2891551695440337,0.04808354573087207,0.03245877676923226,0.12392890244317388,0.3624713934216977,0.025263425195667714,0.2736943707605832,0.050836377159192
15,0.2665055523734339,0.047741959246947414,0.03302686094068235,0.12668960937939516,0.3173433203843983,0.024514582849314886,0.23855106303191836,0.05002257159915283
16,0.26203772678295,0.04632198208808189,0.03151355284211023,0.12451990733317218,0.33651752700176807,0.023173284241720535,0.25138278313115836,0.048395119882907754
17,0.2783502442556252,0.04945464266693357,0.034258237924420724,0.1286509380422001,0.3491821908804936,0.026825360491506873,0.2528552477455799,0.05427337201057525
18,0.25919637672819973,0.047404615464393944,0.033522477377746135,0.13094502152723744,0.34393305409292585,0.024646389941261105,0.2729376702181853,0.052149207840539655
19,0.2925910571742787,0.04724251428412727,0.03378277151685862,0.12704133126138878,0.3496498067391483,0.025358210085920253,0.27434216721447136,0.051177367153734436
20,0.28564951450622067,0.047314247028991875,0.03337735753099687,0.1274741772915501,0.3355298526197654,0.024718151737131315,0.2513435311708043,0.0503045148599854
21,0.2604646705877801,0.04877305082495089,0.03311265553157726,0.12971309258615604,0.3172673309436964,0.024428882495501052,0.25388299908633155,0.050302910266474946
22,0.2742534267381834,0.05060800167660416,0.03345582718184233,0.13028527283820363,0.3490410975602013,0.023408200834201625,0.2733649637060945,0.04835743833411236
23,0.2946425566174607,0.049042201449880224,0.03463319660117892,0.1308261062146252,0.37558358251576157,0.026047960852550837,0.2842571554082847,0.052937604391470224
24,0.28245191451218815,0.04850162507464469,0.033030916877182154,0.12563517470019192,0.34726914428844174,0.025019133260573145,0.2652729486204631,0.051285079760773185
25,0.30201001888871,0.05267283800256144,0.03506389965815178,0.1321159188621293,0.36428888144625604,0.02701023367769132,0.2813564769516296,0.05355742051065597
26,0.27936125215567587,0.047093427759647075,0.0326047312784264,0.12782528277222252,0.32499874934668854,0.023895047619909137,0.2548564607088009,0.051025237107104694
27,0.2899345839649946,0.04701613761373477,0.0335843659156169,0.12641140612280707,0.36475479067065353,0.025866318914777687,0.2733114001279585,0.050231178405927925
28,0.282097062874557,0.05203480486616873,0.03473953137401747,0.13093546075807042,0.37116520457078284,0.026371264350919056,0.2820384152124528,0.051442523161917206
29,0.2765609529955435,0.05054424774281411,0.033282903554193485,0.12719172221461808,0.3354824909497435,0.025824388870701025,0.24931673699274012,0.05079049041596073
30,0.2779413497079928,0.04585140695096477,0.03279086069686769,0.12532442989647533,0.322956498338747,0.02416493979870652,0.24254128700197378,0.049935725304370064
31,0.25285881341277794,0.05104501754263194,0.0342352694696732,0.13076179435590352,0.30855070614073,0.02544476888653137,0.24418963758631226,0.05135476068967182
32,0.2812950802205563,0.04902867554987667,0.03248778215983864,0.12807597560586248,0.33830947568786585,0.023748617686884976,0.26815854643561127,0.048962538218373715
33,0.2778461340690666,0.04687842616646744,0.03279229509899534,0.1247221311310402,0.33152136498416024,0.02414790245231664,0.24264485822047724,0.04919655474327655
34,0.2939293192903933,0.0531969287441547,0.03488177236226128,0.13364226124112963,0.3605830356749009,0.0270192981782331,0.2735067644880667,0.05066718790812493
35,0.28116206004328326,0.05009422507271958,0.03493414745606782,0.13129099434427385,0.3255264323498891,0.02534607351073893,0.26235691965978186,0.051862997686643666
36,0.2744291412993102,0.049293675679670954,0.03387068421770746,0.1313025854424788,0.33297868587735635,0.024935130914820147,0.260213578206283,0.05232297741760001
37,0.2830659576673263,0.048761105950993214,0.033565318690903706,0.12773849411688584,0.3676130771950283,0.02599753083683375,0.2938066500094648,0.05361407831646353
38,0.27903010514156223,0.046869951664413864,0.03205462693372808,0.12312483255038707,0.35439435161349603,0.024239690493395537,0.26950198558977334,0.05038105725003116
39,0.2939871937630211,0.050437012052625796,0.0339182817850475,0.12732117572226978,0.3707275347996825,0.0274497245495333,0.28166783060330464,0.051097614279425135
40,0.28407173583156486,0.05089974337353081,0.03488279031930163,0.13057990768162242,0.35387444170649485,0.02560050195776493,0.2787582794940712,0.05219918359048987
41,0.2783321147662443,0.049039450316900296,0.032248073966213174,0.12559383550158923,0.3387529657557135,0.024697083996703062,0.25196342418679535,0.04987686634812723
42,0.25874805393724665,0.04749681794105202,0.03261715105381242,0.12330262061732282,0.32696461880415956,0.02451179492024805,0.2567202002261854,0.05019186068043336
43,0.28447793642422203,0.04874117910519772,0.03351628356919066,0.12672738189623567,0.3371143457694288,0.025578587276139816,0.24528360596922283,0.049842356552284535
44,0.27446634729822106,0.047407330300331035,0.033010955491234825,0.1260848183849603,0.33676096247399406,0.02448969961752658,0.25587885200803134,0.04988413986471161
45,0.285857405192345,0.05047720789851563,0.034526473787626646,0.13268539396192644,0.3293450674818072,0.024924493462072553,0.25567606965050405,0.051448217697498515
46,0.29127918070652464,0.04851445305518452,0.03326520694815769,0.12776651820563706,0.36057139841523894,0.02585932553989387,0.26782364295885525,0.05318008062201845
47,0.26197558536697013,0.05021455610990112,0.03402923805883119,0.1297370068771468,0.3248055191026341,0.025243871117420297,0.2456001120193057,0.04923041688802146
48,0.2705400863804289,0.04792748501319774,0.033718637344949356,0.1276993128518797,0.3497178638761967,0.024554166133073655,0.2649127136754202,0.050275803096684606
49,0.2675070602606226,0.0474256000796865,0.033745978711554325,0.1298654029585188,0.3260027441978912,0.023952569532147878,0.2487568839347865,0.05172626232537941
50,0.2827497274098505,0.04852479828491437,0.034087398909643365,0.12914024454388062,0.3342887006965285,0.025433759613221456,0.2563609840699732,0.050151170260528
51,0.2905194350154657,0.0508143022339646,0.0333756317946327,0.12873208812746656,0.35948469523812193,0.025151530896560425,0.275470177746415,0.049703825436918876
52,0.262099525297243,0.05099654488239004,0.03399052179676587,0.13024180967774474,0.32686273994858345,0.025124310705508367,0.2587171809116136,0.04863242455623856
53,0.28205695753814813,0.04803208751305767,0.03384715355836175,0.1255390712616881,0.34283643773230055,0.0264591328645181,0.2793220094103028,0.05035128324473041
54,0.2533516995231884,0.04709699458866377,0.033319298677036216,0.12577071956390062,0.30400863746391943,0.023645704207607938,0.2395861070676682,0.048954973993783284
55,0.2716159369656862,0.047412740804117566,0.03394453398915717,0.12994805608053595,0.33151680778911785,0.024084959744443593,0.26188244792256254,0.05068693137955339
56,0.278533285963233,0.04627901003410827,0.03278189464271407,0.12894036143461118,0.37087186230520464,0.02363344831403339,0.27537608111728173,0.050392328702630246
57,0.28638286836538573,0.0493787163260688,0.03580498999980199,0.13334856492447741,0.36271403100635,0.02695912775741131,0.28442529844534803,0.054202206644985026
58,0.2862245412669172,0.04959239612227659,0.0347217541928958,0.12983609735669835,0.3265512532151428,0.025865620305420674,0.2456794303089183,0.05243945946690467
59,0.279088245621356,0.04778856372077893,0.03337433069019309,0.1269674988982263,0.3198854965305074,0.024039192636621198,0.25210821374538495,0.05147806445449862
60,0.2643657624479655,0.05055039796621307,0.034988048197683544,0.13202808021231,0.3123655931398326,0.025853254039479252,0.23669370882525007,0.051218785306017006
61,0.2713882032096249,0.04613145967750064,0.03284556034921138,0.12516407011699834,0.30981186445248754,0.02387994518998118,0.2310622224060884,0.04907458523025567
62,0.2751894514500073,0.047824339974442576,0.0326360523753854,0.12632942276593978,0.3299604832240432,0.02400616698074615,0.2558789043508961,0.05066253216838192
63,0.28960189731691416,0.04880585890179543,0.03230947134654528,0.12708435622551137,0.3562479481046796,0.024691754388555812,0.2757582133112298,0.051357018652050654
64,0.27394655976370735,0.046457007099827245,0.03201452573543531,0.12523683681195447,0.3278366366851925,0.02255190772641622,0.25221104278126594,0.04788950745756537
65,0.26311788328811764,0.04665104524283577,0.033053864397173685,0.12377686341806801,0.3296130318217647,0.024047476608481774,0.2522870852413544,0.047957583066935
66,0.2844823381605033,0.04939292515130825,0.03336811744673071,0.12985941130823345,0.326593704949274,0.023041228062987498,0.24223275966419286,0.049366631133038054
67,0.2745186096078547,0.051238879513930274,0.03397401100967714,0.13006894149511866,0.32072286255051485,0.024517547782058457,0.2501251043645814,0.04909371675271677
68,0.2643283776682419,0.047340479486983944,0.03371726722595958,0.13026931273726014,0.3331383698873815,0.024609593175822234,0.2539325695415928,0.051627739727317455
69,0.2607099456581367,0.05009183917449232,0.03275385100832773,0.12168405471451547,0.3049284343861552,0.024901659206994758,0.23098911149447215,0.04869273143861615
70,0.2805602598533992,0.046263727736330175,0.03233843692066638,0.12245592621538154,0.3322075239904358,0.023626439807533768,0.25614839549426427,0.049073383526506344
71,0.28917121198501117,0.048292766089395235,0.0332198613241227,0.1254988363462375,0.37669541826422204,0.026192159680247275,0.29271936738414556,0.05113365566790391
72,0.2767699075733629,0.046470983224304936,0.03325275863127977,0.12500791725883256,0.32758322350751434,0.025562620912429113,0.2387789988667822,0.05020367141249867
73,0.2668983968959435,0.047146158645078325,0.03208396389855127,0.1246424199304469,0.3322612876913401,0.02366246524257482,0.26017380092458836,0.05061531176776859
74,0.2693051118955668,0.048028504767338435,0.034658943556791014,0.12724459787270273,0.3211948245834292,0.02578746808093325,0.2446613389143297,0.05204598664270132
75,0.261967595015725,0.04767201678008312,0.03308921080865063,0.12776924561360342,0.3160116279520309,0.023965972678572606,0.24546024145907427,0.051687132262017696
76,0.27478660004711924,0.05087139083188541,0.03506836007722147,0.13126487286554386,0.3153476312877149,0.026167531159971426,0.23668260859723045,0.05156197140715646
77,0.2702971440242744,0.048728379304492773,0.0326858404557326,0.12751254628941094,0.3377474447159916,0.02527579727553184,0.2702818083878152,0.05284933791364864
78,0.2761726552249093,0.04633268335059131,0.032103289647773134,0.12497335833136758,0.3548194119458209,0.025202236748544476,0.2821288339747397,0.052590083251324346
79,0.26932701101687156,0.04872200333031868,0.03397707342435599,0.1295575596659878,0.3533181515130692,0.02507149840613226,0.28319041459411554,0.05237282354909041
80,0.2683001057037487,0.04651146839372438,0.03418853103711353,0.12864064480812204,0.3259395525226243,0.025714629534946878,0.2579264509513627,0.052694515244256314
81,0.2653913082644967,0.046574443353177085,0.03306307135512217,0.1281066161972931,0.3378908402758614,0.024254342665434924,0.26101631111733475,0.051564388875880794
82,0.28719724137353975,0.04756023548122233,0.032622861962111095,0.12671638582291733,0.34591738790834026,0.02494165196573696,0.2537417717700399,0.051488838798701614
83,0.2890240268145835,0.049185150272837846,0.03223775527225581,0.12609419600801514,0.35748186524370545,0.02436033550930768,0.2628215989313901,0.04943159432030583
84,0.28036950389106957,0.05109683810803593,0.03351595705249635,0.12709320031900054,0.348604454818567,0.025322803737669902,0.2573879723640511,0.04835388568490204
85,0.2643075380330037,0.04883427311715427,0.03287645096735593,0.1263872576886868,0.3298399421857287,0.024382820122568056,0.2699391546126628,0.050222181660276165
86,0.2721213521556638,0.04817409563861914,0.03407826056151037,0.13062902768451745,0.3217014733767204,0.025487279642581656,0.2540263733391651,0.052121879315949735
87,0.2733038163678738,0.0496017029289276,0.03313386326669604,0.12815818747227842,0.34598032457216027,0.023566912572630692,0.2696783607698602,0.04926467923007892
88,0.272342790185451,0.0486606083668873,0.03375282446810527,0.12799000935041327,0.3416331872217608,0.025447999023830884,0.25774255775029214,0.05250985251882814
89,0.29335096738990496,0.046446237297358486,0.033148215712782945,0.12745079951778773,0.3412368259425302,0.02336356152849036,0.246137960523961,0.048917240094858795
90,0.26461527169054966,0.04661240052358734,0.03274485290089534,0.12519453640031036,0.30979436698108476,0.02302763016166295,0.22433215774384802,0.047215466451118404
91,0.27126999109743755,0.0469378063512088,0.032372109350425525,0.12853619476723332,0.33472114338366776,0.023348879017697208,0.2686460512812632,0.048275662993826594
92,0.26502750953200405,0.0493510952535817,0.03418246214038639,0.13022388595926285,0.308897644317923,0.024154000442526934,0.2398823243000413,0.05142472035033779
93,0.2654371493623353,0.04686311038837311,0.03261326713495519,0.1268397085337028,0.3306437080706485,0.023725621496873867,0.24970794323089118,0.050490101544813745
94,0.28563287536764975,0.04655479258094781,0.03224821758932426,0.12309309501048134,0.3595392588851498,0.025124615596583494,0.2793238031933956,0.049313400074903285
95,0.29317864404567223,0.04659685106264859,0.032446509403731644,0.12553842637913432,0.36669793038517967,0.02527899342223248,0.2791016897975585,0.05030498780275022
96,0.2980348205719678,0.04852791716572706,0.03271165156298954,0.12534128860265906,0.35807821755936053,0.024201268764939502,0.2694216589698604,0.04791563563087722
97,0.2767926057381544,0.04666134170187618,0.03166090303251214,0.12545571442867684,0.34315852519334406,0.022335686028822226,0.2644837703646847,0.048320204923099554
98,0.265511455234422,0.05056122420094253,0.0341705446665669,0.1298338506223648,0.3144251442042946,0.025576339017517404,0.23478313040975,0.05091816346806854
99,0.28566609462565984,0.05075804393560185,0.03327371377387707,0.1290414693037081,0.3552839687436288,0.023933235175963265,0.2807305653540218,0.05161761663263909
