Episode,average_time,average_energy,average_time_local,average_energy_local,average_time_edge,average_energy_edge,average_time_random,average_energy_random
0,0.3722861709267013,0.022603530627287437,0.04882706509984604,0.1334336831988764,0.33280500325398565,0.0266255270145506,0.2679009836311696,0.054336925727768375
1,0.3767781952840408,0.020639687862424157,0.04640799687542295,0.13022880560799507,0.35894182230132654,0.025063532978628768,0.28625762218919165,0.05186620954737175
2,0.39633516769453103,0.020758867477769966,0.04740803415910656,0.13436529821866158,0.3368926359533665,0.02438860391689043,0.27009253036154857,0.04967896589976245
3,0.378127052284406,0.020849064320593205,0.048006650401815384,0.13295221438958932,0.32883768069033403,0.024458601183588575,0.2558180262167534,0.05076837588765162
4,0.3979194364667237,0.020857932153522687,0.04681727004740357,0.13136545573457775,0.376135036461083,0.025340194123741742,0.2990702556202105,0.05212499438383979
5,0.4107206801612061,0.021549846530824545,0.04751191304437196,0.13156082344546816,0.3623691033384147,0.025461531855466842,0.2901316620192526,0.05287219056904002
6,0.3696205841722885,0.02051616753176278,0.04460505222425473,0.124886439660282,0.3274659279950769,0.024005145649225193,0.26617012406056245,0.04829939002980267
7,0.37027262168020303,0.02039978327924917,0.04622410859094403,0.12861474780805215,0.3464067668992002,0.02446638415475103,0.27296592659433827,0.05027060276990021
8,0.3952480538845047,0.02188042574498653,0.0456596487983012,0.12798959468128335,0.39363574234177345,0.026388614931407633,0.3043837234016651,0.05098833377538552
9,0.4007169945902892,0.02328114284791779,0.04747853027424004,0.13083558556955466,0.3550436509047573,0.026947567631613614,0.2581083401791337,0.05131039052357046
10,0.3887919882229002,0.020782919808864857,0.047170119146120876,0.13221738646194245,0.3321785351951492,0.02430669008484952,0.25007050185576263,0.04988335772278861
11,0.4065908495346736,0.021874257132605667,0.04602991434897842,0.12998462959999846,0.3653465724627862,0.025675878464716605,0.2740392047374105,0.05003415865385456
12,0.3935507983102174,0.022907507262780603,0.04782961155240395,0.13229207756597583,0.3598091979444131,0.027178139334956775,0.2760022466267549,0.05379637130580035
13,0.4040599366219119,0.021884340520139847,0.04789879378061604,0.13439193223215154,0.363355068219177,0.025678246498627624,0.2862182586007049,0.05420216928927784
14,0.40074870155702796,0.022909667050885114,0.04863013323054706,0.1345518239776976,0.34108330208556104,0.02638356621402498,0.26036668118529854,0.053169942214399676
15,0.4096448108815565,0.020826403627493856,0.04618240093342054,0.12884066294022556,0.3967982980205155,0.02563151220755289,0.319337957083514,0.05157813267255779
16,0.40298648463315384,0.021277889275870522,0.04848759210149114,0.1348165439744119,0.3553276094093339,0.02504061944767969,0.2595405868762443,0.05281514818789649
17,0.3902458111464636,0.02236833213234863,0.046059818120466556,0.12759720730105945,0.3500891794471511,0.026145625608241137,0.28755613647915135,0.05096456015579394
18,0.38632236378955653,0.020061298504604714,0.044946848068574664,0.12476903837111532,0.3644176190773858,0.02426016034313657,0.2878056705859251,0.049093966835588455
19,0.3983159729900494,0.021632746644030667,0.04866175343402593,0.1331388632034943,0.3724907142892133,0.026236392279544215,0.29968447632804374,0.053143501019593066
20,0.40649866142270463,0.02145800476760587,0.04885344173633732,0.13637225072577885,0.37747796644947085,0.02581310085399337,0.296797632534593,0.05396811879468595
21,0.3944361123724177,0.02227663578168325,0.04870761134656956,0.13528166433102032,0.3564427443875167,0.02628260305724519,0.2888022884370976,0.054392593330915846
22,0.3920527059151559,0.021117108556208797,0.0473025633833318,0.1313563208107186,0.34092004880572746,0.024643746247236187,0.26528757870022535,0.05061456258649252
23,0.3912983357840359,0.02088615284839184,0.04460114777189118,0.12567527546398324,0.36274090086564165,0.02488308739058102,0.28424286337591037,0.05122095156691168
24,0.37415345691028995,0.021506057300292286,0.047891479869921164,0.13187362785007745,0.32880353745615487,0.025443058819131264,0.2650129442469707,0.05443842073572319
25,0.4128290706319958,0.023055609230007736,0.047422835020482515,0.13199144817975508,0.3839531659228977,0.026986340001964582,0.28421756509377305,0.05589360030609054
26,0.4055831194417727,0.0209365197653015,0.046896038709471455,0.13068992671661453,0.39990795734740303,0.025523157994142842,0.31242637179715793,0.051781258784430094
27,0.40572090955937834,0.021448822814312485,0.04897666785659125,0.13527174574344947,0.3628512103498077,0.02512729097086812,0.2665079361567012,0.05181272754724085
28,0.40234671649142006,0.02270488079933815,0.047027169756792685,0.13080371303843524,0.3898008393174306,0.02717461608959016,0.3011336942617001,0.053960992089964854
29,0.3924170989409552,0.019957537000011495,0.047275670445640156,0.13267448270904042,0.3372357572599242,0.023549412486807836,0.2726272964768092,0.05076920139439488
30,0.411180320640925,0.02123715515276704,0.04670735602580873,0.13056428198481462,0.36477106753000826,0.02489412320566307,0.28242527973472464,0.052304781919236244
31,0.39161034709207154,0.021480784007481893,0.04710303810146989,0.12977553893860885,0.34561208924168996,0.025102241298175263,0.25419674296404265,0.0509357664814706
32,0.39219025949587794,0.02085803793542686,0.045435756132284254,0.1276104938375381,0.3684877998589766,0.024779103996243383,0.2832708385229863,0.05017557002492621
33,0.40452784319557045,0.020844597667810147,0.049302726300499006,0.13849083986266356,0.358293927805873,0.024676988420837806,0.2811723885208259,0.05420159889163815
34,0.3984980299974408,0.021556523944290893,0.047397273000710005,0.1309920320250723,0.3726155886951142,0.02589444764984652,0.28221781780332605,0.052677514652284645
35,0.41628401539941917,0.023655541330641985,0.04947030279161686,0.1356877716201028,0.3595605373077776,0.02728715572949351,0.2700523512993188,0.05421745239866038
36,0.3818742676131325,0.021614515464066765,0.04812031166121749,0.13453190528406078,0.36982826584379325,0.026411483928928507,0.29811743196880625,0.05400561888702893
37,0.38257587245339136,0.020095878281718986,0.04541410905751245,0.12766115447267687,0.35256017167001225,0.02385773285100189,0.2709438174486925,0.04921594778038061
38,0.3997727906348114,0.022141313739909227,0.047206745950775605,0.13151731900865976,0.36100381881319576,0.026174482853149352,0.2884968838928441,0.051570948881832175
39,0.3934407573792863,0.02138773304723439,0.04646370004661696,0.1309161949276926,0.36714875173018474,0.02557035582265475,0.2735422280620966,0.05280663366862674
40,0.4069448758176216,0.0218539032626561,0.04735821522684906,0.13126485423159534,0.38892972495139533,0.025994581918341267,0.2924361284468362,0.05390466694055299
41,0.3862846864497236,0.021000790270545088,0.04750272985102226,0.13177298625097653,0.3325033888143663,0.024607678967502874,0.2622587905051237,0.05146826719399791
42,0.38941432078029525,0.021874308114600977,0.047264863996637985,0.1323159761391929,0.361799349783042,0.02605944500411945,0.28737517154919057,0.05532071701480168
43,0.4037033394454743,0.022043363418471407,0.045861510860355746,0.12793338936044418,0.3841967955980728,0.02644843042370002,0.3029003436281395,0.051933906212338066
44,0.39223570900667953,0.022695554221722602,0.04816620049492022,0.13312228841768023,0.3576246593700655,0.02680463953371044,0.27898303066572433,0.05208823501860666
45,0.40900120941008944,0.022793075959241463,0.047671472589110614,0.1327067226586383,0.37178366328242346,0.02666346856477512,0.27786020663415306,0.0535166367886421
46,0.3919225122600534,0.023248581683531232,0.04868348344443911,0.13394519328577106,0.38774662070345955,0.02802657345366466,0.2952986765835538,0.053954602615076175
47,0.38321974190076624,0.021952939857409755,0.0470355400710208,0.12964693254494747,0.3658451288872694,0.026245971407712624,0.2936343344945363,0.05270289819457217
48,0.3989215615468543,0.021063331907156792,0.048387055480113614,0.13456410303191063,0.34441909349271005,0.02471357154297435,0.2661157565759796,0.05196340254696931
49,0.40290590821304595,0.020600161083385565,0.0473228126002558,0.13069598684884506,0.38467407815574706,0.0250183297712904,0.2868292417932492,0.05171110005674529
50,0.39275439643427534,0.021227424292624673,0.04700535654503647,0.1318956331534693,0.3663320814286197,0.025292828629756032,0.28938423506249783,0.05270493690471353
51,0.4095075975617665,0.022317995363933116,0.047867786886353667,0.13352000066406539,0.3556865085661924,0.025931638076295373,0.2658206387844938,0.05279609297411465
52,0.4184084040145523,0.023811072110994112,0.04874755994002061,0.13210559679721862,0.38584016587754766,0.02801568317817057,0.3039683888846228,0.05346780622336746
53,0.3933178512801564,0.021647167142291746,0.046645429239313044,0.13046338641879204,0.37879910487462004,0.02616757809084054,0.3021253054102425,0.051860560329665586
54,0.37759014997727175,0.020774410434395242,0.0458909307584555,0.1287048811898267,0.3581791380767858,0.02502770199923192,0.2866285732643782,0.04932194637980939
55,0.40515763292595663,0.022807755641088685,0.04849819536583878,0.1338663506290836,0.34474839513400085,0.026265821243421573,0.2690661038594666,0.05339427755322245
56,0.3846427501117672,0.02057542367443253,0.04602885103026442,0.13033574082292837,0.36801086011589823,0.025143511211275237,0.28968823859747345,0.05209572333590115
57,0.40004287145903444,0.02104651207653532,0.047720346712456965,0.1327647462705127,0.3687773483532479,0.025285617139054233,0.2937075365298444,0.053005878293811585
58,0.4224039290169017,0.022414066548430627,0.04702420857512496,0.1304933514250837,0.37218763686521433,0.025979303947532412,0.2770828104001755,0.05237896526689348
59,0.3923272748832563,0.02080195953112435,0.04767610574239311,0.1314587777691223,0.3485215315603634,0.024726385371311534,0.26594705942673746,0.05250764979176105
60,0.3896735478055365,0.021532385639662775,0.048318071333744425,0.1346352356354703,0.3561090831261737,0.02582970203102865,0.2872666413088651,0.05337689796098369
61,0.4142018093208746,0.020153038902116328,0.047940301047310216,0.13407181667174514,0.3738230412298544,0.02443937999059608,0.2813236112820673,0.05200010217424302
62,0.3884121171015078,0.01961643718435077,0.04654722519775414,0.1304920595124948,0.35004688406946705,0.023689549395376205,0.2835075355760503,0.05007989507176254
63,0.403430582822888,0.02287817087660937,0.04856507783621233,0.13329966295365503,0.37098364360564773,0.02703757881706069,0.28122082140261895,0.05267726416929031
64,0.39053116591299974,0.021046833935228777,0.04574594208544641,0.12810988385521538,0.3803498051827401,0.025546712248759366,0.3010427544760034,0.05342457058943992
65,0.4122889610786421,0.021942377277471545,0.048077213328443724,0.13334953465931215,0.35317832382798914,0.02539767643991817,0.26192912484434994,0.05149238321350568
66,0.38090024292666763,0.02126918340213246,0.046508166431073535,0.12807381965725667,0.35264497101636866,0.025354066328610703,0.27302827953130115,0.04964242561005904
67,0.39615649157521254,0.020694170964135793,0.04713319011584093,0.13162795061661503,0.34191763573274186,0.024459207870446035,0.2620602507780978,0.05112226232863303
68,0.4183993860117186,0.02375767540765254,0.04832248240504723,0.13232228557854325,0.3751432470434693,0.02739473115911946,0.2823599918332735,0.05443359458599103
69,0.41033566881170097,0.022587367554525176,0.04963591720901628,0.13704221265616726,0.34762066856710344,0.02612035233796697,0.27124335917522896,0.05326630531365237
70,0.39261860053199127,0.019770181532372495,0.04698194520017896,0.13259791137905533,0.34920598634374156,0.02374558348024972,0.28119055901632856,0.048709070840462776
71,0.388572582782649,0.020194162673274667,0.0456560857556943,0.1301920774770796,0.3441152223404307,0.023847021828560102,0.25860953357191685,0.05111609719700416
72,0.3884034461391022,0.022173768464712026,0.04765589114824203,0.133292035977213,0.33749847220580265,0.02580689048604792,0.2677267710369956,0.050390550875820415
73,0.40275610890016617,0.020898461316862002,0.04679685292134987,0.13017207895334065,0.36581210685989635,0.02524178420015591,0.3029112127127641,0.05104600281530509
74,0.41079839764614656,0.021222050809392805,0.04780768455171906,0.13331882380086257,0.35684951385078006,0.024704854496913196,0.26928753321541854,0.05176993369434792
75,0.394535349410315,0.02215047530068037,0.047592451396434796,0.13121810000257117,0.3493782749029336,0.025812821389106046,0.2594039232945833,0.05126494443430293
76,0.410142160626739,0.02315624940389634,0.04747281120999446,0.12970035757142317,0.37412050446242373,0.026971412192232043,0.27637666624211665,0.05294250993124164
77,0.407066399909926,0.02152383229556748,0.0469190053043205,0.1297035622918103,0.35705492875061395,0.025174894920068653,0.2722107207084478,0.04941022134924017
78,0.40167144569128854,0.022697473921670607,0.04934630724450902,0.13629070692759038,0.3714816455674816,0.027055340537277553,0.2976856497098374,0.0557033543296572
79,0.38652245183608336,0.021950664597597768,0.047604392738426676,0.13165811918379625,0.351524403407963,0.02582383383501726,0.26800671389023467,0.05512002794864965
80,0.40435579305301067,0.02256761710131191,0.04745729515047693,0.1324430129262862,0.36791720835052405,0.026536044330989175,0.2828166709429122,0.05195352169173581
81,0.38170618359314995,0.020931954027003017,0.0454016693786118,0.12756812117437227,0.3599827074867192,0.025014722626628728,0.27200846589671646,0.05084973547601686
82,0.4076538118110047,0.021013696169397286,0.04641729953089183,0.13076995382790296,0.34796036377680867,0.024437949615418057,0.25325008571876706,0.05030869992251485
83,0.40206181521320605,0.021391497376658717,0.04683151222584589,0.1312610491167608,0.3667269491778695,0.025497089282595968,0.2871478061211377,0.0522998271588519
84,0.3957156496287384,0.02131106295593247,0.0481652831496775,0.13408377547183747,0.35494904428287427,0.02529632840034308,0.2835659739367941,0.05220343714039192
85,0.4045583238895509,0.020561981401412317,0.0468387663870473,0.13116224332284823,0.36523877742038124,0.0244844076477852,0.2798442062732063,0.049872359992469785
86,0.40590207462437944,0.02274614475304265,0.047190642876570946,0.12881892247928842,0.3897485707073095,0.027222473575761044,0.30570836794161155,0.05352253497482929
87,0.3912910244091849,0.019164895311545225,0.045372063599116316,0.12669690356173396,0.35544769924445907,0.022943761006768763,0.26275611135184296,0.048329249385728155
88,0.38218624435410314,0.0222884725207064,0.047666411171932516,0.13131736637040542,0.3659798133751584,0.026735956164524736,0.2915275640532669,0.05297745602795555
89,0.4112536943088646,0.02171431567529958,0.0470950940479355,0.1315544687865885,0.3917631660500135,0.02619357540461837,0.30296003467134086,0.051666999244012045
90,0.37294485135208155,0.0202642167430439,0.04545160509817306,0.12691903165562624,0.347768421489735,0.02445321141828134,0.27337905395652756,0.05186387013185451
91,0.3738553350030306,0.020658920319864264,0.04697611988752923,0.1308057881106478,0.33729421119842246,0.024398866575917617,0.2512707899713622,0.05238648456431914
92,0.4036659679873574,0.02211257911009044,0.04803886254871915,0.13366980455977412,0.36898100341861173,0.026132121504967982,0.28950696965673023,0.052893310433476656
93,0.4022653167576635,0.021266868780432362,0.047220082592927023,0.13265390578442626,0.36281292832031525,0.025076281301305146,0.26345113657124164,0.05146206354833797
94,0.41044333033089003,0.021575374308172978,0.04626740434499323,0.12880561242773775,0.36851551836659496,0.025514649873477555,0.28437175676018933,0.05035440362871513
95,0.3981351698074721,0.023242304550446114,0.04708487793778241,0.13076930938944387,0.35648578265909714,0.026821614316244614,0.2673105267140919,0.05337441555280795
96,0.37751340410855155,0.02091146179828256,0.04646929806943205,0.12818885797974572,0.3340920566418749,0.024288896025612204,0.24757859893461448,0.05036484959414739
97,0.42219012331407546,0.022639420851498917,0.04709910902511633,0.13254634172455063,0.3946134585014314,0.026802901111035796,0.29770704828389066,0.052897607884623304
98,0.4103571725845462,0.021348183957126718,0.047791650920256834,0.13467610255767384,0.35088995094319514,0.02506023981596515,0.27645729843221795,0.04944285952024943
99,0.3971705211724351,0.021349933368917558,0.04660699535259383,0.1301732641820621,0.3679078485760899,0.02554799754333818,0.27445403906941135,0.05135325205594944
