Episode,average_time,average_energy,average_time_local,average_energy_local,average_time_edge,average_energy_edge,average_time_random,average_energy_random
0,0.40610061479869203,0.02309890923138155,0.045322906603209104,0.12846267869240816,0.35690546519337674,0.025243600212578477,0.2686787981478405,0.049815581831340855
1,0.41139958041958724,0.022613846900896815,0.04730585711151366,0.13136571058843607,0.35690433635203317,0.024803324882619215,0.27117200278260795,0.04983163366038015
2,0.4239884560094914,0.02364394699635267,0.04818278456612974,0.13343238135338717,0.3753622436154517,0.025933848774467572,0.2817800916092835,0.05064835422055047
3,0.391759888053134,0.02204547619527384,0.046037175000111,0.12909892289777197,0.32630867166075345,0.023780303661556035,0.2515284220331259,0.05009445009223404
4,0.4459148903482943,0.02372023937388383,0.04741813206145923,0.13230032256951557,0.37466000732119165,0.025584724778813673,0.290717036913606,0.05496003573521794
5,0.4154519566067745,0.023804779470536833,0.0470896515951292,0.12889410400363674,0.34564796863867614,0.025413963806245735,0.2757631503049344,0.05068686591363768
6,0.4288848015520429,0.02291162652215274,0.048222530674939076,0.13395953177208578,0.3734258946985274,0.025161185692684267,0.278428551332606,0.05234393466457522
7,0.425022908088056,0.024827533636039324,0.04789328292986722,0.13180020320850794,0.3707503396424083,0.027129859433645688,0.2789913277689536,0.0529503612056592
8,0.4448551993802365,0.02278458443679479,0.04766050095137077,0.13365286328916384,0.3848153954421596,0.025054028594532818,0.2993772457835998,0.052764134384580635
9,0.3821335739721172,0.02256455396626416,0.04505418129224949,0.12350568546343826,0.330231969114649,0.02471072780354491,0.2401072655597066,0.05018415164293859
10,0.4388645878696803,0.025783978364017395,0.04786105159387952,0.13082369900855043,0.39325125917338016,0.02805648388304845,0.30152232668049717,0.05211891254179141
11,0.4366321852615702,0.02437703092222604,0.04790796437075716,0.13116619522939446,0.361679808625135,0.026314872641429822,0.2837712487656429,0.0542427436848877
12,0.4497099732832882,0.022931479593903258,0.046994943608738224,0.13137665449478417,0.37523670085104543,0.024606378747721532,0.30185799655687046,0.05107010517442487
13,0.4214014742350525,0.024270788369782127,0.04729653466047766,0.13129218016073482,0.384175372387959,0.026643453207876065,0.2876762486645993,0.0511743204766086
14,0.41597198385514855,0.024711695028158575,0.0468961823742403,0.12942608836795413,0.3791559855873115,0.026861978399270115,0.2807067589484643,0.051920265456030415
15,0.4371219520375975,0.022310899863418825,0.047315407692720315,0.13228679547671815,0.3634653251821428,0.0240586069932499,0.2901198962746842,0.050861283561992876
16,0.414258115857299,0.025283613749996,0.04720911526977791,0.13050200042016039,0.3484643898315375,0.02712889933834086,0.27078745704580975,0.05404431419004843
17,0.4260186140201955,0.02260851310323015,0.04670887189014683,0.13160331537243117,0.3700738521008474,0.02483367692344523,0.28314388865347034,0.05190634113003381
18,0.4185508405227959,0.024204703230524288,0.048288150295163666,0.13312375778032984,0.3480316262161841,0.02613293724605566,0.27385750937680786,0.050966743738507535
19,0.4203511677632068,0.02327850651885494,0.04742002012363036,0.13263799521646852,0.36672465387084113,0.025689060783735757,0.27067603762457093,0.05253665128482217
20,0.4046896407912063,0.02362989272421341,0.04810061241112477,0.13263842143199447,0.35187391309340327,0.025993852744452012,0.2573745647578243,0.05210277171916131
21,0.4487968872580293,0.02266770103400134,0.04681086981891663,0.13214072475769706,0.3776934212295057,0.024320102247789497,0.3047493601827068,0.050455122899418975
22,0.4019309063142811,0.023941065601321674,0.047502561351538464,0.13055187547421931,0.34376228368932543,0.02616903247057298,0.2557883390055695,0.052029616037906214
23,0.42999984815055414,0.023794276711864615,0.046431963751851366,0.12886217432672153,0.36619006139972277,0.025628186701047682,0.2891099058958293,0.04991654598249602
24,0.4213189707820959,0.02364373869939935,0.04686571469487178,0.13102701947537648,0.3714214983378319,0.025780546895778217,0.2744349474595015,0.05236428575735319
25,0.4360486315053689,0.02488199229446202,0.0494280651437519,0.13582859352653046,0.37000693447178945,0.026873900471313054,0.2864034815804303,0.05466595452750986
26,0.3952526399523942,0.020956412249705098,0.046585390544270286,0.1313182807316621,0.3235127108797098,0.022919618848716607,0.24782687338967016,0.050989725618250784
27,0.43374678153853946,0.023651342491845813,0.0467832005395024,0.13273264628078016,0.3607013556280173,0.025496628080190677,0.290826589740164,0.05241204293189825
28,0.41412706520633213,0.023578789195432808,0.04655723923910814,0.13047813508517925,0.3389607575164676,0.02524159715033195,0.2723697802660985,0.05214242948776653
29,0.43467735574947297,0.02419963270394504,0.047540368605951205,0.13015473380358633,0.3835069681617457,0.026461250589233085,0.2910860203982924,0.05221870821706085
30,0.4414900808364733,0.02449087066666633,0.04823388499701705,0.13263952260820144,0.3667289755286103,0.02626837212162485,0.29704825026191434,0.053628116926365835
31,0.42576346709054513,0.023572820497731517,0.04595502280861723,0.12606692521358606,0.37498075747155457,0.025830491970588138,0.2857765528212628,0.050157792808740276
32,0.4258991132581721,0.022809978570159328,0.04520498869959116,0.12569646570106197,0.3724835434424151,0.025043586907009117,0.2852113956137326,0.04974695487502582
33,0.44017173577835733,0.02437975483065626,0.047432640103248165,0.13222422244109935,0.3809059095266796,0.02642980506520163,0.2983824177582872,0.05202288741238129
34,0.4396458365358801,0.02266663017941684,0.047326430784402754,0.13253213725919927,0.36368803606479405,0.02437976488891687,0.29425714760771604,0.04967012687178887
35,0.4018495042469148,0.02285210129423999,0.04700357623416149,0.12893775850021316,0.3351182087589216,0.02470649008967622,0.26352620209393635,0.04952113985026286
36,0.4151674165494398,0.0242710185851849,0.04571365857580707,0.12639791887365304,0.37134496761396396,0.02654352410421595,0.2778231194142128,0.05060595276295891
37,0.4376649483184335,0.023200757686134926,0.047490909214390066,0.13138830746420962,0.3579613156404837,0.024905638583667716,0.28151828111151855,0.053901000500259644
38,0.42660609931978855,0.02419891788944556,0.04643575072092572,0.12976813915505678,0.3757112551958321,0.026306398519987065,0.28209754539120063,0.0514515510010726
39,0.4015295440966111,0.02239974191059496,0.04562282802506592,0.1275405295995546,0.3509735001478573,0.024559871953408422,0.2584004098423876,0.05122292641159542
40,0.43049053641766444,0.024120949625606486,0.04783540939731538,0.13314167611315808,0.35752749798493927,0.02581898619942795,0.2871188665090436,0.055503909269485785
41,0.4295638409277295,0.02344750647234595,0.048088810649997676,0.1336147895902651,0.37514597472787714,0.02578802875451187,0.2864668133626793,0.0536411672685518
42,0.4345451726313104,0.02243380291219919,0.04636502150936064,0.12915123680963128,0.3658896138293098,0.02407927891716268,0.2936990609974785,0.049042766277375735
43,0.4199929306856394,0.02278031098922801,0.04570690330058252,0.1279860498084254,0.3757618791278689,0.025025864949256404,0.2742313889458588,0.05226697926517358
44,0.4139709560214876,0.022271915358446227,0.047380206802504904,0.13187404713412137,0.3486154495822684,0.024385498899497985,0.26229164005584016,0.05307677930095732
45,0.4433010113324646,0.022570916352878407,0.0458493398659377,0.1278215739484933,0.3804305573391467,0.024654351478096716,0.2941450211840978,0.05032917234549785
46,0.4502441772953316,0.024003734182992148,0.0458913606270082,0.12636290258708507,0.3748721900166473,0.025707487153225926,0.309154372355212,0.051507250247061716
47,0.4446793755148373,0.02362876429651927,0.04764379625586467,0.1327964668489205,0.373622549871059,0.0255922088157342,0.29328576827332503,0.05316051121060869
48,0.4150436017314113,0.022101713414523112,0.04554245889958945,0.12740960926442696,0.3618430406115016,0.024284879747213668,0.27388671424280053,0.04917247679851283
49,0.3886610485373261,0.022871778344935763,0.04626755096366269,0.1286895986307151,0.31518437198899596,0.02452417955872392,0.24785562253865445,0.05065920021035341
50,0.43661898811103017,0.02297694260008751,0.04854838957494811,0.13406435371746675,0.3697932091071871,0.024900124268315012,0.28940904362355574,0.05166131319682369
51,0.42469819342279763,0.02230628004143364,0.04661117213569965,0.1312682030697758,0.35016025290985714,0.024136434915164262,0.2782144905653498,0.05160956636855352
52,0.4389774543583679,0.022806374528937655,0.04498149185775396,0.12546284970267757,0.3649068658050383,0.02443165157046038,0.2939363035260237,0.05184375984541788
53,0.4247427107134613,0.0243805122542934,0.04806966696249191,0.1334811497690042,0.36285176328495705,0.026282914719211566,0.2828997926143652,0.05302013750717631
54,0.41900740049512625,0.023486844498952275,0.046609663921118684,0.1300286277232916,0.35857096456428883,0.02556366331082701,0.2755898193930105,0.05098114067157365
55,0.43834245075603634,0.0224520814316808,0.04688307697954624,0.13265198993021804,0.3678457649196356,0.02429170995914202,0.2968001298514622,0.04968817598782485
56,0.4251221037042592,0.02520394848131675,0.048729138523555066,0.1333098395920983,0.3614531271433514,0.02723804284305028,0.2759990611435907,0.05431415529932607
57,0.43221507597858977,0.0224806253151261,0.045557349736978045,0.12858120698038045,0.3863367799715641,0.0249197266201187,0.2892966997567159,0.05124007283697153
58,0.422436088038502,0.022868360217252408,0.047061750296646124,0.13172811022086792,0.3545993034405933,0.024823659477447,0.26915203270895516,0.052701517818127555
59,0.421650926093374,0.023473874196652814,0.047799743712316316,0.1321603659399943,0.35796769687709984,0.02554775903539297,0.2735163135683953,0.05211810220437963
60,0.4269973164540896,0.024754870819991226,0.047583934522250654,0.13352907813980042,0.38638902429160715,0.0271064846778436,0.2814351201572876,0.053938543611458806
61,0.4161117378954141,0.023120616332206037,0.047714692205576587,0.13201977293640463,0.3550808613562429,0.0252689821229867,0.2651251789157858,0.054009377963575814
62,0.4203401942910135,0.02360014063412041,0.04737234714582258,0.13016992728776572,0.3582991168144924,0.025539878981742297,0.2793941367710752,0.05029386816375524
63,0.4394569100273949,0.02306293617320802,0.045756397247407404,0.12828996145192284,0.37232881816581553,0.024910884564018382,0.29320538475014635,0.052303764333157136
64,0.433217411554962,0.023575273575546105,0.046796360500062834,0.13323838982071656,0.3787738307510326,0.025848192223915375,0.2911860559575059,0.05129187386377574
65,0.4226728904154433,0.022885797259524023,0.0471342219089751,0.12948981995288605,0.3539846746948496,0.02483852244997168,0.2797757010862541,0.05048113776017311
66,0.3893350650906402,0.023385661972357343,0.04637101301758223,0.12839321564487194,0.34302604726980757,0.025649928108039476,0.25791319891599174,0.050038381284215554
67,0.42232147199521836,0.02480156208549067,0.048551085864720844,0.135463607088456,0.36484333626339643,0.027083555533949775,0.2720417596105027,0.05321949029616608
68,0.44395583416712436,0.024310460242596168,0.04781394428535224,0.1325426912877363,0.3812361077775068,0.026251642011212863,0.2995518074102015,0.05319322994442991
69,0.44130455991315687,0.022450941902756896,0.04583001951713982,0.12904137389077563,0.39426594150077987,0.024677582612782224,0.30142139146990915,0.049742459025645516
70,0.4075490738096177,0.023008378796137072,0.048701132271664685,0.13718546462055392,0.33587374737387393,0.02482824410114546,0.25812930276773693,0.05187712227578878
71,0.41953586232674445,0.023673666573708018,0.04722680123532175,0.13170042693260625,0.3554251463406743,0.02559052702428845,0.2731325743029942,0.05329131137698782
72,0.40883411581774387,0.0216511181252333,0.046056959564398314,0.12917705906046717,0.3320394693430605,0.02325485553792611,0.26356374838271746,0.050749319873490614
73,0.4179283241446621,0.022667095277407838,0.048093340360781146,0.1325762131730334,0.3400281202974126,0.024513013082761336,0.2726325023269984,0.05086160408923485
74,0.42475239252555996,0.022085193956721347,0.048428995286647736,0.13453749668602977,0.3553638776616575,0.02404840055573286,0.26830504360446683,0.05211850732526702
75,0.4450839973795103,0.024349566075669887,0.04821719884015971,0.1340624566960949,0.3746340806004646,0.02633412035677917,0.30028643699150226,0.052699135524132544
76,0.42839127461405313,0.02450522432086649,0.04678627995199254,0.1308611455161365,0.3775479989394784,0.026837759573350467,0.2849124764299755,0.05342941113479894
77,0.4054729520910104,0.023590626408243873,0.049147806493679703,0.13742488474448092,0.327457866312988,0.025288662982065342,0.2569284675843145,0.05497358605212317
78,0.4402595382339967,0.0226628517107,0.04615073995783539,0.1294137372911272,0.37856344365065603,0.024747849912070533,0.295251391004954,0.05101546863555945
79,0.45379989267329635,0.022807619396090276,0.04644624619822506,0.1320564219193896,0.38111203094658297,0.024687561284076974,0.3082754293811203,0.05344262428847742
80,0.4239664250645629,0.022269627362924607,0.04738672389123799,0.13178522211398025,0.35727459649116267,0.024343362561178528,0.2774657990528685,0.052559227573461986
81,0.4142952094270079,0.023454348536217334,0.04805941382449953,0.13264866635221065,0.3637445525403894,0.0257833684464383,0.2668785100843363,0.050638875093358675
82,0.4178763922375949,0.023251167469437267,0.04771759696794613,0.132398768966196,0.3518826912327653,0.025279933424834398,0.27526793674208894,0.05135588699336957
83,0.43418398976301303,0.024598590556321676,0.046791915014932656,0.1302569372106279,0.3761322925631988,0.026456800764847025,0.2957879319678369,0.05201505434915824
84,0.41865457396645206,0.0228090464304839,0.04882375752307837,0.13678729372603882,0.3688682081448288,0.025225112440733898,0.2681787652829019,0.05273996791101474
85,0.4276944667543608,0.02130967660696482,0.04687242949963236,0.13118862056780395,0.35817056068304837,0.023541779599134744,0.268567961504551,0.0524490399032607
86,0.4369976064029766,0.024158661823712894,0.04735576084649921,0.13094810165410448,0.3712687554677939,0.026100532548274477,0.2930829526607808,0.05168118033571122
87,0.4271942188232185,0.023427234642507993,0.04802092440509238,0.13302698935505988,0.38621078655685415,0.025684906115364614,0.2845757130680312,0.05001220695351675
88,0.4252784422602017,0.023893129788329845,0.04680271611191588,0.12985228308923677,0.35574766044878803,0.02565587101926626,0.2825457209667651,0.05098619964583568
89,0.4134650477530199,0.022882743168912364,0.048548350477812294,0.13377481485461995,0.3339444929909553,0.024600927446792382,0.2737314380703134,0.05236635931766061
90,0.41019858895200983,0.024089306660799975,0.04826741502455985,0.13489709371681527,0.3377630306813121,0.025812726870111716,0.2689481641694177,0.052028526320514454
91,0.4114168547283816,0.02387683581719047,0.04750168099611698,0.1323429863234963,0.3546085159975909,0.026055792343052334,0.27022918173765237,0.05108351781283524
92,0.4410388120612773,0.025554638735746794,0.04724898382617356,0.12872929361365595,0.3763325480560753,0.027452893534906028,0.2993004052189571,0.05286667544344004
93,0.41014225674850324,0.02555965414312835,0.04765743110862147,0.1330303441335412,0.36247188387589485,0.027779142775421175,0.2738965700696968,0.05315001767660391
94,0.44228253696289577,0.023361212545932115,0.04919760675956333,0.13640803804306784,0.37655907884887474,0.025416734884147908,0.29785259835269534,0.052624341633920164
95,0.4532377209710619,0.024224830378917303,0.046779559320253544,0.13079290454441636,0.38491922562167896,0.026085477388563382,0.30612511018696226,0.05289122809569095
96,0.38824837511256693,0.02237762721131364,0.04654096043273072,0.12779466862265076,0.3305162827825423,0.024295376949196583,0.24937530142947859,0.048677996653480875
97,0.4235887546951049,0.022431389800827442,0.04710027195994502,0.13159988760655758,0.36620262737244513,0.02464645523835841,0.27251848637679293,0.052102416951277424
98,0.43008497791433653,0.023143531431003093,0.048721338859941794,0.13561132722027636,0.37038608246537896,0.02521610019647177,0.28148854061191747,0.05143626066609927
99,0.3999195244562423,0.02294366249259988,0.046834008640614294,0.13008771213400536,0.339633855806918,0.024633279679035662,0.25808608674595984,0.05032261076357653
