Episode,average_time,average_energy,average_time_local,average_energy_local,average_time_edge,average_energy_edge,average_time_random,average_energy_random
0,0.33154488323484144,0.05176490555423632,0.047560372343132415,0.13401728124498322,0.39035690870758544,0.025206920007063302,0.30313215153438855,0.05176490555423632
1,0.306061074112395,0.05067503370677066,0.045478502576249025,0.1290683587221555,0.3690958805788684,0.023940597100905084,0.2803249357549512,0.05067503370677066
2,0.34045495008045934,0.05221955318499585,0.04820063880120222,0.13466033912216202,0.39012412619419884,0.02666129960068463,0.3108178734119172,0.05221955318499585
3,0.28867293440531827,0.05068952256330653,0.04620902384099222,0.128573106471187,0.35408202029077884,0.02548697082114338,0.259967913035144,0.05068952256330653
4,0.28509165264901304,0.05064058588610863,0.046570828062813666,0.12885933332490113,0.3465552000419886,0.024382485095821377,0.2586596248927292,0.05064058588610863
5,0.305162208462483,0.0539903194800603,0.04843171944376961,0.13240114546912404,0.35266703179646947,0.026499296703057458,0.2800411154465714,0.0539903194800603
6,0.33166301570299783,0.05258302615342625,0.047442581772660364,0.13125378518353362,0.39062645854100325,0.026182746525046197,0.3039529029762159,0.05258302615342625
7,0.30994268711229045,0.052970934573669054,0.046466946456789844,0.12908801075061152,0.3711045230939535,0.02427965417220972,0.2838526891032112,0.052970934573669054
8,0.29393963449194116,0.05010674696017578,0.04645563142622458,0.12812744986596214,0.3623375739444308,0.02531391378316809,0.2721823853884858,0.05010674696017578
9,0.29636436214595857,0.05367951242124104,0.04783501337764976,0.1333156392881069,0.3655651931958313,0.024772252117115087,0.27015879888360883,0.05367951242124104
10,0.3378325524175783,0.0529224826383671,0.04683833332301502,0.13257344945664135,0.3909407906212934,0.025390701780575176,0.30840687780242365,0.0529224826383671
11,0.32097333490324464,0.05391228243248243,0.04897125485158892,0.1351560449664665,0.3881901039729137,0.02667116811656525,0.2937447269116762,0.05391228243248243
12,0.30208866969123044,0.051712699597935244,0.04801004612927838,0.13425603926447943,0.34674729092844175,0.024825109288114305,0.2713798139471014,0.051712699597935244
13,0.2888465450086599,0.04963375519306027,0.047250607368001,0.1309617909460992,0.3412073746982856,0.024488602711974745,0.2641196321830486,0.04963375519306027
14,0.29932455828631527,0.04985100824792464,0.04573177733595832,0.12663167368178094,0.34424250629467673,0.026098485092308898,0.27426039670630636,0.04985100824792464
15,0.30123272912266896,0.05284677989446469,0.04720693281671232,0.12882063727215798,0.3588872921626913,0.026793971178787294,0.2744826470366986,0.05284677989446469
16,0.31503395103161747,0.05191684388171998,0.04847463261067807,0.13324895731716244,0.37985814130528994,0.02637392436216958,0.2872929586454949,0.05191684388171998
17,0.3282096588164104,0.052404085966328305,0.04855547988717514,0.13468688985286237,0.37522515868605855,0.025477303890089915,0.3005292091488731,0.052404085966328305
18,0.3236610431112752,0.051589944309975315,0.04752536727586257,0.13359601786624428,0.38748986088095244,0.025397569438597657,0.28941971167552477,0.051589944309975315
19,0.29925407641495744,0.05401735755284916,0.048785186627822906,0.13576791806348576,0.34410410729824015,0.026098927739789196,0.2704492102541152,0.05401735755284916
20,0.29843924775080616,0.05288158309244966,0.04730602205270512,0.13170130049739948,0.3440505397842155,0.026449431184532433,0.2691801284054426,0.05288158309244966
21,0.30806538167713277,0.0518522949803501,0.047362994280352955,0.13097809247897027,0.3634626867633202,0.026177474112948972,0.2808080725692521,0.0518522949803501
22,0.3064241950589887,0.0524805086444698,0.04748947515302938,0.13265978886956342,0.37258248207977573,0.025687399830840712,0.28023404143927916,0.0524805086444698
23,0.3088833959997485,0.05345217724136317,0.04875076252743898,0.136227472280596,0.37326122062263,0.026171523832707485,0.2765602896118343,0.05345217724136317
24,0.31360686385453407,0.04957255974074956,0.04647358435935374,0.12985785935655952,0.36363080009236814,0.023943662994245732,0.286981667725334,0.04957255974074956
25,0.32006568523395146,0.05415749190747526,0.04765970383310774,0.1317137933401004,0.37888180179379016,0.02658918951260077,0.29520334803424736,0.05415749190747526
26,0.3185320550414559,0.05241461736455586,0.047405775765391234,0.12996796620832654,0.3905809821483204,0.027012301605651042,0.28576516505977556,0.05241461736455586
27,0.2952828004692093,0.05080066596718627,0.045514057463800495,0.1290386942460386,0.3623357172438647,0.024401004647825204,0.26657502979225384,0.05080066596718627
28,0.30397344459362535,0.05138198652668881,0.04718827047338063,0.13089998367037498,0.3712489165985914,0.026662380939046947,0.28108718117707576,0.05138198652668881
29,0.30970682656784376,0.051975509789272845,0.04735815906935789,0.130892436605825,0.37950932566340845,0.02563553208344915,0.28325260803656194,0.051975509789272845
30,0.31814779404638294,0.05364957873179474,0.047794760052175936,0.13315816885702886,0.3726953064524915,0.025647461635029765,0.29297273369398746,0.05364957873179474
31,0.29950146929905647,0.05146741009080933,0.04805152201597919,0.13010501446329986,0.3607392998267044,0.025747735115663594,0.2696688968921602,0.05146741009080933
32,0.2813228922410492,0.050332627210157445,0.04676331798345271,0.1277503395461319,0.35432316551481735,0.026082763225986676,0.2614715991066392,0.050332627210157445
33,0.3387985304499279,0.05202258081497372,0.04693847857824943,0.1298274790176787,0.4041938874450214,0.02754087532863618,0.30639432539434264,0.05202258081497372
34,0.29808966637123546,0.053301402850902575,0.046376597232791555,0.1288221129847392,0.35789521072193775,0.025357162718795918,0.2715874247559375,0.053301402850902575
35,0.27561497724297934,0.0525105994709551,0.048084122315167975,0.13264757277430306,0.34861019647235947,0.025554052432159077,0.24357157105275606,0.0525105994709551
36,0.28646291352057934,0.05403589244816054,0.0478346797581854,0.130408014519271,0.34847597651677414,0.026048274459759026,0.2651731071112744,0.05403589244816054
37,0.29723880264872526,0.05180044516690121,0.048069730887529014,0.13310923412455314,0.35693337703471545,0.025166013394713457,0.26854854012373996,0.05180044516690121
38,0.31745043544707063,0.049701099174686,0.046202985908844335,0.1297323516323499,0.3576419471462806,0.023273387344674958,0.2885802386767457,0.049701099174686
39,0.31256745142846537,0.05013775131188507,0.046767812546982424,0.13134252182624012,0.36799740228758654,0.02406179774334989,0.28646579301425495,0.05013775131188507
40,0.2891643598153024,0.05245409557768494,0.04740913926693604,0.12948476300995282,0.3642148757377389,0.026251160502833753,0.2724729839072679,0.05245409557768494
41,0.3124035711897842,0.05411722795325672,0.04815945186849285,0.13216018866346071,0.37974126350184845,0.026516665622952462,0.2890254576802194,0.05411722795325672
42,0.3176785267665623,0.04992768153256342,0.045829441567155786,0.12764052116434277,0.35883037332296136,0.024661020479279254,0.28782422237433847,0.04992768153256342
43,0.2946952511789174,0.05083625687388373,0.0470489540811009,0.13115051540247644,0.35017341661742213,0.02362865012411147,0.2727997592928605,0.05083625687388373
44,0.29191400462580636,0.051005551505261953,0.04628452876035431,0.1283245274771954,0.354966669323309,0.025209078800522852,0.262925119478825,0.051005551505261953
45,0.30440598490926246,0.05133959482487284,0.04611859955882017,0.1272230444337592,0.3686658702347137,0.02589591318501247,0.2797424355163825,0.05133959482487284
46,0.3154387750127693,0.04965597390467046,0.04594314687708834,0.13033708305487327,0.36797779301031786,0.023565742813644732,0.2871127169403337,0.04965597390467046
47,0.3006564579255761,0.05202105861258542,0.04825246489091321,0.1332774902185745,0.3431622893122912,0.02556413182572589,0.27282373053087344,0.05202105861258542
48,0.28997905260362583,0.050474190706412556,0.04733735224967275,0.13149455964693899,0.3264444734936707,0.02517173086906746,0.2642361300389839,0.050474190706412556
49,0.3325665761961356,0.052240772195046685,0.04764635721880682,0.1335786128452142,0.39892596873344455,0.026262427436979097,0.3081450271493167,0.052240772195046685
50,0.30830446529426,0.05180201546485442,0.046660037703582104,0.13030809989469153,0.3570157464547675,0.024913178706444297,0.2838183713253091,0.05180201546485442
51,0.31867849459967956,0.051253597798417615,0.04554438353672427,0.1269769642459995,0.3676588906594309,0.02482588596840657,0.2959822631093967,0.051253597798417615
52,0.29967268619062065,0.0517647878171128,0.046090980630484155,0.1301325341554015,0.3596180335195996,0.024199980226275473,0.27442463048586896,0.0517647878171128
53,0.316451150553371,0.048674824714756273,0.04531517722446031,0.12768533965864687,0.3724505426464293,0.023550174912235152,0.29326511375913566,0.048674824714756273
54,0.318926146195893,0.05169490700121702,0.047290023220952486,0.13091399154745156,0.39226636425465716,0.0262925912423122,0.2918303247832729,0.05169490700121702
55,0.29101617646479905,0.05149912039433738,0.04744927074741679,0.13077360242217992,0.35467105077398137,0.02634875734130176,0.26236805663440715,0.05149912039433738
56,0.308721342857352,0.05196203581626918,0.047243204163739415,0.13078612354800292,0.37758766842298086,0.0259422092912724,0.28311660435605235,0.05196203581626918
57,0.3165716265262787,0.05024905219832611,0.045801074793002564,0.12744729679180244,0.35733980333909365,0.02510597077797599,0.2882485663216154,0.05024905219832611
58,0.3306966917309056,0.053306266557821044,0.04776449562436072,0.1324814437469355,0.370834755357521,0.026445678331325995,0.3028973767507901,0.053306266557821044
59,0.32357365258087223,0.05481474468589335,0.04819894291096136,0.1328425175492069,0.3678300786688456,0.02627263152387922,0.2969729852199678,0.05481474468589335
60,0.33352851632496394,0.0520070452601759,0.04728009362275266,0.1316962754340122,0.40099209118273965,0.02490322694225774,0.30402586145791477,0.0520070452601759
61,0.31067430325463635,0.054491077610630996,0.048284761667139534,0.1320442791947905,0.35855959044807817,0.02600025567454686,0.2824480577135632,0.054491077610630996
62,0.3080578483470448,0.05266069050107189,0.04845693694875824,0.1353146131984254,0.3806144793666229,0.02602889171826044,0.27750987935902716,0.05266069050107189
63,0.32712580237346217,0.05503733613238789,0.04830007654603725,0.13435828148509457,0.3785007225543254,0.026698967403350305,0.3030503598407241,0.05503733613238789
64,0.29256757679718826,0.04979520109405887,0.04636158357059234,0.12547699324692707,0.34108310068945263,0.024503770009981107,0.2651708051012923,0.04979520109405887
65,0.3029985607927407,0.05079241015046352,0.047654330924284095,0.13240021373381627,0.37147083696763084,0.02474820777632389,0.2756592764555893,0.05079241015046352
66,0.27988890633254715,0.05065535159932326,0.04623705769480502,0.12810244123972334,0.3393958916563649,0.023758021451677613,0.25563061144998045,0.05065535159932326
67,0.2873910425582159,0.052948114757088716,0.04820377873653384,0.13273039478299223,0.33567916006969145,0.026406003964001105,0.26249012124250615,0.052948114757088716
68,0.30713143917736363,0.05187560350595506,0.04708228818434748,0.13013277796813183,0.36523508908933694,0.02558724935467078,0.2797719483726234,0.05187560350595506
69,0.32952066067345487,0.05418311054544725,0.04811622005896221,0.13212065685672675,0.39152369254886205,0.02726585380450726,0.3054006014092063,0.05418311054544725
70,0.30622257267733277,0.051235819500748625,0.04525390345229496,0.12828933820406743,0.35462823234452473,0.02439415369981206,0.28560888960175024,0.051235819500748625
71,0.30429319666617494,0.05289007968712281,0.049154432920873854,0.1351338313772224,0.37197880705560815,0.02570733071523187,0.27360778552498055,0.05289007968712281
72,0.30060587943437195,0.0530163907591083,0.04911368091049677,0.13631711897298618,0.34899493589341996,0.026100975907400726,0.26909538814301737,0.0530163907591083
73,0.3318316362870688,0.05381247659403149,0.04916245746561395,0.13491966154216492,0.3878202550957042,0.02666231561897356,0.30359116365711813,0.05381247659403149
74,0.2990215012614406,0.05144721070374727,0.04552663613970104,0.1294535782244043,0.37006976953808973,0.02479115173593772,0.2691480753332641,0.05144721070374727
75,0.317621910385126,0.05241979486219995,0.048634559759601716,0.13615297359106027,0.3811980700890682,0.026020133542838882,0.28678294780611985,0.05241979486219995
76,0.30003923916506325,0.04984627205929595,0.04737054818804136,0.1304362864280468,0.36339124855943084,0.024937652335941266,0.2674433460301119,0.04984627205929595
77,0.28974500236103296,0.05011966165151271,0.046787938459904706,0.13015637011927503,0.33653736351367286,0.023060893790256942,0.26486210714302316,0.05011966165151271
78,0.29430210942458834,0.04856787615489337,0.047576211147548834,0.13212675573787663,0.3375552751892274,0.02425584768040944,0.2651675423959033,0.04856787615489337
79,0.30533323647543154,0.05258872075163705,0.04771759485934545,0.13128311635057835,0.3644110289466083,0.025308573643504723,0.28468576766663295,0.05258872075163705
80,0.2896015109746506,0.051131996487088424,0.047922386792352195,0.13451786459751847,0.32896388178749036,0.0252183557085382,0.26413367744978533,0.051131996487088424
81,0.30275430828888883,0.05128915215779252,0.045594509002468725,0.12689060987520645,0.3724405156046685,0.027171082249336082,0.27595606769071807,0.05128915215779252
82,0.3115607286887889,0.051198610525990035,0.04577927897514967,0.1296234945348312,0.38302447924025645,0.02568606873473265,0.29351824828043965,0.051198610525990035
83,0.3135525227094791,0.053252375981793,0.04747732612334894,0.13226800492689358,0.3574042427313937,0.025492415823583883,0.285483239785307,0.053252375981793
84,0.3055091880479047,0.052215349385598804,0.04699237963086291,0.13113329073054678,0.3522946808746984,0.024663770233920634,0.27479627038300053,0.052215349385598804
85,0.3308166788356346,0.053799699174943656,0.04568898434059867,0.12700807300614478,0.3801363263726278,0.025257586012929524,0.30350348216411527,0.053799699174943656
86,0.30403185343147937,0.051085882344489034,0.045154113156265704,0.12719235707250034,0.35567296189398157,0.02428314446823311,0.27579514369121694,0.051085882344489034
87,0.2809583381612185,0.05122819463290382,0.047797704970324394,0.13244066089323264,0.33596297351470145,0.025129317633560255,0.2529842774782064,0.05122819463290382
88,0.29570760070836755,0.04969419160434873,0.04721990696053925,0.13191028342569525,0.34084316183545355,0.023889972989199555,0.2669975403065622,0.04969419160434873
89,0.33130975574991184,0.05371085747349509,0.04726828141169476,0.13016579389560978,0.40148308022098106,0.02762883585665872,0.30509922170334286,0.05371085747349509
90,0.2985200602578303,0.05193897913571942,0.04628277371403275,0.12937502836610543,0.3653949291764548,0.023936679881866624,0.2689822360995483,0.05193897913571942
91,0.3339715941216753,0.05154890747375834,0.04776287265134702,0.13183881634132813,0.40055177376817663,0.026521182003975442,0.3025297155500746,0.05154890747375834
92,0.3023338775206609,0.0481171379194092,0.04564762712781044,0.1270410385491943,0.3421729551862879,0.024650314339700292,0.2781247306760523,0.0481171379194092
93,0.30686786357780543,0.05256487510762761,0.04758466148065045,0.130155768028783,0.3655165994862821,0.025872104822172726,0.28229942058546126,0.05256487510762761
94,0.3088185741332853,0.05002515975104282,0.047670739753441375,0.13337666626815395,0.36402660146552923,0.02508753869276878,0.2800313243791612,0.05002515975104282
95,0.2937535507230628,0.052117233588882816,0.04623988650775582,0.12979000526919374,0.36067111681571595,0.026604691797625438,0.27068024111538136,0.052117233588882816
96,0.33688530527261284,0.05494194269824023,0.047388439488688636,0.13311283028669532,0.38743556822376696,0.026159718647418298,0.31405119141275284,0.05494194269824023
97,0.2759472281650036,0.052519888218057025,0.047954346383932846,0.13344260530873842,0.3342768255823496,0.02534932130701724,0.25167246900973067,0.052519888218057025
98,0.33080016048467187,0.0548636924025154,0.04685723651049531,0.13062784747951459,0.3692533677981848,0.026828928881673188,0.30176380155591526,0.0548636924025154
99,0.3237439991720415,0.05251176227602348,0.04855855092805659,0.13429081431448436,0.36966634152634925,0.0257541419768102,0.29288686340700326,0.05251176227602348
