-10.2
-10.0
-10.0
-10.0
-10.0
-10.146428436801664
-10.0
-10.0
-10.0
-10.0
-10.000047382853195
-10.0
-10.000014075739841
-10.0
-10.0
-10.0
-10.000047927994395
-10.000034603315246
-10.200165415609645
-10.0
-10.0
-10.000011259938397
-10.0
-10.000019432663175
-10.000016136191402
-10.000016210049498
-10.00000694749561
-10.0
-10.0
-10.000008180481933
-10.0
-10.0
-10.0
-10.000010836899268
-10.0
-10.050813658293821
-10.000010808427735
-10.000005643040538
-10.027319604115496
-10.0
-10.0
-10.0
-10.00000655564678
-10.0
-10.000041869544226
-10.029531864675823
-10.0
-10.0
-10.0
-10.0
-10.00000659676082
-10.0
-10.0
-10.0
-10.0
-10.0
-10.031083858947783
-10.0
-10.0
-10.023712464744197
-10.0
-10.0
-10.0
-10.00000550573186
-10.0
-10.0
-10.0
-10.0
-10.000013140561089
-10.0
-10.000030461527114
-10.0
-10.0
-10.0
-10.000010851934107
-10.0
-10.107728397181155
-10.0
-10.000016173997421
-10.0
-10.000028205294399
-10.000012987078748
-10.0
-10.0
-10.0
-10.0
-10.000010899197168
-10.0
-10.000000186855704
-10.0
-10.000010909270094
-10.000010889825559
-10.0
-10.0
-10.0
-10.000005803754567
-10.0
-10.00000880533278
-10.000011321383663
-10.0
-10.000019256612584
-10.0
-10.0
-10.0
-10.000009943974504
-10.000011825100344
-10.10933474302159
-10.0
-10.0
-10.0
-10.0
-10.000006734892692
-10.0
-10.0
-10.0
-10.000027409494718
-10.0
-10.0
-10.0
-10.0
-10.000016310015992
-10.0
-10.0
-10.0
-10.0
-10.00001262952768
-10.0
-10.000016119076658
-10.0
-10.06116621294964
-10.034532247864064
-10.000010839303002
-10.0
-10.0
-10.047028115621952
-10.0
-10.0
-10.0
-10.0
-10.0
-10.0
-10.044335676222543
-10.0
-10.0
-10.14409474798973
-10.0
-10.0
-10.0
-10.000010856744847
-10.022836231539664
-10.000016249830242
-10.0
-10.000005555179879
-10.000012058624469
-10.0
-10.064623495690897
-10.0
-10.000011092708293
-10.0
-10.0
-10.0
-10.0
-10.0
-10.025365753760987
-10.0
-10.0000109496379
-10.000016122860755
-10.000008773395345
-10.0
-10.0
-10.0
-10.00001807079803
-10.153359095402386
-10.0
-10.028379316557517
-10.0
-10.000007843673139
-10.0
-10.0
-10.0
-10.0
-10.0
-10.0
-10.0
-10.0
-10.00000925466319
-10.0
-10.000005982645996
-10.000004832990282
-10.0
-10.000028865338018
-10.0
-10.000008476548503
-10.0
-10.000009988142397
-10.000007157943749
-10.00000716693804
-10.0
-10.000007855906569
-10.000003679414142
-10.349975176426101
-10.0
-10.0
-10.018022083105377
-10.0
-10.05694146144923
-10.030960324663342
-10.0
-10.0
-10.0
-10.0
-10.0
-10.0
-10.010524782037924
-10.000007490372383
-10.0
-10.0
-10.0
-10.0
-10.024874955445318
-10.0
-10.0
-10.00000939599901
-10.0
-10.0
-10.000019963412209
-10.000006265687375
-10.0
-10.0
-10.017116992136803
-10.0
-10.0
-10.0
-10.0
-10.0
-10.000007272811672
-10.0
-10.0
-10.010895729191274
-10.0
-10.050439960414423
-10.0
-10.0
-10.00000887391099
-10.000009392900035
-10.00006554940909
-10.018891360028368
-10.000009392202191
-10.0
-10.05623007068924
-10.0
-10.010454951563048
-10.069881750337778
-10.0
-10.0
-10.00000995079767
-10.0
-10.000009387950103
-10.0
-10.067590123340253
-10.0
-10.02072187870436
-10.007793860853129
-10.0
-10.0
-10.000002797423125
-10.0
-10.0
-10.0
-10.000003688138536
-10.010693180252987
-10.040342710110243
-10.0
-10.000003645553637
-10.0
-10.0
-10.0
-10.03327954027473
-10.000023829641647
-10.000004285353892
-10.000008120035666
-10.0
-10.00960154795074
-10.0
-10.025715298749326
-10.042846412471569
-10.0116159028582
-10.0
-10.000006265998243
-10.0
-10.0
-10.0
-10.007790915668389
-10.000102817405146
-10.052574258544784
-10.0
-10.0
-10.012738068186351
-10.00000627003529
-10.000001369745673
-0.12640288451519105
-10.006578943765872
-10.0
-10.021704355988707
-10.125551152478076
-10.020425958063397
-10.0
-10.000005041412528
-10.000003139138906
-10.00000640168456
-10.008676309835947
-10.035630365375571
-10.010180691955231
-10.000008126908785
-10.000012928037975
-10.0
-10.0
-10.00000939167032
-10.000004859221892
-10.000006398533628
-10.0
-10.00003076519886
-10.025590272886136
-10.018289397313493
-10.000009386832314
-0.12602003313307217
-10.048928242694961
-10.0
-10.000009393300234
-0.12580864056996494
-10.0
-10.0
-10.000010391019968
-10.014467408211395
-10.0
-10.024867119909132
-0.2633273262442193
-10.0
-10.006460120230876
-10.000006267552394
-10.029171309854942
-10.076166064426035
-10.00004789533339
-10.047212054011228
-10.000007774601245
-10.006725974492076
-10.0
-10.0
-0.16443089203401295
-0.12593438581071478
-10.00000552614948
-0.1010959480126517
-10.000023341919972
-10.012020143389478
-0.19904731009888912
-10.012539041804285
-10.00002230237819
-10.012455675207816
-10.119636609741159
-10.0
-10.0
-10.023408578165576
-10.0
-10.022715870315668
-10.01252317577562
-10.069378205550878
-0.00024287655193945613
-10.007672303153466
-10.0
-10.015524380740407
-10.012772294248492
-10.0
-10.000009854445503
-10.033011258247548
-10.043163090836334
-0.00020724522508626836
-10.048616348816694
-10.0
-10.0
-10.035994586147464
-10.000007187013578
-10.0
-10.0
-0.08067914350842847
-10.017039403918538
-10.0
-10.0
-10.014238588438038
-10.036305843825692
-10.0
-10.0
-10.049593242035389
-0.02822050735452107
-10.00000499825762
-10.018786347230382
-10.000038443420571
-10.000006269165112
-10.00000626911523
-10.04081864246846
-0.00016308783534437526
-10.000053838610459
-10.000004693005199
-10.011989866176798
-10.0
-10.138955794635784
-0.12705050357722178
-10.070955791497436
-10.01219135823369
-10.062091904568712
-10.0
-10.000009411998805
-10.010006864513592
-10.0
-10.0
-10.00001315762981
-10.0
-10.000021831021657
-0.13573115353162263
-10.000004268935022
-10.09611495732177
-10.018250306528614
-10.0
-10.0
-10.022186825247895
-10.000019366100773
-10.0
-10.008386217011681
-10.022244303863994
-10.000006297819047
-10.020495458571226
-10.000043029557737
-10.022842566503314
-10.105364040295854
-10.044991945108189
-0.13265656329385445
-10.057146848245509
-10.000009441857944
-10.0
-0.047791206467408004
-10.0
-10.0
-10.0
-10.000003187355684
-10.009014952587068
-10.000006274026095
-10.000006275760757
-10.0
-10.030179769682922
-0.00757583274774761
-10.268982194356695
-10.0
-10.000020636233677
-10.0
-10.0
-10.000028311692017
-10.135344578909708
-0.00018530973266215863
-10.000009437761149
-0.00016574940368000276
-10.118822707510041
-10.064105443116796
-10.019886785352101
-10.000021078915562
-10.000004561489613
-10.0
-10.016844765229974
-10.000006007223636
-10.0
-0.10811664957058431
-10.03025967726886
-10.04293538222519
-10.0
-0.12588208107475457
-0.15024648065057716
-10.04307050448175
-10.000005889693892
-0.08662493162412502
-10.146514028575583
-10.134619537600422
-0.060472726971313125
-10.124150681609837
-10.000009011439433
-10.028638582791235
-10.0000102027819
-10.033088949095092
-0.020561297234179543
-0.02992712333336167
-10.021342190651644
-10.00000901682343
-10.0
-10.0
-10.007142351566197
-10.035553261279627
-10.006453731960052
-0.12056215825175214
-0.00020641367519011255
-0.02792035776565155
-10.0509964776348
-0.0768022248254524
-10.028206629982469
-10.049501017061626
-0.09960471477361224
-10.000007064180775
-0.03812491937824818
-10.00000429697659
-10.01218455341391
-10.0
-10.000025085974482
-0.13922456225331004
-0.0002322274211824368
-10.049274869996424
-0.04292632581934011
-0.21992265910539652
-10.014962345791725
-0.00010569048762805011
-10.000027533096103
-10.006619078293097
-10.0
-10.024206813055603
-10.05045073298533
-0.03082516159603757
-10.00000306472228
-10.0
-10.000003078873084
-10.036434462976928
-10.000000878370361
-0.14069912184780864
-10.128605193053966
-10.00000604110714
-0.029980967726649176
-0.07571379829975208
-0.0002594329793299711
-10.000009009151103
-10.020683515651486
-10.000006543528377
-0.18316076506246382
-0.000252669795593309
-0.13451892102775387
-10.021810021484805
-0.03568991171694534
-10.006753638614459
-10.0
-10.000006014702837
-10.0
-10.034554555595992
-10.049115838350625
-10.010189875458703
-10.011663772058476
-10.02274825759965
-10.000003775458756
-10.000000470816131
-10.049203613361833
-10.00002450861361
-0.13993885585488197
-0.07903608282089877
-0.021554061658886795
-10.03054397101357
-10.160493120565933
-10.000003058969464
-0.08143625279610786
-10.031284445843788
-10.000006537042868
-0.0001757864612024854
-0.2745793002278194
-10.008063403864805
-10.000006027447037
-10.000006000440672
-0.0001293302089512777
-0.0789843367607425
-0.0002007165166231158
-0.00021024835065793908
-0.0001754902850084295
-0.21006198114077673
-10.075356816090364
-10.00000748050952
-10.026795966977014
-10.00961324294614
-10.0346629181932
-10.000044734368524
-0.1235527509201654
-10.0
-0.00015473237154843214
-0.0001640507223078039
-10.000007882251046
-0.00024791356588754813
-10.020647200046653
-10.026322498859138
-0.00014367435106528152
-10.064609622073212
-0.00019314195869794753
-10.000007336730336
-0.008887971955787511
-10.000003565678577
-10.025773933941204
-10.074055177742272
-10.02643475386424
-0.017092879178094447
-10.000006038313224
-0.05858095046824534
-10.0
-0.00022610620845932256
-0.00019593920419887074
-10.12326843758057
-10.023234388864305
-0.06508286424548161
-10.0
-0.04048539610129025
-0.0002491121491812575
-0.05488787727788682
-0.06982970253349594
-0.0001525684804936888
-0.20996936389452175
-0.033414861717291716
-0.2125779391866156
-0.00014157579088807168
-10.000004472122743
-0.00021176742653858006
-0.0556772534737245
-0.01203035380461449
-0.13226493857520485
-0.0002317513161202659
-0.07897716801608584
-0.21678033355729376
-10.026746251281278
-0.09628896595286511
-0.08938201326785282
-0.0869654579742231
-0.09500806178587734
-10.025910273535157
-10.037946516337147
-10.010279009039042
-0.00016495666953077564
-10.0
-10.017717293171287
-0.1138608258310554
-0.00013316399244933484
-0.0002186622711396273
-0.00019422941454176515
-0.10148411759150436
-0.07902796697283655
-10.0
-0.07242461718290535
-0.19002463122570185
-0.14135277104024604
-0.00018172564856354422
-0.045563448667851614
-10.014360326185066
-10.0
-0.08424992840509918
-0.05443297121658893
-10.000006582434219
-0.01963998174400658
-0.06495263911909038
-0.028197456575255013
-10.119884076242272
-0.06739129128176907
-0.00017230271480322496
-0.14529216552195823
-10.014890743613929
-0.060209617741002044
-0.01758888341095853
-10.260452559937123
-10.043802568139295
-0.00021071529912817497
-10.00005181609845
-10.005757694450514
-0.09443615969361249
-0.00018674326194692765
-0.04710361713142167
-0.05872244544212887
-0.0001656587573181413
-0.04578582758391053
-0.09051683231399865
-0.11276274812416036
-10.0
-10.000007334841838
-0.00021340539578141514
-10.005447750410427
-0.00016272093969253455
-0.00018693262508871053
-0.056572515302166254
-0.04812802388705947
-0.01751375210540692
-0.013971621811136503
-0.03870026992942436
-0.049197564194627716
-10.04696451881544
-0.10574350777696266
-0.00018334629162846067
-0.057819564137096296
-10.014779024348211
-0.036140959348283895
-0.009649231563222428
-0.10239283948478714
-0.01680144716447237
-0.14770931613659474
-0.05034359817851245
-0.00020099507401842554
-10.0
-10.060214400655385
-0.00014650650856811527
-10.01607359805436
-0.09247968468696736
-10.10711516784887
-0.00016549128792560483
-0.04901428768472863
-0.11310991453556407
-0.09235241634325292
-0.00016296147978999543
-0.00015037212061118856
-0.007602080051894767
-0.07124411728372756
-0.00013438992748562753
-0.04883882786029087
-0.10395957732363216
-0.00012228895100165283
-10.036971755856648
-0.00020911571530849587
-0.0921282223118448
-0.00016544324522718644
-0.0275139291317466
-10.0
-10.043311893946122
-0.1688127188657505
-0.08615904013091816
-0.09618300166898935
-0.00012505256030745645
-10.000015035598611
-0.038720509225794626
-0.00013587325914157124
-10.000005824626184
-0.00020799319990932476
-10.017283278827879
-0.00022045657881361531
-0.00011050421027971222
-0.0002014157805655704
-10.02636308940916
-0.02177611600846907
-10.000004468227079
-0.09954540154961121
-10.0
-0.08667032647845135
-10.03959161034955
-10.00000489436808
-10.014895204469793
-0.048852868038773097
-0.042128538826954096
-0.0002137852842652221
-0.06730783192665749
-10.0
-0.00021101291562588008
-0.00021313687263738797
-0.02819657688414433
-0.09957696681019818
-0.1351618276614234
-10.058372981257065
-10.006793119141227
-10.027473263603012
-0.036634847383674604
-0.00017452026258402294
-0.007305364186308435
-0.0001269685913042653
-0.03632276296301208
-10.000002793095693
-0.0001318449729804887
-0.0001643910375123066
-0.0001217257862131986
-0.12519548308378128
-0.046986445065244534
-0.00011676033381880115
-0.07497032079821686
-0.0001122263761034979
-0.00013705158774590453
-0.00021320065151558847
-10.028387852811791
-0.0002147184800575209
-0.00016753802302375706
-0.00012005145369298634
-0.0002083418422848812
-0.00016350275542236512
-10.01034803414798
-0.000134152056025282
-0.0002094616488238683
-0.06394482772392729
-0.00021298306496259507
-0.00013026612486809674
-0.000154147971835357
-6.941514136503816e-05
-0.023504343410166204
-0.00012071492763398331
-0.008996275992477671
-0.10264076076268491
-0.006305737433056825
-0.00021109087299516405
-0.09240502808681109
-0.00011100404063552467
-10.036971052681588
-0.07120011949592733
-0.00017324017584413175
-0.09732618074151983
-0.029775795258321698
-0.031385759378942536
-6.428689292785445e-05
-10.012746590719578
-0.09015859618277852
-0.02019334014730191
-0.06265607735636093
-10.000004919188418
-8.060911629243559e-05
-10.035472163804345
-0.095179953948328
-0.18554819517315974
-0.04386594754131605
-0.0663871433165755
-0.061759713454153486
-0.00017075260095980577
-0.00010229979663139519
-0.06704440135544122
-0.11133010050525965
-10.074593354474159
-0.020196290382909887
-10.014207720296465
-0.14327395011481345
-0.00015991542402197866
-0.042722627786999263
-0.00010997471846495538
-0.05949855783804764
-0.04868458851402491
-0.097168597131924
-0.087232132337733
-0.03153025073155917
-0.13396583328191258
-0.15394057180960738
-0.00015338410083780608
-0.00016954143081098709
-0.00013448060944340538
-0.00021256793167705537
-0.05065161480342664
-8.313221718750755e-05
-10.014353921394479
-10.005655127707612
-8.583861731181626e-05
-0.00010488943635447641
-0.00017937337839358543
-10.024510036030799
-0.09536543597521327
-7.05795300715314e-05
-0.0001569667102564732
-0.00013478916339715517
-0.0001046289554490846
-0.00014667706915332728
-0.12164897192055722
-0.05956617289615951
-0.00015001473347891052
-0.0001774537136834029
-0.00013867199821783303
-0.0001724768949848697
-0.00017273120839605199
-0.06401382317313804
-0.00010691157033995709
-6.362155011802193e-05
-0.1438156592238019
-0.0676066215211345
-0.07476253760658819
-0.08343503347062492
-9.417491646881678e-05
-0.008897092042726495
-0.00016024882495270997
-0.00017237647689974606
-0.00014557758538813074
-0.046576681499915895
-0.03346608264442307
-0.00014883316327490625
-0.00012719833733660415
-0.00016496822167361627
-0.11821195085293884
-0.00014251885300600067
-0.0001540631124639909
-6.087312832517087e-05
-0.008715135460065923
-0.00017087294284176899
-0.15517031728487085
-5.1817973157366284e-05
-0.00016998093084171414
-0.03207757137212759
-0.08721220717513117
-9.948868790617867e-05
-0.04878172937440479
-0.00020924909418284317
-0.00015183981484317264
-0.00021700135235627494
-0.1993706325473071
-10.000005531700408
-0.00014819769326717054
-0.04209525522206779
-0.00020138496205783407
-0.028194244115283183
-0.016043109660390503
-10.013678786963164
-6.635048632554769e-05
-10.042982005074085
-0.03603299403510351
-10.01549194494234
-10.03308940088938
-0.00016698493958598547
-0.15247079553721615
-0.00011042003318988808
-0.046699451199939734
-0.08204673932988521
-10.021103867105069
-0.011665830144414266
-0.0001550494521293086
-10.000022163704159
-0.00010211243955955686
-0.00020759428533834645
-0.00021348929714367048
-0.00021264653408715692
-0.00016481772792730585
-0.0002215490623581965
-10.035139787753733
-0.00015221535279515654
-0.00016843858753120953
-0.00010484342309599433
-0.00012072288299147162
-5.910415142384416e-05
-0.00016443513743046343
-0.00012833221425469373
-7.016447970034545e-05
-0.00010191935232969741
-0.00010084528733358199
-0.06938425310106518
-0.08740920422096353
-0.00014428185221592945
-0.08651375860650465
-6.313776023211965e-05
-0.00015394379853329702
-0.00019416288506486667
-0.00016615982594671026
-0.00014269624073892987
-0.06098412735750275
-6.83215176515925e-05
-0.10563483360255105
-0.03635295532707623
-0.0483539800172051
-0.00012451127585633344
-0.06292445052597749
-0.032899687181791086
-0.00017192026747620418
-0.0001638760210372531
-0.0934891049356773
-0.00011421437167067486
-0.1922497393450533
-6.925341900114894e-05
-0.0001737547234008335
-0.05132548197616248
-0.0001673111524554303
-0.050151450997476144
-0.15649061623945917
-0.010297912672027463
-0.00019679876527353162
-0.00014253186540898928
-10.03495935290077
-0.00012948216795644995
-0.00018829600511950455
-0.00016359005555294405
-0.0001736839455470182
-0.00717241708202784
-0.00016335100875247574
-0.00013396170973796213
-0.0001658288980238117
-0.0001911663184380876
-0.12808550035404673
-0.00014595053646390243
-0.0001525763234204119
-0.10883656532471192
-0.038821265053842306
-0.00016236504449044023
-0.00016647714142512595
-5.612202858175613e-05
-6.881493464364793e-05
-0.03236351475972638
-0.040521460733504544
-0.0001270882728298877
-0.12860136709123782
-0.09105076610247786
-0.000157612273998478
-0.031045079616399247
-10.0
-0.12021253675107921
-0.05095305714490471
-0.00015639268231409695
-0.00015474145128898246
-0.0002095997539494956
-0.00012066911272737966
-0.031786126029045285
-0.00016892477523423026
-0.010674743517229116
-0.00016467705770095841
-10.0
-0.00018544792668358532
-0.08173278490438719
-5.763424924360146e-05
-6.0606853421862905e-05
-6.440923862397168e-05
-0.06093851087959114
-0.008313536645324401
-10.000098941123577
-6.094578720662982e-05
-0.08418414414629338
-0.03607437439665137
-0.0001341384143615239
-0.00018945164346787535
-0.0001192503580710783
-0.1231058489746406
-6.227350561739084e-05
-6.068959559326585e-05
-0.00016167383465936003
-0.09500358209541701
-0.031028940250225262
-0.21868061316150966
-0.00018470695531122805
-0.04546203009399772
-0.00021946719833538896
-0.08634508211464348
-6.458310260946886e-05
-0.02148456334575648
-0.00021223671942772963
-0.0002076488985887067
-0.00017257913469000794
-0.00017626821733222984
-0.07440144687458976
-0.09494386276184473
-10.015446300125415
-5.9731040671457685e-05
-0.0001577652391694627
-0.00016531104430098488
-0.00016438983086952284
-5.711660578023465e-05
-0.036230643641244245
-0.008486403678314883
-0.00014481239947184096
-0.17650720604779851
-0.00015127524174340603
-0.06223153699195423
-10.019617321396362
-0.042845215365695244
-0.000153064494985631
-0.07125336897268668
-0.0001693966591963406
-0.0001580313372463052
-0.0001573217605272615
-0.00015310212641494704
-0.00015671758599700289
-0.00012811436692049057
-0.12461542327394137
-0.11068757302119124
-5.774851453589347e-05
-0.12570055337737895
-10.101645587428433
-0.0002062102057147255
-0.22907027572776548
-6.604832484504479e-05
-0.0205686113500089
-0.0001666109670195219
-0.00020826216561818558
-0.028273783417660566
-0.047083661148475564
-0.00011059329371579739
-0.0982323351528395
-10.0063499533029
-9.591630268798241e-05
-0.009249353693649846
-0.00020571036453516983
-0.00014349631122348037
-6.483558051463209e-05
-0.00014312106964594045
-0.05405518051046528
-0.00015404162693927623
-0.025778294839617865
-10.10189210904792
-0.00010537827742308146
-9.576722715929557e-05
-6.71512596448077e-05
-0.010312507878743805
-0.05257838948646493
-10.0
-0.00021635159621000364
-0.0002198805613793545
-10.00799016871671
-0.05484451463578742
-0.03612306612387607
-5.6895715254488575e-05
-6.58311198238937e-05
-0.0452854896917248
-0.03621692503787535
-0.07745822345894283
-10.00000770892107
-0.00017537515643854012
-0.00019814232188325638
-0.0001950445938339834
-0.07278345849027038
-0.09942023683316166
-0.016021265532084238
-0.0001329931891374741
-0.00011172933868362842
-0.00010028217136221717
-5.496986984650096e-05
-0.07789205038077401
-0.00016961232837699782
-0.00017719739095441444
-0.00016415939145508185
-5.759632521430264e-05
-5.926898390909064e-05
-0.07690385460588711
-0.00010352352155162518
-0.030427838505077354
-0.08130140188711792
-0.00019923730694052918
-0.000172571023771877
-0.10691518174777528
-0.020477669184566227
-10.000024660681559
-0.07123734243408802
-0.0001487217104985646
-0.11355460398790015
-0.0001676174157274576
-0.00019023656984268604
-0.1291478068914111
-0.00021514430622820242
-0.024776728611629297
-0.034746075610409224
-0.034244718405639606
-0.08503862580641365
-6.671240028262265e-05
-6.124029549904852e-05
-0.0001728000359109374
-0.0001565879409705642
-0.00014878668744788018
-7.079458103104346e-05
-0.00017024975246229202
-0.021192561401328875
-0.020571051698808338
-0.0001461033942223114
-0.0001456060764592589
-10.023727820854328
-7.252732123433233e-05
-0.00021883716644003633
-0.00013188377911004542
-0.00012819383475691436
-0.00019929002798544447
-10.0
-0.0001458715523050873
-0.03074607246979567
-0.00015360416208425086
-0.04880106439565975
-0.019537091631253296
-0.00011915328595810008
-0.0001551773229978181
-0.1383802615434847
-0.0001553323866063383
-0.0001576829852947521
-0.05846966612613978
-0.00010941438093066023
-0.00010909748397804761
-6.148673958559578e-05
-0.04547760569083016
-0.00016357261113173385
-0.0001648527147373358
-0.00010791505025352873
-0.049072249151944115
-0.11676825778829492
-6.893785405611045e-05
-6.445469140502255e-05
-10.117968345391864
-10.019038838596583
-5.98773085637895e-05
-6.39586263832853e-05
-0.0001704035307598108
-0.00014361205972208708
-0.00019810835036020147
-0.005636828127660658
-0.012496097735122412
-0.00014764170947791067
-0.00012152541540558752
-0.04282626856071531
-0.00011498127867460679
-0.00020519368890433283
-6.779396768549182e-05
-0.00015744175276468977
-0.00016918904418211837
-6.825370532120462e-05
-0.0957081077444039
-0.08521401353844255
-0.00010085253811135718
-0.0001431335932291932
-0.00014838706861008654
-0.008279011051147974
-0.031782405280467836
-0.000183304393008767
-0.03347060365386952
-0.0065467828100416944
-0.03390469754909243
-0.028923621336553844
-0.00021475017396167367
-0.00016720265314579806
-0.00013709433087537578
-6.826379053552786e-05
-0.0001468242384011887
-0.0313303564153837
-0.13402501505145797
-0.0001469089278260991
-0.15175290155140264
-0.1759234977209795
-0.06006408560749184
-0.00020778909365383664
-8.615196867286464e-05
-0.00011899230645936547
-0.00012040857560398145
-0.01429255371776903
-0.00016740779198270707
-0.00010095522921019414
-10.02421918085867
-6.196395441203903e-05
-0.023396919613802518
-0.00018604034782981823
-0.00021780653215235408
-0.00010167541963316908
-10.024617114661078
-0.0002058955859606952
-0.00020806979678740511
-0.06755641022932304
-5.904053924819242e-05
-0.00011869115572815469
-0.00021670895991384012
-0.08526686962186017
-0.03635549518011532
-0.00019828198422548136
-9.251723467586318e-05
-0.11390550993506027
-0.0001458701508517219
-0.0001909587354520587
-9.244963554914067e-05
-0.00020849747921008191
-0.00014576381672735787
-0.0001501999938189278
-0.00015685645136794067
-0.023769566658455612
-0.08075046623976104
-4.801272814324122e-05
-0.04572573396449642
-0.0898067681454928
-0.08157362064365462
-0.00021331112036159752
-0.03596774525585665
-0.0001749815403089688
-0.057051189551482404
-6.175540108626181e-05
-0.024288844084652483
-5.6320105132983675e-05
-0.01290338344576392
-10.025210603458936
-6.152257289634676e-05
-0.027169843636917178
-0.09198455268026381
-0.05713673516690823
-0.025480194283284754
-0.00021344763682492075
-0.00012478803723280416
-0.005482302144509876
-0.05021325540266153
-0.00017305812819554394
-0.03207833146047163
-6.38532522838975e-05
-7.824476867409796e-05
-0.00021905859977211265
-0.08519103121427705
-0.08251165280378174
-0.00016112714148999317
-0.00010377248628177155
-0.00012314964427177235
-0.0001175599695075478
-0.00010185422818180664
-7.144260954263124e-05
-0.0001267501265228273
-0.02911559968010468
-0.00017604639046311634
-0.00011750924821005467
-0.00021967258946590796
-0.0001121736132538122
-0.061473665275716856
-0.00015982261850527933
-0.00019829694048688378
-0.00014986049833067483
-0.0716455026180633
-0.00019966360566051522
-0.00018688239597163399
-0.00015092368809164016
-0.00010483428906818548
-0.07434197893835187
-0.0001078400511019944
-10.000003652277885
-0.07640842156546289
-0.000181674298122682
-0.00015308126061440281
-5.344384510882569e-05
-0.08295361916751914
-0.058867925015383356
-0.0001499447168530443
-0.10718703239883169
-0.08204527936917921
-0.008819562359141069
-0.13848892751983732
-0.07825967682753078
-0.00013258812657519095
-0.033063175343250824
-0.05174174578883171
-7.156029278086258e-05
-5.7444956367550665e-05
-0.21829789172788852
-9.198877417692701e-05
-8.00863863607173e-05
-0.0001346390213573268
-0.13228950589789168
-0.008948143859839648
-0.0002128251369851609
-0.045479253585806435
-0.00015230718927209536
-0.041692610900645716
-0.00012190989543353647
-0.00019970412111557158
-0.2500036299622853
-0.0803223934082043
-7.634835101737323e-05
-0.07891492727045746
-9.07885675488056e-05
-0.06443542945914163
-0.00016048281323083457
-0.0001584000148714122
-0.00011543098391345582
-0.0002052923047245202
-0.00016491067023259305
-0.006830500795446279
-0.00014461559085947477
-0.07510070717435387
-0.00598941985087416
-0.09839300650992328
-0.00013786022552210887
-0.05538293486350013
-0.00022620037019691866
-0.005618783952280491
-0.00021250941323528689
-0.00011692268555961113
-0.0001528371285357187
-0.0001555577826090089
-10.0
-0.00011937729040669204
-0.00010833704347042435
-0.00015690315951669528
-0.017435222444376303
-0.00015516764294546472
-0.00014190492909788916
-0.018220814987169202
-0.00020032840846734014
-6.314394902393965e-05
-0.08727669238350186
-0.0001784584249061785
-0.20312956590540587
-0.00020703975735195603
-0.00015826377696614551
-0.00014942827161446929
-0.00013660483310591357
-0.00011024603011548003
-0.04816634511397723
-0.00014960977803787163
-10.000002546067977
-0.20397436648806222
-0.033780545257939845
-0.00010865131195225915
-0.00016410784955391138
-0.00011702455475673656
-0.017853046331027852
-0.0002084781841914897
-0.09750739177668546
-0.05903855162127761
-0.00019348182813360709
-0.0509599807051897
-0.05431947564939643
-0.00010590613717395266
-0.017219680812009773
-0.000171987070065056
-0.00014590058850214282
-10.01432137004834
-10.048069518083366
-0.00012549619369806795
-5.3938583163015955e-05
-0.09211708321987477
-0.00015384404157453067
-0.05659896712285974
-0.00014199859381920234
-0.0002037055449686572
-7.163853987656252e-05
-0.05244353184454854
-0.06286315968749864
-0.007252261684043064
-0.00017056472440323973
-0.00017246071261074126
-0.0512957406049528
-0.00015688914197732173
-0.10229005900815588
-0.043249237548514605
-0.00016827756582800618
-0.0774619303351289
-0.01613563707707473
-9.812449161191137e-05
-5.595442289916695e-05
-0.00010635734087849078
-10.000066331517171
-0.006375821638239982
-0.00013354941616008467
-0.09944952339763136
-0.00010264539339023249
-0.07727940210318278
-0.1777552017843529
-0.00011901183437520122
-0.00012703506813781072
-0.00010264164095891297
-0.0002007569026222457
-0.00019464384410731168
-0.0001986155137295365
-0.0001504976252458684
-6.551210709788605e-05
-0.00021124858283608084
-0.12426302529935135
-0.00016688201196475555
-0.0001284774309838741
-5.1944599901725954e-05
-0.1002082234385275
-7.208520951692856e-05
-5.377244281832455e-05
-0.11767705662854414
-0.0001837173843329501
-10.0
-0.00021482606085234204
-0.00017503065955619014
-5.914680631210628e-05
-0.19499882731387813
-7.243587079076725e-05
-0.00013854970052917066
-0.0925563319137131
-0.00021280572593878184
-0.00015446906311677912
-0.1588422384322664
-0.00017502711228192694
-0.00019676843301786538
-0.12055896706441498
-0.00014045484366199384
-0.00020096025654857698
-0.00010787463663333251
-0.1324435620926988
-5.1737362714380134e-05
-0.019054463442851718
-0.00018635775461207086
-0.00014943241604571
-0.00021282335428343628
-0.0665055302777948
-0.00015409921225179575
-6.372797801859892e-05
-10.022070223835284
-0.00021474463147048626
-0.0525881883792582
-0.02479437932387795
-0.00016993954252758723
-0.07818587852840285
-7.119770453019623e-05
-6.011531642080815e-05
-0.10497029335506228
-0.0001756930242919274
-5.8760433348186965e-05
-0.028484668506180085
-0.0001653648704560932
-0.00019666121915121963
-0.08228896014475236
-0.0656646085059607
-0.00016359608986329612
-0.039060124485035465
-0.0001663537662094588
-0.045537978233542706
-0.016909193093918123
-0.00017186896279005757
-0.0001828235621842713
-0.1562293297989367
-0.00021155051030687723
-0.00013623604138992803
-0.00017012382477862
-0.1110489521973942
-10.014056834285162
-0.00021181244230121575
-0.00019247693308744554
-0.0001536376791435794
-0.00010525244120922591
-0.06882012726026826
-0.00018274969768599443
-0.02910018055229465
-5.670670135433905e-05
-0.006564200447237165
-0.00018605153838752433
-0.00021446312158156312
-0.045517664931000686
-0.00017667402375681217
-0.0001596443154910786
-0.000158296795856214
-0.018866604687880314
-6.775217117198456e-05
-0.00019984276449916733
-0.01616676792405823
-10.006580845148765
-0.0001761681558719629
-0.03185013013338544
-0.03514598755125793
-0.06770924877339068
-0.08344271318879819
-0.12800851196579094
-0.020570611740108394
-0.00016620675833542347
-0.08982446954816015
-7.885141338084462e-05
-0.0001088236667560075
-0.0001680920934541731
-0.006961629280582313
-0.05211778373679029
-0.0002190940087178301
-0.00017187751375444949
-10.014605658123385
-0.0002135746624821561
-7.680634905485979e-05
-0.2018659912543202
-0.0001580264421217768
-0.00021126787527752587
-0.00020603199778329335
-0.0002128589680197906
-0.00015366503000017328
-0.0001431136641264773
-0.0002166273067640535
-0.006464049652178543
-0.00010693164000262934
-7.458519106166381e-05
-0.06936816375720566
-0.0001783721592584254
-0.00020657209057214644
-0.0001308231907523349
-0.00012682548040628884
-6.383172526088467e-05
-5.391929757521322e-05
-0.00015489918552598204
-0.00018882353220578795
-0.00013965650600259935
-0.0002048638163879985
-0.04282632154822706
-0.00022118964033653689
-0.009767546590806388
-0.00019084785468135473
-10.030848111610332
-0.0001224313074161687
-0.00018316823777564392
-0.00016929082578706674
-0.0001655962786198325
-0.00015229818236210581
-0.11448441612493604
-0.08002160646993292
-0.00015011857226637228
-0.00016224415191071185
-0.12818011561099926
-0.000169446281071675
-0.00016043532882338086
-0.00013324406353682625
-9.72720841876092e-05
-0.00018511586872626217
-0.04877720205418827
-0.00016560106524844326
-0.00020535927952062053
-0.00017993131336720296
-0.05830118223203271
-0.00021264832412492017
-6.913892117928425e-05
-0.06449273397014553
-0.0369601269873382
-0.05246192931215446
-0.00016872186365282004
-0.0001471473556977103
-0.0001159727626198468
-6.902929702102009e-05
-0.016183191568960142
-0.00017264248374799027
-10.01766907257173
-0.00020333649053221154
-8.340842489115691e-05
-0.00014694014773932067
-0.0001968352813437255
-10.0
-0.0001572891113965773
-5.969834919594833e-05
-0.0001457083780378539
-0.07729076424740147
-0.00014721137799496054
-0.02093113001474786
-0.00014890523653440517
-0.17976304190824302
-0.00012775144604006144
-0.04583948298237746
-0.010232779695828724
-0.00013412764754175521
-8.830605445008615e-05
-0.07326600070834291
-0.05313376020055502
-0.0001558761224039136
-4.015290417868428e-05
-0.010271738457086095
-0.037984985596149656
-4.290555926688615e-05
-8.73619331484393e-05
-0.00010423928965789446
-0.06065959590393645
-0.03508252101217094
-8.700825429690317e-05
-0.01060019000205384
-0.00014665552531630045
-0.010693541408379536
-8.74698801660182e-05
-0.00014600894239719507
-0.00016431159018125529
-0.06048066633173334
-0.06102899904058223
-0.00014405150548871162
-4.578083568921463e-05
-0.00014191321019047635
-0.00022307915116287052
-0.00021732074763587862
-0.08444864586495004
-7.614597959538339e-05
-0.00015018216587625588
-10.00000091010313
-6.355888711314492e-05
-0.025526112278427434
-0.006325783328383385
-0.02512112128340944
-0.08348452425342343
-8.910983299532708e-05
-10.00000010892766
-4.8097112442746714e-05
-0.00020168170934408924
-4.8123761923868304e-05
-0.012079183845515462
-0.00018981403159757754
-0.00019809070945170788
-3.9591398740290644e-05
-4.836296884735489e-05
-0.00968400358330209
-0.00018461245827308386
-8.043136622150904e-05
-5.561406321375723e-05
-9.121273326426016e-05
-0.00011588098628108524
-0.00012427395850685656
-0.00014325710369418192
-0.04905923497943125
-0.008985876224431673
-0.0001714043869709813
-5.2862516605829644e-05
-5.144436460914117e-05
-0.00012041815897925816
-0.00015450458056905672
-0.00010356496085163563
-0.0001364319042282554
-8.415558975951459e-05
-0.1872138661041163
-4.237213628072369e-05
-0.035931226101485594
-0.052729579490674604
-4.199861174667118e-05
-4.9250048531425045e-05
-8.792781482954897e-05
-7.754589989266271e-05
-0.00010673191736627048
-0.00014769456578587933
-4.1794618278710564e-05
-0.00016324610295914642
-0.00011548415722696006
-0.08775590928816088
-0.01869246514006297
-0.009135199757861479
-0.038783148278486994
-0.006921257729460653
-5.2576646806367614e-05
-8.994118983110586e-05
-0.00021766526387391986
-0.03444874128438852
-10.0
-4.222527544777128e-05
-0.00010801632439229359
-10.0
-4.40429058208411e-05
-4.748913569259082e-05
-0.07536434932988566
-0.0002178358957797454
-0.01623159430876623
-0.0001656792575102217
-0.00010301144064200516
-0.06299218296200224
-0.045596194147828825
-0.015253744027788901
-0.03344342896106512
-0.07539938891845081
-10.0
-0.11715844592935024
-0.00015893491763606816
-0.00015179441028479856
-0.14170611901609761
-0.00014750606204224574
-0.03448314947541721
-0.09470146756230913
-0.0001491215431876518
-0.00010529111263680389
-0.014730300741599667
-0.05805164139267986
-0.0001106380976013742
-0.00010484401334784636
-0.06126338744176888
-4.4519650136972956e-05
-8.277926700362457e-05
-0.054794238753574684
-10.017341721290721
-0.00018819999730884413
-0.00020106709490779726
-0.032888923900558184
-0.14798447332027792
-0.00019264829149451528
-0.12025451254380799
-5.2830869246321536e-05
-4.147403949064352e-05
-0.00011798788166671333
-0.010036672928386003
-0.00019916153114283973
-0.006583718906999042
-0.047230057218411815
-0.0001390019227109225
-0.13298498038575618
-0.00019523684201442506
-10.014564469693424
-0.00011116563982677594
-0.03645086072417318
-0.0001838498495604507
-0.0060772285697281575
-0.07824968740430555
-0.1276957048020471
-0.00010082982356449598
-0.1868865275749833
-0.02418704063823403
-0.02050874092467797
-0.00011363601974839543
-6.451112637611204e-05
-0.00012931362100993606
-0.008767432216113388
-0.09020172271363655
-0.0002007622024288115
-0.03640984535010421
-0.00014526012254043158
-0.00015765419830708887
-0.023639329642382228
-0.00015775016979020272
-4.313549727441078e-05
-0.0001290490546482325
-10.024370185110785
-0.00020636904011784636
-0.00014156005254455965
-8.683695810985534e-05
-0.02555891219627163
-0.04879489297222361
-10.000042069970021
-0.04813253269995585
-0.0001560611094500699
-5.485522089690403e-05
-0.06554288337195734
-0.012952401602965437
-0.00021251483447877283
-8.809401797791084e-05
-0.00021817392187115916
-0.0002076483651726394
-0.0002085310774837158
-0.03874250362592983
-0.00019061233511976307
-0.00015166960811064973
-0.07556114672379229
-0.07262596825853107
-0.0165070478688262
-0.00014446902366061783
-0.00021095349262931413
-0.00014782715827080245
-0.010433674820213127
-9.154145930311958e-05
-0.0002297975047153077
-0.0001222980114350544
-0.07469848933568979
-0.00019977224356367278
-0.010177885267438567
-0.00017417934677428916
-0.07604759127355351
-0.07680198303913699
-0.12218626143485428
-0.14380767916659098
-0.0001979950227320714
-0.1437868937973364
-4.8737722357715755e-05
-0.12380776961989173
-7.763587496762645e-05
-10.000022176493768
-0.0001502057974056956
-0.0001721045416938414
-0.016650418488349642
-9.983399500302319e-05
-0.04984230196352953
-0.00011776460478479139
-0.00017431258650844837
-0.03740899798542691
-9.320375261292171e-05
-0.00011882187967389757
-0.0001642826611793544
-0.00017884778050523777
-4.870970208562241e-05
-0.014527460460608238
-0.0002161076015740498
-0.00020957131276805357
-10.00009249931768
-0.00012446472899820647
-4.472334711929587e-05
-5.241506256566741e-05
-0.11151870848145383
-0.05266774410542108
-0.00016774391781302532
-9.125762679813378e-05
-0.08623870951836674
-10.12986730320763
-0.00020236579632111832
-4.6689869937384193e-05
-10.009851365780852
-9.093316586095386e-05
-0.06939711605601989
-0.03782346710752405
-0.0002019599073014887
-10.000016852450136
-0.00010543095171459239
-0.0001654037195826711
-0.0001161584037820326
-3.976287712935365e-05
-0.00021304539173009468
-0.10339885070353469
-9.800171436158108e-05
-0.00016192870853308698
-0.00010877596692791575
-0.09282273782191275
-0.09047604657848604
-0.044894746217532575
-0.04695102094405555
-9.149941190893747e-05
-0.008435334385624894
-0.00011521714152403617
-0.00010617515232095753
-0.06556537378710399
-0.0002087658677431045
-0.00019279454062184846
-0.00017762432645264048
-0.00020556698520973933
-9.625519438506256e-05
-5.552941223425684e-05
-0.07895071840146306
-0.00013155540005643597
-0.0001901759293546315
-0.00014923574163104027
-0.09247027889226561
-0.02671409471428904
-0.005962694237414479
-9.23874840616299e-05
-0.06183337644583571
-5.592846669096635e-05
-0.05742456351446378
-0.00010679743701682488
-0.21015039532964447
-0.00012996901549254444
-0.2054139556030084
-0.054522241858336824
-0.030318616473433747
-0.00016849885545109071
-0.08384322879213936
-0.00016755179778618742
-0.00828444560399944
-0.0001477496824632494
-0.00018229420133516005
-6.284250594809819e-05
-4.9868968362156e-05
-0.021656104151063532
-0.00018700937483631625
-0.00021295545487279625
-0.08666407825381164
-8.529748422003074e-05
-0.00014184195577202354
-0.00014230214201523233
-0.00015101183430594995
-0.12814554663666913
-0.04311779688792014
-0.00020289684782785392
-0.006572216351109016
-0.00012217744490710492
-4.566683422404782e-05
-0.040715375702033096
-4.433812543379964e-05
-4.33657589586436e-05
-0.09206329126320342
-0.07204641633877987
-5.037415852765604e-05
-10.014880612347614
-0.000147059570360561
-0.00012763101015779454
-9.679186481286603e-05
-0.00021100797967079315
-0.00013885365283312884
-0.00011295434957198521
-0.00015368066016320224
-0.015888362845764954
-0.055403813389635015
-6.389370503437476e-05
-0.00014446844588271562
-0.00010779610927966985
-0.00011764927074694296
-0.00019799092962009948
-0.00010082673542696495
-0.16980294432288334
-0.0001449179682923901
-0.00015196421148978747
-0.00020673485421319018
-4.5396040672379605e-05
-0.0001641133687235524
-0.000169285844477569
-0.07983861388143634
-0.12650714133595076
-0.0001971260487623872
-0.0001861964331959122
-0.0728514976275516
-0.00013125834082825232
-0.0955741903186402
-10.091970535719017
-0.0002073762204693234
-0.00013629751908532595
-0.25729761901039555
-3.780079790924823e-05
-0.0001471964278659628
-0.04032098522806759
-9.106749018830947e-05
-5.8587559471558274e-05
-0.00019732490537053158
-0.00012810072698472903
-0.0001739736031565858
-0.0002208399119926985
-0.09572917112719279
-5.154635820672866e-05
-0.08460536516880592
-0.02357629519329819
-0.00019501268840418408
-0.00014902582354874754
-0.02626318857589724
-0.028283589671652874
-0.05635905590827248
-0.00021100785920842097
-0.0001830025348646279
-0.00015847050683938998
-0.00020351257617853285
-0.08443318419220017
-0.1209300325230534
-9.847930058204624e-05
-0.0001483002487208643
-4.600695679040662e-05
-0.08760144829869501
-0.00015357874485260006
-0.00015450289912203533
-0.06818464271100141
-0.025234015586075305
-4.7526147677944985e-05
-4.0962822580841744e-05
-4.30512082522773e-05
-5.027692824684462e-05
-5.318019893501854e-05
-0.06725854639605891
-0.00013790965571527507
-0.00013420998715878
-0.01411624992950475
-0.00014299773555814788
-0.00018532517350360026
-0.03056682631601003
-0.0473405738879701
-5.0452547895064344e-05
-0.00010131098832804052
-0.00019773511190441706
-4.1333500719680276e-05
-0.1771693927745261
-0.019548109688379445
-0.06266109607061467
-0.00015773266935568015
-0.0001528490501835081
-0.08354408816165061
-0.21185055693646215
-10.024629997005924
-0.02405644720806706
-0.0001100044866332538
-0.12295288294301537
-4.448906298372986e-05
-4.689072506938575e-05
-0.00014622258701092375
-0.0001546077377798568
-0.1797017709015045
-0.00021378464924446365
-5.133925283045131e-05
-4.1551170960276395e-05
-0.00013243307473118174
-0.00013537393505589447
-8.390854643133372e-05
-5.3252975636689e-05
-5.3891679807464176e-05
-4.5266754433175115e-05
-0.09094940054183602
-0.00019343246699300926
-0.0001576850794166231
-3.9857004185562997e-05
-5.178855950157528e-05
-0.11687149138404453
-0.00021342310419099
-0.0001301182799624969
-0.00015625528849709468
-0.00021366216528422987
-0.0001336530961630789
-0.13317993815440635
-0.00010720328470343244
-0.0002155009530621286
-0.07177449515057946
-0.09060575782617555
-0.04540481658627055
-0.08227541850156682
-0.00020460474836466814
-0.08069538061510928
-0.07566783407853445
-0.06919734588059433
-0.019443729920782374
-10.033320056594793
-0.06846178905965132
-0.11922046335772067
-0.016779323133323122
-0.11724001774858356
-0.16868718860143778
-0.00010919052159352017
-6.5524024781578e-05
-4.806715757868017e-05
-0.018677315710915646
-6.661795432999981e-05
-0.15454251112514317
-0.08047246302779343
-0.00021393596794733768
-5.3343276982774086e-05
-0.0002075679251117657
-0.11067253085728537
-0.000195587371986589
-0.00021708554854654637
-4.5133114581007446e-05
-10.000045099513034
-0.06209825311102826
-0.09645687304495924
-9.264896621187593e-05
-0.03078144803635111
-0.00011322310167115962
-3.831021118975957e-05
-0.00022194849117104944
-4.6504777957913286e-05
-0.00014392163852900566
-3.9237670767964804e-05
-0.0001331015233404577
-0.0001303604286832598
-9.734611510265354e-05
-0.00017724463650960526
-0.00014967498280500657
-0.00014814494896461404
-0.00015588896073643086
-0.00013584476570035824
-4.5752418078223115e-05
-0.10837726390911859
-0.05094475600479601
-4.065114757056849e-05
-0.13799595686249533
-0.0001947504265300202
-0.029919514422365515
-0.0001665620973881478
-4.299948021099758e-05
-6.800224886555103e-05
-9.543824875270861e-05
-0.06554929485560577
-9.633383003949075e-05
-0.020517556653208795
-0.12683086355566478
-0.00021272073629031809
-5.2118462642625034e-05
-9.101779027935492e-05
-0.07806782946561626
-0.00015856130131583132
-0.000147111152337279
-4.3095862991634635e-05
-4.550916031927207e-05
-8.143723515464786e-05
-0.00015340269369137384
-0.00013832207475251214
-0.0253704983387351
-0.07206089971113253
-0.00011239840335364602
-0.0002110343276931894
-8.744253048213614e-05
-5.053271054509534e-05
-0.06671218902960804
-0.000111005173030511
-0.03634396318825735
-0.00021327728029767098
-0.0001490785997933389
-10.032764503629721
-4.728218619788987e-05
-9.263379102093765e-05
-0.00021528440028267815
-0.00015106669551520423
-0.05346971345297172
-0.06945956515673771
-0.0002195859041679062
-0.0001482284033301608
-5.102372647484793e-05
-4.629190695545435e-05
-0.09093875453909238
-0.0001591437023446219
-9.28082138393564e-05
-4.872882606846825e-05
-0.21412540068754105
-9.280641022764322e-05
-5.390515110734011e-05
-9.50869792625758e-05
-3.735911297279439e-05
-10.0
-0.10525157988537549
-0.11485919344456069
-0.00014731282990839873
-0.00021648619351648485
-0.010640835911059184
-0.1000768920785034
-0.000136292269452282
-6.148920916699275e-05
-4.9944923473630615e-05
-0.00014044314621786697
-0.1355285458397745
-0.0002102854938802934
-0.15961106638728279
-0.05455781807053787
-0.06305672113102918
-0.00021709620766663168
-0.00017616857406920343
-0.08977612336950351
-0.00010132814084389945
-0.14075034133492884
-0.00016703873220159297
-0.07747394710820892
-0.08350202888733238
-9.28537346212944e-05
-0.00014270997452565332
-10.024458053388068
-0.000144385950419816
-0.00015053830398581566
-0.00013943639650726335
-0.013201167940808042
-0.06382134236110336
-0.00018495239129748525
-0.00014758677199482043
-0.032891619548272716
-4.04382131738975e-05
-0.00010389904625022448
-0.04879666600583045
-0.0001107553563965752
-0.00011182955743011959
-4.682117555227657e-05
-4.430110447034904e-05
-0.00010644982510397071
-0.00010063064725370788
-0.00010818364340870384
-0.00010602569919943384
-0.00010681124143565683
-0.00010162965275909108
-0.00015787345200309977
-4.6952559847236286e-05
-0.00016892462126089924
-0.00017204555453231588
-0.1198402277656247
-0.00018036261173870986
-0.04163669412190877
-4.267231195568778e-05
-0.20668172424537767
-0.00016830083227296598
-0.00015970137316311336
-0.18062888291218093
-0.00010915482085882528
-0.00016135438463441574
-0.05544003202426598
-0.00014951997189662132
-0.00011467155056316448
-0.030759338704722528
-0.00011881930082065376
-9.643902058040446e-05
-0.00010421623307990192
-0.09025717796957713
-0.015474247109515013
-0.09222020643356521
-0.12660423994003162
-0.10695399917781605
-0.0002123257014335343
-10.025614186078691
-0.00020878875470479113
-0.00019783196030146536
-0.03387861466490942
-0.11909417192349966
-0.018375642474933587
-0.00014081230570746925
-0.04212974137828339
-0.06287435900492133
-0.03279105134658997
-0.08677419489514249
-0.0001304989672604783
-4.66408353042027e-05
-5.38494760463429e-05
-7.811806451745864e-05
-5.736555542705533e-05
-7.044716599776658e-05
-6.998497885875638e-05
-0.10016784681179336
-0.00010451374141478918
-0.030637952294980043
-0.00021390400054076226
-8.86042525195063e-05
-5.4644123001796025e-05
-4.841271125345816e-05
-0.07485377932425491
-10.030575512138743
-0.0001460632950789088
-0.00015061448874075363
-0.0320103150257106
-0.08441553722010059
-0.0001348878726751124
-0.0001258286068919254
-0.00013676340158599913
-0.1616168340501882
-0.09206682219290349
-0.00020448697020248392
-0.0002047215300134191
-5.383009487186592e-05
-0.0001610033099401401
-8.71556192664467e-05
-0.00016446451969085346
-0.06483845916717257
-0.00020921325959758651
-5.4676273130666064e-05
-4.1606010201374347e-05
-0.21865865740823923
-0.00014409669228831342
-0.08399221301715452
-0.00017139201596599635
-10.052550113901228
-4.196111645317027e-05
-0.00015465212088886838
-0.0001599951346063073
-10.019060704028076
-0.00018952498659925314
-0.000193034814601563
-0.00018316973432933416
-4.83693962900444e-05
-5.330732885263846e-05
-0.06951012422897916
-0.00015758358041693686
-10.0
-0.00014819942100275296
-4.365650322981445e-05
-0.1464747079715988
-4.082317615835814e-05
-0.07492656516741689
-0.00021357499218780258
-0.00021276461419865542
-0.0923778931437152
-0.00016002057964972278
-0.026688188877972013
-4.214216994603808e-05
-0.00020970544315577464
-0.00011852525637978515
-0.10012662333210773
-0.0002001808810317225
-0.00022122889319685173
-0.00019033852844496017
-0.06259795900962863
-4.501338317583807e-05
-10.027674682807213
-0.00020156610952973516
-9.083830392373094e-05
-4.0242898311671555e-05
-0.2535898811140198
-0.00010972933672789076
-0.0750112433458229
-4.006712769678556e-05
-4.870335106688841e-05
-0.023745054083628526
-0.0001899235716429732
-0.00021131611664231594
-9.969783357398403e-05
-0.00018838882789013188
-0.04245538892199841
-5.6330412017671836e-05
-0.0001610224156273834
-0.00016539095792075077
-0.06951787428652448
-0.07408397871742925
-0.05097515961637687
-0.00022466625924169543
-0.00020143898619587037
-0.0001976675111320676
-0.006519595159920515
-0.0001116870805254734
-4.813979189410488e-05
-0.11767150457365436
-0.07231866982363218
-0.00022041589745013928
-0.00021108104060693552
-4.615609419999003e-05
-4.0642636988017795e-05
-0.02710576489487644
-5.163472119206317e-05
-3.469932407775343e-05
-0.00014757141367547323
-0.06471027486486079
-10.01838789294787
-8.936600961929409e-05
-0.12886546385747988
-0.00021878629710716274
-10.01069611507608
-0.00015157067163856403
-0.00015800032353764326
-9.06237243354043e-05
-0.00019678956541706414
-0.0001359824571128007
-8.697120346038128e-05
-4.746309550696792e-05
-10.005567261411702
-0.027135063382442867
-0.05954724375456275
-0.10557824613784648
-9.720550802393832e-05
-0.00022581226427543805
-0.0001517082003470139
-0.00014360351647738713
-0.010164734039983392
-0.0002131051949552729
-4.853973332755578e-05
-0.00011795736271942087
-0.06548419648821835
-0.00015986609706873894
-0.00015208438036429475
-5.4519001655982396e-05
-0.00011367168554187953
-0.06068231190137338
-0.17359320685614196
-0.00015830214278156677
-0.0001490677921962306
-0.11162336403541392
-0.00011121203478081456
-10.029075593969928
-0.026726298630604297
-0.006300411598281565
-0.010321167263035544
-0.00019780691133852894
-10.028881256190058
-0.00019542313142046098
-0.05346573428738628
-0.00013522174729720866
-9.237536064281167e-05
-0.039705393464667366
-0.02346804599054725
-7.273374979391756e-05
-7.89124332886121e-05
-0.1590878608219365
-0.0001209733532951393
-0.00020330295787249257
-0.12156454228838423
-0.00019804921517718163
-0.00020134510045515997
-0.10884239452558644
-0.027367214978813455
-0.00015787749251197864
-0.05990816109136432
-0.00019839764372053223
-0.12830849864455582
-0.10497427605117779
-0.00015211593683014745
-0.0001518949214243486
-0.05286620483112371
-0.04818855511503303
-0.017226113663424126
-8.871573687474932e-05
-0.00019028443561804599
-0.2606862735301621
-0.11173936488852959
-0.00019157194995378314
-0.08556321548329494
-0.04546212168336447
-0.08342055168020317
-0.0001434732479052826
-0.0001557603084299883
-4.5728633560663154e-05
-0.00010382248635973834
-10.0
-4.337637085026967e-05
-0.00010114784767336379
-4.7350762200190975e-05
-0.00013991385045241918
-0.023714695442545744
-0.00012216425454895995
-0.0002122701780640176
-5.586084519239632e-05
-0.00019595760923495537
-0.00015538316008283147
-0.00014683606859545724
-0.010648968425414171
-0.00015870844292090652
-0.00015260543248192104
-0.0001957489356706795
-0.016662287517629847
-8.323761435562805e-05
-4.891178388755924e-05
-0.015409122043534161
-0.00014625260991676188
-0.03714264756205493
-5.963927351104139e-05
-9.292955624468267e-05
-0.05074815118469337
-9.772136037459423e-05
-8.745036538705998e-05
-0.0001085077234025837
-0.00011817865844851704
-0.1076241531776735
-4.9093602284442316e-05
-0.00013304910600284587
-0.00013686602414807154
-0.00013293545575708362
-0.00013851453916002924
-0.0001334388581326172
-0.005980241278536093
-7.65546954068774e-05
-4.5634416902906136e-05
-0.00015185526942280351
-8.233414770200456e-05
-0.0001654025625494965
-0.00019264031118737613
-0.00014864875950720125
-0.12135969518333074
-0.10460969446585296
-0.1088225463466024
-0.00014808595883789597
-0.02831868111769594
-0.07442087010559163
-0.00010063030841036795
-0.047297872159012294
-4.437032742430708e-05
-10.000017710162886
-0.006901643763562022
-0.00015313429049760855
-0.0917371152235221
-0.00012153769435722836
-0.00015395831663034802
-0.00014876220139258605
-0.0001495818818573385
-0.00014890902126830149
-9.765073623778134e-05
-0.00010846007374867825
-0.0001165509615298353
-0.0001157366103915323
-0.00019407209328659345
-0.0001461994204795786
-4.623612510902229e-05
-4.667008410223671e-05
-4.545757708613426e-05
-0.00021780439443231804
-0.00016487650688456953
-0.0001659991204292866
-0.046822103339004134
-0.16828657028542496
-0.00011518524978957232
-0.00021999862512252338
-0.05509674732585715
-0.03402990016646775
-6.281036497527139e-05
-0.09591018136622918
-0.07011736958631286
-0.01657511772891521
-0.00019502490812162536
-0.0001947012123033592
-0.094624544847658
-8.907854400155632e-05
-6.557766576050193e-05
-0.13519029276867123
-0.00015451954407606094
-0.039328823907869084
-4.70425546377763e-05
-0.055372156176023375
-0.1272086736536975
-0.08352402088328782
-0.00021524907256449533
-0.00021143567095911699
-9.272992488758518e-05
-0.00019511012693996531
-0.12885431510537967
-0.08569595528750118
-0.037202880486931114
-0.01369094950639649
-0.0001017794671105515
-7.53489358935357e-05
-0.00015040720025464216
-0.1050160844684278
-0.00019304693778202212
-10.00785472543551
-0.00014896355237253373
-7.883322676632444e-05
-10.000007366201514
-0.00021198609938853283
-0.0001140897234059257
-4.7173835876403674e-05
-0.024458476173413263
-0.00020323493001282662
-9.046043358383223e-05
-6.070501792683262e-05
-0.00013896325225233805
-8.700197863951184e-05
-8.857767023130131e-05
-0.05536903860229357
-4.1836141881294044e-05
-3.70568037636143e-05
-0.00014660580378015223
-0.00011695066955017905
-10.00009242702777
-4.010607175255391e-05
-0.028777571889903118
-0.00013503000797000087
-0.0001433250885761921
-9.930585392777659e-05
-0.00015361610018903039
-0.013109109421148587
-0.0001667275365704503
-0.00012621738158768243
-9.193964438881347e-05
-0.0772983361820019
-0.0002129563888870269
-0.06343997912941024
-8.972083516679549e-05
-0.00021013052365706497
-0.00014737808027518956
-0.08458414511689483
-0.00015428421018056672
-0.00010817502350165848
-0.00022158366495949835
-0.00015319944001878247
-0.00015313827468053468
-4.825532077834263e-05
-0.11484507894465529
-0.0001755123093202922
-9.711908210253975e-05
-0.058749026062316925
-0.00019515591221027376
-4.8660590062222944e-05
-4.979729669316578e-05
-0.010279614692961445
-0.00012974773743971193
-0.022459345203546224
-0.00011532505445952917
-4.1526657518841615e-05
-4.258021974023892e-05
-4.606215589735535e-05
-0.0001010596492753725
-0.006301819756874546
-0.0001367518189978334
-0.000216564575682597
-0.00019043852173876652
-0.22264570407009632
-0.056364691820786655
-0.00011303682582555308
-9.824528051912473e-05
-0.04185081479680763
-0.00012862229058362352
-0.04305773741745486
-0.00021728792692281236
-0.09465819001103744
-0.03878323377895122
-0.0001510648089898695
-0.0001670274247387273
-0.0001579714054867599
-10.0
-0.0377510638512767
-10.025843750399046
-0.00014542432603496312
-9.690352435561832e-05
-4.459394959938385e-05
-0.00012848128965459795
-5.235915032992042e-05
-3.7885800117812046e-05
-0.00015203229046877896
-0.0602059668752323
-5.066978280696938e-05
-4.3193932207941826e-05
-0.19606689993821405
-0.00018966433076356365
-0.00015042565131427336
-4.763846922490877e-05
-0.00018756746373827838
-0.00014443238561164968
-10.015451946278004
-0.0001952306826900361
-0.0631037085145996
-0.0001244856443344392
-0.00013906496639861483
-0.08150472525915192
-0.00015068308677300106
-10.074798266473415
-0.050774848644203806
-0.00011886590415865982
-5.2293666331190036e-05
-0.00010788140861333042
-0.00011093642840647412
-0.00011753865511912496
-0.00010937807266243177
-0.02516029456516688
-0.00014117013943851104
-0.00014197100233984144
-0.00014122777968287304
-0.00015151276009922642
-0.08567366084610242
-0.0001452078682153088
-0.07401288146698731
-0.00014908881858645773
-0.00014182742196584472
-0.0001575786621102812
-0.0465914436085373
-0.00020388126686755973
-5.08334540300522e-05
-4.7824265601606336e-05
-3.710895745053863e-05
-0.00019502256385334137
-0.05172064802535812
-0.07560594912608587
-10.05593125069493
-0.0001958680826830045
-0.0001548680608988925
-0.060983283731948806
-0.0001165338072425571
-0.0715553297309183
-0.04883281275107265
-0.012861110235396196
-0.03380693073252805
-0.00015268446662590566
-0.00010967239244721051
-0.07259953082882971
-6.248188042109252e-05
-0.00010742707508482283
-0.00015579753284494942
-0.000146240626313541
-0.00015772116607241698
-0.00010881581617433133
-0.19690627348771314
-0.13801292495192422
-7.822136782176158e-05
-4.765564414795389e-05
-0.00013591555523933283
-0.029088614493880834
-0.00014582276188496217
-0.00014298446658552643
-0.05389757029297536
-0.0795774275943907
-3.641916096966218e-05
-5.202940345221105e-05
-0.027233403162426395
-0.00015478582603086806
-0.00016053598989461767
-7.899421136006959e-05
-5.199607943858532e-05
-0.00021401855643157764
-0.00021055323022754605
-0.00010857783662774839
-0.04309509538267591
-0.05063675959553223
-3.821749262299478e-05
-0.0001207424532087676
-0.00021122619137759055
-0.000214586579453294
-0.0001476995223741328
-0.05328114741852344
-10.01012072611243
-0.13932811773060483
-0.0582700713036911
-0.00014739530278909434
-0.00013403956500382126
-9.187981421869165e-05
-0.00019056101996024177
-0.0002154908420650986
-0.1336781550091861
-0.0001553512554738166
-10.0
-0.00016768277183618527
-0.000161671708786177
-0.022313477818542933
-0.09384533562574972
-8.995948373023059e-05
-0.00013680105301424285
-4.86201809685242e-05
-0.0001291395792455052
-0.00021083612224307303
-0.039370844044824146
-0.060248355173596876
-5.592385058490775e-05
-0.035837201049332156
-0.00010531038042551477
-0.00012458755071189853
-0.00012851030997956537
-10.0
-0.04982335903980335
-0.019823204603014635
-0.00019983627595700318
-0.00012890322721040388
-5.423944573440052e-05
-0.0001231675675329744
-0.00016502118678580165
-0.09464349330501493
-0.00015654436304192389
-0.0967985554103401
-0.0001363914909042746
-0.24129870735982561
-0.07124246703411381
-0.04568727273243968
-0.0347191549231021
-0.00011095711230067756
-10.000002588925756
-10.008724145930756
-0.00013651841931081995
-0.04961774561050464
-0.009638389924131085
-0.05090806948731012
-10.0
-4.3753584378044056e-05
-0.00010904650328519432
-0.00012984487799895417
-0.0002136922650497561
-0.029469461320270677
-0.00022008220039343614
-0.0002227771920616556
-0.00015718351591947078
-0.009651793769994137
-9.699425031811937e-05
-9.882912996227695e-05
-0.00021504081550563893
-0.00013525796376732727
-0.027167393286620198
-0.0001351097230563666
-0.0001302053803464523
-9.967131724643203e-05
-0.00014029877636743794
-9.453435251504787e-05
-8.909085207195613e-05
-0.00020242731936622667
-0.06427456006221602
-0.00010066464780140465
-0.07312669069174563
-0.11209911632716996
-0.00017080027533469832
-0.0001458707206010994
-4.3272638900660026e-05
-0.04077276296065889
-0.00014884029714975474
-0.00015431673627584828
-0.0001446082454113306
-0.00021779696286810247
-0.000203695272446938
-0.00015239469906238353
-5.466257718022047e-05
-0.00011848274538547153
-0.00017159531802306868
-0.00016596322713940956
-0.08734708879078608
-0.00020838723753250263
-0.0001948714348927576
-0.009283521438878289
-0.000154695173900452
-0.00015050947759578286
-4.157438568677786e-05
-9.098324850048929e-05
-0.030829555983144886
-0.1040994533909851
-0.12589713558112756
-0.00019508069806251104
-0.0001934259095534623
-0.0001571069303164668
-9.109329800492934e-05
-0.07091345463889251
-0.07040832551088434
-0.007766890411456562
-0.2197698857491916
-0.041131811216592276
-0.0002113923186360523
-0.000207404352177764
-8.941110497133339e-05
-5.628446875643659e-05
-0.000149369230754107
-8.071157635683453e-05
-9.368713217857447e-05
-0.12549341496307728
-0.00020568858920155935
-5.24191949778429e-05
-5.024874502722268e-05
-8.967720527029611e-05
-0.05997292873927512
-0.00016524520886875555
-9.135525687357254e-05
-0.00020345776559449203
-0.00011176863057293652
-0.00016456887351524348
-10.11308751442635
-10.006900796128065
-0.1039530644271639
-0.0001476709012617455
-0.0938992462958316
-0.0774839528495694
-0.00011411360399399894
-0.0001302759406505479
-0.00015593005718671248
-0.06423354174448526
-4.6672115342677686e-05
-0.07174743428612329
-0.00017441059865237776
-0.00015809588155992952
-0.06936058195608032
-0.05348225173034328
-0.0001410134795576941
-8.63932198205719e-05
-9.146133400106746e-05
-0.08991846780397243
-0.07167569433376564
-4.530561202579842e-05
-0.00019110928584591423
-0.00019396260299734728
-0.0001531616853647536
-0.00015179928546108735
-4.295679109974354e-05
-4.410261203468832e-05
-0.07738831151692313
-0.0888014530563575
-0.04900076356778035
-0.00018985476316292076
-0.07742383297365033
-0.00013575389983451223
-0.00014932642334648105
-0.1692552179583099
-0.00015127454568826385
-0.00016046928327083149
-0.007139175381485813
-0.0001710232373294706
-10.058354385689636
-0.0002007702597488637
-0.09891860186015172
-0.10141329401375164
-6.730599918982456e-05
-0.0002164813512211502
-0.0001002036145537867
-10.022837032555932
-0.0001082784456799013
-0.00021335784718563752
-0.00019900017677559006
-0.00016168772877853658
-0.0001849497245629595
-0.016022059605331363
-6.643879307748517e-05
-10.000008457094586
-0.16533430777056748
-0.179815726563351
-0.00013829934305524124
-8.83225510018561e-05
-0.05472388750688806
-0.00019230077354901877
-0.00019402846245345027
-0.08079613276904433
-10.00000344204236
-0.04359433190554837
-0.09296403795623431
-9.207989291081688e-05
-0.00017252339346532074
-0.11734403975110176
-0.00022294300445015286
-0.04039898866809308
-0.00020074649397449116
-0.00015592771483746723
-0.0002062720636609254
-0.00010836737507573297
-8.470595727025526e-05
-5.1077049384502414e-05
-5.541735892440757e-05
-0.0001360691934488212
-0.00013933176158014245
-0.07740312889568035
-0.00014072960829435437
-0.05076852514967791
-10.034423612711663
-0.00016210371519443485
-0.00012000442279243105
-0.0001502699547810831
-0.06570892283093799
-0.00016237011914942395
-0.21537182191301768
-0.00019988582904255798
-0.00020029326908919265
-0.0001945109249351885
-0.000202706119096098
-0.0001897621368728491
-0.00019560975571541734
-0.00020370702325463446
-0.00018543646195349277
-0.00010534534599978177
-0.00015616107105728453
-0.00021764767464357775
-0.05742263220987116
-0.1681205412078945
-0.00021913661008657182
-4.5349919706208275e-05
-0.0001938356978499124
-0.0001065724045585497
-0.1388424744934552
-0.00021593966899019967
-0.06640603972068237
-0.00019424787338451243
-0.06340812304305396
-0.052218399066913807
-0.05341885756650042
-0.00010193679608679152
-0.0001039698313762198
-0.0001786526920229662
-0.00021427123734947073
-0.00020013842796927117
-0.0002218078647367189
-0.00014657958469296866
-0.00016664498031104913
-0.00016662495105017975
-0.02545365372522601
-0.000196337927138579
-0.00010486282957901353
-0.12110101364165483
-0.00010879701144653087
-0.00021123567058974838
-0.00021739423125322207
-0.000198052818291092
-0.0002029620354700228
-5.447391880000001e-05
-0.14589617152167467
-0.15327759772403937
-0.00020107183339952212
-0.0001293555543494091
-8.718617556513559e-05
-0.00011259976480041934
-0.00014800195101984245
-0.00010596887093123672
-0.10298139744054668
-9.572713685802967e-05
-0.05827139470650289
-0.0001320444330302513
-0.00013812984425047673
-0.006937126575300181
-10.014339260108777
-0.020444948455458113
-0.06561810449080577
-0.00019462065583581727
-0.00021611778375208525
-10.0
-0.00016990860596802242
-0.018784100723655668
-0.047820212593417025
-10.0
-4.446623943414645e-05
-0.058931340194399745
-0.1482655231583215
-0.000208394648735097
-0.00016770420635931686
-0.00016817318445716659
-0.00015524727802588022
-0.00010119882047748407
-0.00019743176330133032
-0.00011438666713349416
-0.00010249345953805835
-0.04313179526291022
