0.11751107539622563
0.5215046767455547
0.4760662391603576
0.1483137700337218
0.8647989533191179
0.8659706611633683
0.5245904192708036
0.5288032442303663
0.058579988108200615
0.19042535697668578
0.19155481886986575
0.2815721954381248
0.11459581521702064
0.4222273288102452
0.23512906289524066
0.29851867380128183
-0.5779923242871878
0.20702046869106033
0.315984312746986
0.5741690505120964
0.3610493594705033
0.24645027019406135
0.3029364133745851
0.32291498103394706
0.29559075831209697
0.23489656106668144
0.37472063063573424
0.2684978940008575
0.24968536268279046
0.10367898039729886
0.08658728293079096
-0.1086656760836307
1.0774656460938994
0.1850636831294936
0.047361286013281656
-0.036914961478092284
0.15892527855559382
0.048662227227922
0.12221739908400936
0.7776779773092634
0.15335703562140793
0.036054249838641125
0.9889086571604637
-0.05242036070128481
0.039173068101331976
0.3024958932560835
0.40511229980472446
-0.2214946072173235
0.711102231611196
0.5993554612253675
0.08613696299881086
0.17655265255321334
0.6618246295685175
0.1496991444843557
0.3785597769574618
0.5808520290486656
0.7969017253541897
0.14459873374702192
0.13222739863267358
0.3745575692524056
0.1607003155455692
0.22180710295610678
0.5907366212214964
-0.2188606746095754
0.8335191659342202
0.326100484013139
0.7793447616018888
0.1655674625524197
0.7364931571254298
0.237423278227475
0.3095276173957614
0.08341762538163489
0.2964127543511076
0.0015646559017301331
0.34057385107023047
0.15633823586385842
0.7375122394200476
0.27055817566423407
0.2512982595979351
0.14727910192489974
0.6530834883198712
-0.09153805286121439
0.15288078929117277
0.6331081816479455
0.8229885883213324
0.09344392955525113
0.27942260125033436
0.6343654824150878
0.21778391065218317
-0.002940260294406416
0.8186569933467481
0.8026622865386195
0.7126381598449998
0.8408366376767271
0.9447220237454413
0.1366983052263552
0.4513578287538127
-0.03710539318639036
0.5413727701559377
0.3882030455209298
0.6856155940668067
0.10029674416274328
0.7602723129507567
0.5037606025120489
0.38637269538231045
0.9126984420239468
0.539080417500393
1.0785424358347357
0.4270507952556831
0.27469877336225595
0.14011123042188095
0.5396305608206254
-0.04559903841783547
0.9119685365083581
1.0333676505417344
0.270088009605399
-0.024189324211316393
0.23293926398344683
0.41409078106283614
0.29805246294890575
0.5838945122246184
0.9729416455698565
0.8026413745325184
0.046916699578152254
0.4490175504020793
1.1456334930793555
0.918686222392823
0.9524596131389145
0.4419054222538591
0.1365570031035819
0.6819389471414454
0.38963589813828803
0.7665804815135546
0.2129557716304432
2.149211629035421
-0.28661744196600214
0.4769125481179915
0.3453930811172997
0.13259585722890788
1.2951968756555832
0.785947426048412
0.4586685859672037
0.3235372133461205
0.17504794922545297
1.275894100835427
1.1433883877917217
-0.08233205845102098
0.3299795742426309
0.8140401580834292
0.4930407167393027
0.2903373486221086
1.0993128665421068
0.2832568830073148
0.5010625347359099
0.14809716080295632
1.0070510464719193
0.14748624234467989
0.3757170974435867
0.4726462494318452
0.8411765846864441
0.14134430678294205
0.3062129611264643
0.5683944633903016
0.772922666023812
0.5839107352078039
-0.3131999224649106
0.9654014087898599
-0.29504755918043607
0.20523727012685916
1.1313036165579928
2.1909514674714727
0.2564512748227084
0.15589447291456737
0.7458586844979271
0.6524337943902836
2.1501594172952325
0.29144621584827696
0.04415790999590316
1.0151089133715605
0.2139311242130999
1.1401989974020008
0.4154208003811044
2.159259063203718
-0.02939334566049734
0.9225060386966503
0.9789457260668284
0.3104932535331002
0.4926558599287169
0.5370281863553182
0.6560896930222246
0.2953552101904797
0.7215029069875654
1.0279671766422354
1.3390351457447758
0.6654620286522891
0.2658686949057437
0.904142186459207
0.561243474228721
0.46955051530442987
0.9604519346001236
0.4812535693054511
0.8047295082158143
2.1720827087355494
0.20831474817341894
0.6122295754182685
2.178373250451001
0.7145386726586068
2.216623568563
0.8862122501704891
0.5428206629540673
0.7898100891020059
0.7637280572952926
0.06312662360962128
0.7962022704826606
0.6528799089348286
0.464586643678943
0.793536047470534
0.8403222860227149
1.0469248006986671
0.8013762357907969
1.0492542021916622
0.9261910712679688
0.18407720093482555
1.1185001979359361
0.9490761792527486
1.1104905787650836
0.317630352115706
0.48253580052402256
0.3100934778415153
0.7545103542085474
0.9368505153754167
2.152157453595372
1.1843064483977945
2.245633251638515
0.7820749981819682
0.4156465782544727
0.39378629623539263
0.3759607336360614
2.167006841646918
1.1433602463703627
0.806805045598263
0.963168926370325
-0.1918223286927025
1.0498959508773813
0.9458719914746604
0.8008329477744113
1.1155149704218454
0.6384432276622561
0.7219701260434968
0.38178903141979775
1.0319644114160125
1.136447340829426
0.7483114668136148
0.5095961893974892
0.3039332238639868
1.3231220549577876
0.3139888942647773
1.1565173018762964
-0.02679439171109943
0.45897216241744865
0.2384517236059402
1.0749635882680846
1.0165158707416273
2.150496960731803
0.9488179143579104
0.2596669328233048
1.1021482901650184
0.8441836669686442
0.904369677242779
0.11759435256090654
0.47369765971624683
1.1000225230750973
0.717604195154399
0.8515684186337508
1.2275260338526472
0.8215744378747396
1.043899611540919
2.1900615662392613
1.2949535625932482
0.06748635261576108
1.0885714183047432
0.4659285508574106
2.1828190961762814
-0.2520115049790076
0.7077546787103787
-0.11214712502523433
0.9903046019091698
-0.1758896723347589
0.7713094244465564
2.160865741627293
0.38629036884944756
1.2536128943521154
1.021446336729715
0.2267749002007871
0.7800715240952973
0.48627253495999356
2.2024981101013728
0.9469607057575634
2.1651603433071727
1.1650993699955112
2.1856120412011752
2.153255457747334
0.44653568781615377
0.7782744223146341
0.7979393824352286
1.3126105832406167
2.1945943075264807
0.3780145850918364
1.112989147136608
2.195776156771104
0.9091119412470715
0.3854100411766307
0.3194049885076693
0.2423761321257533
0.7557361474928128
0.8394417270239081
1.3096657613784561
0.15095586800425878
2.187560761305879
1.3364138648724926
0.6205143734223345
1.3128248966456488
0.16304952103044862
0.9768248949873443
0.2465665113612926
2.1997037017949275
2.197185536358724
2.190509918351437
0.34275694227454157
2.18553367366105
0.22101098362470967
0.6276413261666167
0.7001136342633778
2.1743607322344767
1.3166323492635676
2.171726320565061
1.3369924450682231
0.08395287147202046
2.1891684527556228
0.8728406970389058
0.9063097138191658
2.188807904036494
1.1052350691669632
0.6444167871639683
1.1785089081605686
2.1795752924509344
0.4059032121932399
1.3177467829726108
0.26716234389713867
0.2488773203158069
1.1539838946698024
2.1920948877679414
1.1682438131674708
0.3308280029640993
1.315142761841219
1.3019215258027903
-0.13282881620974268
0.3049548774660107
0.2473050388167056
2.198503923952745
0.8925962217321869
2.1846926082939486
0.8071341034183449
0.32968731362757353
0.4003720139006436
0.5817950980714481
2.190338142233552
1.2789134069808226
0.7889141856668325
0.8670146786917657
-0.1978761644670889
2.174139194397885
1.317584241891794
1.1643968621542993
0.6616581268186187
1.260093149769557
0.17501853504705586
0.3311416237032352
1.2999616282185924
0.07285468099423918
2.1927547174158795
2.213131735614332
1.1785356706733694
0.8156685659096332
2.196798185258861
1.3365577359610625
1.163162338240952
0.21545268589837496
0.7974102269732677
2.175136708775029
0.2923336989352615
0.7151358788124906
0.28410131072488665
2.174605821218479
2.176899588573101
2.19341477586979
2.1659238628110997
2.1930978915567536
-0.19590340140738483
1.1667403519752093
1.2986736570890718
1.1205128753092057
0.7896698461026692
2.142798929529373
1.339166904892241
2.2235689429739356
2.1771809994747495
1.3112262069177656
1.3227781956623128
0.9091683428947235
0.7660275597460837
2.213703630066454
2.152509639358538
0.916912151328588
0.6475179289287714
0.5707504760677997
2.172824396570152
2.2221928952815797
2.206678068260005
0.30361627846572087
1.2889419759393235
0.2408391171399733
2.1725931335307616
2.1840072215208988
2.215814778730056
1.0551196263078235
0.6166083312230903
0.9975804909395682
1.1545767369149817
2.2054445284212623
2.230925758063105
0.8135816322201915
2.1991234560218036
1.271604968742444
2.199936841586905
1.3203990753738537
2.208712665213981
1.273602325415723
0.5916261934608142
0.9515702240312783
0.9472346964889762
2.1681869966622513
2.14376406956378
2.1569042381412977
0.9502138225865575
2.233630327744198
0.870208888769636
0.8551399667422247
-0.024390892656821872
1.1274401982935651
0.5526932280600714
0.2335669445192382
2.207078781153551
2.1745904563957534
0.9690059484582183
0.6331350577517928
2.2409747666571938
2.1708464461638095
0.8308463097944785
1.1617224238279216
2.1558321073592035
1.1623094195549983
0.9826153601395643
1.1222517696908514
2.1946958401488397
1.2997149547689382
2.196710365331075
2.1688540197749786
0.22005323599072554
2.1926137047287355
0.9947324660022886
1.257834638375408
2.2025504008399674
0.3443892034229561
2.2036427795497886
2.2069660357281666
1.159517760767188
2.209953277778047
0.9672694342394405
1.332526284827127
2.197021371342176
2.18000631871773
0.9730000207660063
0.8162092554026406
2.1736053121901713
1.3046380221752905
1.1185508018072698
1.055178232438574
0.9819169181206172
0.44440072991931656
2.1532110208796347
0.999378919015244
2.202460384539197
2.200640889282341
2.206929420599831
2.2011054181117893
2.202045191097028
2.1676532388769623
0.06625000489977145
2.2110480833843003
2.14230773604582
2.1763353655728483
0.6515333156625607
0.3555108600520485
2.217728432313325
0.018685701302766256
1.0867633219472628
2.1550242266426904
0.8218504090395834
0.29353846767674774
0.28978373541267205
0.2878948403640431
0.29401922204533826
2.1807280226743826
2.1465433063633523
2.2037250711585266
2.1900048860178023
0.9230287884989397
2.1912651242085968
2.2060780897179986
1.3043924483067153
1.2854429831644645
0.47747610208489477
1.2689671297120269
0.1260780959631676
1.2637947006066523
0.6070888186249624
2.1507268769316523
0.9106341438809147
1.327778022727994
0.9976745855667574
1.266450504557331
1.0516439084358198
2.211878991057172
0.9752447728019451
1.290371467457052
2.2299742976878996
2.1950208467721906
2.182211991599221
2.160275651340263
2.1601381921966674
2.18090490228548
2.1733262819169923
1.2523009685733548
2.1993366637278715
1.1235920325159259
2.191756618748898
1.303715977991127
1.3290993148491297
2.194582095558891
2.2080461827759654
1.3221051970401887
0.8496364833024179
0.8485601537339742
1.0603101818929015
2.1848472200645404
2.222370188908125
2.198668666716711
1.1099625156119841
2.154829016965638
0.9828668938075994
1.326302666812372
2.187420433346887
2.2203076401098345
2.2452759490700203
0.27988314154718985
2.197231345666445
2.149004585642123
0.4648613889736727
1.1392308182614892
0.2771014022445323
2.251043330766567
2.1412983639474854
1.2914496861592297
1.3605878783649596
0.6157939798213405
2.2180775441054528
0.2994170726770668
2.1596914170028008
2.1747054151488303
2.183801966221713
1.1562562642354222
0.38445980917529704
0.7807999555169955
0.9639554562413459
1.3000904107241187
2.2281120324926267
1.2974287591161404
2.2024003921485
2.1729431776905943
0.10689057893265677
0.28084461554609985
0.6229973347004101
2.1981540165621727
0.28627966478441896
2.149860391330007
0.28083654880077336
1.0280803546039876
0.629628811743369
2.1790050871447932
2.195855031827893
0.7716359901851872
1.1135386938791987
2.1986120837232583
1.3199586891715351
1.1584326309309978
2.217760614375666
2.1906989492976194
2.145267593824987
2.2158218492641195
2.189825632648148
0.02350263078179382
2.2010063083068236
0.8224132518234682
2.217662857542436
2.1939511496599833
0.7952556315430647
0.7877237058582134
2.203773486484936
0.6341411412939923
2.208396092635663
2.241944079624705
2.2157503206799802
0.817173091820377
2.1699136547307747
2.1876015182914443
1.154855153642371
0.2939536291047896
0.6239839830870737
2.187832195873363
0.27413043994583597
2.1642924663656955
0.8728769489252723
0.8158578347216592
1.3415589124384362
0.44404603879282173
2.1727830340117245
2.1805587312185737
2.2351307190644176
2.199247203938244
2.178618429679297
1.3479414791405475
2.196606622882727
1.3221260380361115
2.215811034799232
2.213278174337269
2.1852204637832644
0.621067411327867
2.190631006480731
0.9524231900211577
2.150607217226045
1.0623969178014196
0.2720503562296196
1.3116351180953236
1.0961380863640635
2.166736610471504
1.1316463423469156
2.1797059167570674
0.272346828483013
2.17542045436645
2.2168546601115175
0.8168996153052958
2.2430061170416455
2.225923485643989
0.2777823644004895
1.3311926826259857
0.29079489903781297
1.2991834227317227
1.295406383085112
1.3092421466786206
1.3301980509850861
0.2804834996794927
2.242110951905703
2.22430789733546
1.2630269578434858
1.1681682134300928
2.1791897117144416
1.3625338836397027
2.212885246272004
0.625109061063893
2.1791644106207704
2.149952022167186
2.178774405301957
1.1696153893075794
0.6091820733518474
2.2458882643715725
0.7294043242592757
0.22681260379034351
1.3473028367316362
2.2155235233657713
2.1661950466600506
2.2006233670656634
2.155090154831954
1.0225513734993248
2.185673180458082
0.273566883371777
2.195761157734054
2.202589807137219
2.220193983229179
0.9412669317623538
0.6396962322441707
2.242045276067875
0.9203553104037892
2.1574985874149215
0.677174818702386
2.1737292179711982
1.3124234240620518
0.27870513194939134
0.2752497115319689
1.1460051291886635
0.28200521815973006
0.4452941574269952
2.203138063528733
2.1622392218354136
2.1464397844291883
0.8033182588286367
2.1970786034087753
2.228141417326593
0.6298196598874466
0.21783188302966025
2.174912236943242
2.1765374972967466
2.141996535855645
2.214034376157855
1.2840359872424059
0.2829921303702615
2.1693550218932494
0.8984639046397501
2.1819337220156085
2.1698446316090365
2.1871877757703353
2.185560403935597
2.1750048601885137
2.1945475912821495
0.45678660007491806
2.2123840861301223
0.27596707933077746
0.279279203602182
0.29456263191708576
0.28015043956766184
0.2904262168066883
1.3251831801439582
2.225644290508349
2.183791335625232
1.241412340497966
0.45292476995974956
2.169181148569731
2.1972316137208026
1.3123616571198393
2.198756766473552
0.7947339722456651
1.2997550003043268
2.1808197759864942
0.2959981047073367
1.3269856007345824
0.3853706826273267
2.2038957968285913
2.182705105747373
2.2195972764357554
2.181864369966416
0.6456167915590448
2.2007328730957916
0.12867466431914493
1.3113477182614093
1.0225941432511851
0.27062953734133527
2.151359361523592
1.1264758722108175
2.2116768938243783
2.165264226180356
0.23186721714423025
2.1911904219428155
2.1590999635103523
1.260482531853642
0.6195787300762458
0.2843986205365261
2.19659932451235
2.18930089438088
0.09868202053611998
1.2111628851947684
1.3528109336330476
0.2841991671115074
0.4449741322687061
0.6341014830233743
0.7959378849198393
2.203253784190246
2.1724738695116423
2.2165441243780553
1.2641003057336029
2.208445600551234
0.27954200244145033
1.1323857818593452
0.8216795231711643
2.172487246091149
2.1885430606686187
2.245212848210107
2.2009385470645872
2.2178949242288066
1.2930346580019907
0.2727623309223691
1.127924017679053
0.277203265027824
1.346694101658488
1.3017996515753052
1.3564752137214875
2.200851806730497
2.2069120361145558
0.6419151069896885
2.2060376412550418
0.2827643041227841
1.363040128369643
0.46223477132525004
1.1356213292185178
0.29615058607906897
1.2972326987393492
0.9952477191317397
0.27905801884839804
2.223798152115898
2.1996041682551564
0.22196503966933828
0.9511382401708954
2.180484669268016
0.2800976445488925
2.2400325562325234
2.1840751665664797
2.1700584004150025
0.28416572540749674
0.9498633725562481
2.206548661107099
2.2304943936900106
2.175355490191369
0.2831671728918036
2.1704508097375657
2.213792987314882
2.197748606824576
0.28142344122788454
2.148141035491376
2.1868733852533055
2.1982794003581976
2.1733831314213212
2.1966571136660913
2.1883676076910756
2.184395922540734
2.2028310087420264
0.27067566824640377
2.193637129706782
1.3196244970093067
2.245275776758894
2.205714238785968
2.2155551965392712
1.123029052259049
2.235754107357861
2.2239081192920866
1.0551329835624235
2.227715946414518
0.27517137002400827
0.9975191093240499
2.2441729280035334
0.27689671550273
2.1741941772141278
2.1719421395837
0.9460373947623715
0.234309585100615
1.3230470587374084
2.2113380623254524
2.1386914331294067
1.325527882057444
2.234037741901496
0.994917353982142
2.2099351841101145
2.187686268674035
2.1741957301937083
2.219654202455471
2.2074715281088158
2.1710177527739667
0.2785693198581643
2.1739697332672847
2.2351275041887764
2.1843787382288724
2.20864703870457
2.2236674118704203
2.184383767591675
0.4914944610809303
0.2816583478406595
2.222420482733699
2.225837603409726
2.2177116728281643
0.629266473961094
0.9261695062387961
1.28032817007151
2.216795031660009
2.16771955887416
2.2226576520275305
2.189341877157263
1.099616271649885
0.4943249481535165
2.1823064545425934
0.28132364600778537
2.1993823760052376
2.2304251941985105
2.1968780993820634
2.1863931214977432
0.27603784407892756
2.2092869879232397
2.1866513121751616
0.2765938384119865
0.22404946966038708
0.27859989633716953
0.9873035743595293
2.183093202374864
0.8076207194692788
2.1958008807281932
0.47646610368173536
1.1432719493373436
0.46153260680060415
0.2797519512568549
0.9497256403946139
1.1130234539915471
1.1920999264560168
2.2200100826083795
2.22170460649944
2.190460523782729
0.9038966890079749
2.1425448617624525
2.2140801509744605
2.1915468376870257
0.275149618007108
1.2990456454510033
0.28511994515036365
1.1505426146278004
0.7248942887485987
2.190507514790979
0.9004683771033417
1.3309687703076125
0.27810945081757243
2.2010081240716595
1.2855166211251612
1.3033986741180708
2.21149507207867
0.2701105930855704
1.1802263180701937
2.2224083720485535
2.197551396912491
1.3485022463744007
2.246879974434362
2.1859194497726406
2.168026769059508
2.2023412089557377
2.1756630215056503
1.1870626683946064
0.27648057725629005
2.1583241052817916
2.1763424808740286
1.134674450360827
2.1971543994058
1.2963391095904062
0.971175029932528
2.189464233243389
2.1985404092696132
2.216694873496275
2.1567648237584507
2.1495600350755897
0.2908394138189838
2.190118859275243
1.1854733456203437
2.222651366610159
0.28493557443678186
0.2903091756518953
2.2151195124720084
2.207281603064924
2.1749520608608472
1.2957274631391276
2.2057114388897934
0.8708169103529534
0.7289075552548183
0.28011401434039607
0.2779882957454751
2.191707387540956
1.111347665471261
2.1887104927468313
2.2356195235300467
0.2823590604770869
2.152491185165984
2.228656467203285
0.2734250037224534
2.2070251744847527
2.2134098494392918
0.2897241473561789
2.162472482725951
2.2295728446197964
2.160419462716056
0.8034292116099527
2.2052663920107762
0.2758289448784495
2.2155368222735756
0.6347584455364029
1.0725310394957832
2.168748256944937
0.28371936085877947
2.211610514595198
0.27673081661333476
2.155784882293207
2.184550632104563
2.1763575780446285
2.127865965020547
1.3267098575741711
2.190227027944332
2.1661608691292282
0.27950562706590387
2.229700963673359
0.28008628960224036
0.2794186879676983
2.196569392121672
2.1411081853387404
1.0137141532360507
2.159526425443031
2.1915860840407833
2.2149586662714746
1.1450327285697994
0.4570789729913009
2.213379042707201
2.216809128317128
2.1898598195552026
2.1972294930058194
1.2624204064213567
2.1650280269393116
2.1961648499231874
-0.16057064980797162
-0.16367455767609446
2.159639216121997
2.1404097948404637
2.1580692471707796
0.959639243501658
2.2041744770349876
2.2051472456745307
2.1316034029103266
0.27694266110127175
0.02105369734647211
2.2005077616463433
2.205131380214264
2.236679582752419
1.047588853019689
2.191014744882251
1.2982654198371066
0.5942186208584499
2.1714629377505377
-0.048577831587460985
-0.1719683585940497
2.187585687571291
2.1685028473833556
2.202885434890745
-0.004999622459664066
1.1365380584052647
2.151608949615879
2.2038011660197014
0.28292970299138215
2.1939755514699395
2.1712662018113713
1.1097165512241312
0.275158784674626
1.2829311170450408
0.6195115067197082
2.2150653584029723
2.14996002104513
1.290788990698485
2.1917981512338627
0.6087010965384732
0.1697025787815395
2.211694324445896
1.0905665813187326
2.186568288470565
2.1777185145599764
2.1775171663055657
2.121651967550508
0.983469566798147
2.1426797929095085
2.1703588497334523
0.2820776032340767
2.1851312419578157
2.206886107344765
2.200421213244724
2.2170102928315876
0.9685635014344725
1.147013990707081
0.27730058840985095
0.2761097117969767
2.1860853450011835
2.2083406654556317
2.194260053073587
-0.17373909985063368
2.1652600747898543
2.217473922764041
1.2716874041865824
2.1655021020479612
2.1806792209502195
-0.011386975401267374
1.3440790982684574
2.195819628203659
0.7876406417235546
2.1754004430593348
1.114615825295207
0.8154217095370823
2.1985887199623346
2.1492492273258605
2.2074372779801372
1.097737351191597
0.9800538185576148
2.17316277797791
2.1805549803425066
2.2155239996082314
2.186449790574452
2.154462175895455
-0.16096747367440206
1.2534655676634912
0.6806250438374017
2.1638944059503573
2.2112660337042334
2.2018023088030776
2.1866189133644314
2.2025141429127126
2.1682377216844566
2.24566911241392
0.1622540734338726
0.18536375149567358
-0.16338174694788588
2.180251491960803
1.2812088249113247
2.2017455553951697
2.187169253020638
2.1972904247107925
2.182890944430156
1.0933916782718474
2.1607439350454554
2.1760536325784736
0.7215736960915056
2.226172998797454
-0.16513465530447116
2.199336831339102
2.2046384892807005
2.1408068484916756
2.2094920848597894
2.198495967722095
2.1965968111956227
2.177915713888173
2.2065206619672306
1.1102375025863507
0.11393666788224399
2.149229181772961
2.1425955908084737
2.198488106514157
2.1252499395492075
0.9682954012269199
-0.2224531397751628
2.1665745610754232
1.318354071012864
2.183791725603791
0.9370796935163545
2.1466946922091754
-0.16479420097097414
2.176611992248721
2.177659011203003
2.1842131532239404
1.1323677962918919
2.216491491892393
2.191585096972453
1.1299569581219542
0.6935492121391487
2.1895617826140725
-0.1691077138119548
0.96686237385022
2.2013875344857063
1.019771184334408
2.221812352884098
2.2412160958150587
1.1379106032824877
2.1604245175523764
-0.16345414322508306
2.158959700014968
2.1742467853153338
2.146905647763088
2.1685425463566137
0.8413856216064017
2.2100650154256187
-0.17524355485772958
2.1742899619751217
2.1705581383340764
0.2795563074920855
2.1782690305018457
2.1116143423263773
2.2080620547664775
2.1882541667282753
2.187747986028331
2.2072448634190733
0.7928896160948009
0.8004431984103619
0.633904381715579
2.1800696339403425
0.013763966772205871
0.539532879756319
2.211553938740459
2.195101199524758
2.199367354754366
2.181943031187684
2.1840178079337313
2.2134748297013984
2.1822703728873902
2.187472504298883
1.288667336726041
1.125656580852284
0.7945380071656777
0.2788671992753863
2.1670819390294254
2.2202407412848926
2.168135497225129
1.297477569810357
0.9399137013720047
0.6902350955694031
2.1843095429905413
2.200372954776186
2.2049188001881905
2.2032846752644546
0.28332036926799004
-0.05350679287174387
2.1856998869918622
2.2096190161733356
0.774909564654388
2.1790360088154963
0.35632342482730106
2.1712592901969634
-0.16184238643234833
2.217613171977314
2.1825977761930417
2.191822815854826
2.1836797744097662
0.7991964115339935
2.169243898376953
2.208017523165311
0.2827971614939273
1.3161706460344944
2.132039909506404
2.1694877881824466
1.260318747667038
0.2757192535288401
2.140081635348522
2.1879924537873765
2.189748928140143
2.1911139845107197
2.1839258248975186
-0.15916363633747527
0.27469995090145227
-0.17157124082108421
2.16754157983819
2.2027032127030624
2.222118183014196
2.220201243528531
2.2096190215688596
2.20258087709908
2.2011533732191864
0.3419738719678604
0.7722879031366165
2.174337262731319
2.2123587640367948
0.28046231538200644
2.173893440321658
2.201043042780845
2.2073933608456144
2.1848320584873377
2.2341620621832208
2.162544468249079
2.194546881893148
2.184827626989966
2.2040476950642587
1.1484138251470886
2.159603503535476
2.1418139191878867
2.2068375511184515
0.8619110737871429
1.2845874055902993
0.2820185752777861
2.2305137548284186
-0.7157112611463605
1.1022391582219324
2.165224891566286
2.178678983675338
2.20202568152372
0.9623205256078221
2.205792570518587
0.28019840380899996
2.1911339177882545
2.181157327266425
2.228029299120644
2.1887487580399405
2.1946013281204735
-0.22572783513420736
2.2376121508120423
2.2261924595832525
1.3502695927697794
1.2931318928745712
0.2774434656279521
2.1797456700226725
2.1709053723489635
2.1241616815653983
2.199827554774222
0.28073131733503315
2.2172439573008016
2.2253635900132975
0.2789666355048609
2.1781967544308474
2.1901223638780767
0.7885209615406579
2.1915753960331004
2.2019244424842803
2.185512816369147
2.1616749488177356
2.2163284252589603
0.6296704985458778
2.19068052767586
2.2131163907097546
0.2784001321897293
0.7496723775077687
0.002062595760158048
2.1497579242280347
2.216468070848183
2.1932465171302926
2.20695688378983
2.16834748408053
1.1635821539047904
0.9651911395873939
2.178847762138778
2.2124609994796915
-0.1634864557068287
2.2295235999270355
2.170857562057181
1.125453248367238
2.222966133820736
1.2981246203140053
-0.16891330210708705
2.2217829636759787
-0.16446571661239473
2.1644586999590967
2.188264049012835
-0.17159664514161996
2.199053088589329
-0.17305444765606057
0.2719293192391369
2.1843331602805782
2.17458973988498
2.15751775171759
2.1955775729792353
2.213085825305536
2.1960295201517375
2.1804781286971098
1.1279244995385886
2.157842868102499
0.5133102929492874
-0.16599992100515695
-0.16742428291587327
0.7023392604739256
2.1677983129759326
2.1626366416920373
0.44833400369572707
1.2827017128208504
2.1593619777204056
2.189540812291356
2.18112808048802
2.1902831431187053
2.2034252639490606
1.1965408025995052
0.3368917860565297
-0.1617614688160855
2.1820056384076274
2.187901776117548
2.16709595778447
0.7587494300112361
-0.22113602473492977
2.1689464016997904
2.220275977718142
2.189843960257575
2.2168276746524227
1.1306740910983042
0.27736557802136935
0.1699210713732539
0.28396756495373765
0.6229519147529112
2.186494924582738
-0.17249954534005685
0.7743953676988351
2.1511060923203162
2.1871057975408177
2.1724413458447343
2.170555795155595
0.45779233802778163
0.2822703349761939
0.2803683804334297
0.2771510474319688
1.1606911795751043
2.2354470925442174
0.28154239763897665
0.28629899248283863
0.2772649779770074
0.8080571328865896
2.2139131439303505
-0.22154848843010252
2.1962777426013904
2.2165228842217037
2.188132521245076
-0.16365415660708305
0.1331036750637179
2.1307289134611125
0.544909440685032
2.2137606064538486
2.1863883990430546
2.1745148054660297
2.205019997921033
1.2863935866793972
2.1866253538003892
2.1635389519617974
2.0934063933162026
2.1573520323343183
0.9572891903549813
2.1781106304622693
2.1808083332455324
2.211411792770434
2.1388343345025516
2.185118625926373
2.2472489999049188
2.213761714403626
0.27817036733485623
2.2385693917621725
0.279960305956961
0.2857780072224868
2.1607675621027864
-0.16645876261662404
0.2805147201561587
2.1855799239939047
2.22082434076337
2.2256714802721396
2.199299586053143
2.1463178486548635
0.3740479753549047
1.3111560588131252
2.1797905979037644
0.2800780346036149
2.210614834744523
0.281922121703772
2.163312764487747
2.200020641347769
2.213017326072211
0.28237997174564544
2.179463420324818
1.2522958502175838
2.172043160034301
2.188574144611954
0.45157290092143365
2.185928798148068
2.245047343748583
1.304012190216983
2.226498367240951
0.4495737491508411
2.2012632602701823
0.6124879883723383
0.28013999508612014
0.2817389436874108
2.1724654863389343
2.1954778233606147
2.1915112685279237
-0.1701424980931568
1.316243551764957
2.210454575989971
-0.1666777769068297
0.28084206671694467
2.1799405428473104
0.2796330979396406
-0.17074496088226768
0.2830523236462703
2.170685880694468
0.7968943155937402
-0.1732148493013939
2.20690276690139
0.8433217282777279
2.19127240201419
2.1901367984336346
2.2311051127369472
2.1844931460631507
2.1775340183508742
2.1779277416103087
-0.15931264022606537
0.28121510800546884
2.1978989051547977
2.2248673181834047
2.1841932153922303
2.1995349789275336
2.2230724269202207
2.187653602817332
2.1919824997157775
2.1509737075057433
0.2818621446566947
2.2019898954070043
2.192008986124928
-0.2221316383180901
2.2065231846707394
1.2354977538891827
2.1840466465098194
1.3334537610902615
2.1637901970784075
2.197217048189545
2.1607928899920914
2.2254883084004993
2.2070697018387566
1.221887950576579
2.1732827704819266
2.160818322245234
2.150527669472721
2.2031465311241725
0.9733084219211943
0.7905828007233813
2.1945011365112204
1.0679647910234737
2.223343061838577
2.1818853781112972
2.165275707379103
2.1761764091658886
2.191830455803826
2.188162037332675
2.2194713508711503
2.178843342595444
2.114035918884329
2.2019002379673394
2.217833163709307
2.180046010027403
2.1884575296252797
2.178554323113061
2.2201260180248763
2.1559715707358893
2.136059049919063
2.1851105621564497
2.1295752863997777
0.9922877182256334
2.217500076391523
2.202125558555892
2.1883462916474024
2.208442358303569
-0.16092195793078592
2.16928630130476
2.234684566033171
2.2305159748937773
2.176291384831334
1.0736681712533236
2.205480838133155
0.805222128082998
2.1671311859750744
2.1888881978320067
2.183863861143479
2.1573791479183173
2.1417784381956517
2.2098476321737337
2.215975655601193
2.1933133487483536
0.27993936310615714
-0.15903728613498191
2.1879455201480846
1.2600304235807545
2.209053706872503
1.2230756715863904
2.2040081574302093
2.179754276728822
2.1708787678304007
2.1646216293187495
2.16035317757544
-0.16232604129337438
0.2876728736645531
2.20179102143095
2.1057272423196993
1.338732662537019
2.190909528283738
2.1473415790783132
2.2134795536823715
2.1222230884931834
-0.16476758303089856
2.1808150340834938
2.1991237710938702
2.1845199567472475
2.240343511587966
2.193349996676283
2.1785334963117786
0.273957534068081
2.1722485895944246
2.2227334165976513
2.177844042166834
1.221023061946681
2.1907679576830814
1.1169364602125107
0.2836832575621094
2.16263593471656
2.184784311972238
0.45613727459022785
2.195170444646059
0.45196069800343214
0.6792176519445232
2.1889563176433
1.298336675111613
2.1416736759327284
2.1623568249609884
1.2938471945405838
0.17331235345767937
0.6133268790213711
2.207520948325926
2.1865102508199983
2.213977640493062
2.1847324897939844
2.180054793291685
2.1866550802473936
0.4342140601918629
-0.15814500716429114
2.2129491801291015
2.1948766871485947
1.3525564541445703
2.211363985522796
1.123426677090985
1.2452420566900637
2.143005469470098
0.449207624640503
2.1906192634366963
2.1705695309299853
1.2092999946061886
2.1834632775925473
2.1927603156808173
2.165204094118618
2.1889630798814252
2.2016000731178442
2.1722937347650233
2.167919275424996
0.28150166648072317
2.166156705118759
2.184817337479439
0.9514291808179842
2.24708647392471
2.2514281409827794
-0.17326110515896448
1.336660261814576
2.1870722668804197
2.149781475459521
2.2103905244084014
2.1896029337755865
2.171087224097522
0.2758077784788681
2.1364330225015924
2.1785417652348262
2.1881741340188428
2.175407147899249
2.1975573919161233
0.806904145388099
2.1767406257240984
2.1805724650464295
2.1506500412126535
2.1754421043958776
2.1881640187058946
2.2076705283386984
2.20818903790974
2.1845110976154833
0.15360895292611615
2.1457034355443523
2.178394417597921
2.174867218666374
2.2119730894980307
2.1962205818099783
2.1879121489506406
2.252316775164731
2.1687059890277927
2.1930095447831617
2.196385728042109
2.170250954480588
0.8375724533721624
2.175907024228555
2.176230055716419
0.27269043160151807
2.195213718298282
2.176970146837089
2.156279778077482
2.1821204333438087
0.3286184155874298
0.16570164574181673
2.2022108157913776
2.1759953080823387
1.1714917809943488
2.1857241529960323
2.1937296300487614
2.2042391897452203
1.0465011399069284
1.3422269948511687
2.1476259394276784
2.1291438161085856
2.1767320587826093
-0.16226717683554145
2.185348112819426
2.1908773203116416
2.1986001184326462
-0.16651928315889666
2.237970844707885
2.177384729185696
2.19594253653825
-0.16626598347908422
2.1779777427746487
2.153666931031613
2.1972501019184776
2.19581269964875
-0.17567439875611077
1.2736312645521224
2.1939921410508867
2.118062523349134
2.169799752665466
-0.17263078532227155
2.225457764302967
2.116666995841168
2.1573295538372577
2.1430829814822427
2.199003632121327
1.1878443567877817
2.196172108258216
1.1157773647851439
2.20700052075483
2.19133135330513
2.167981445427634
2.1958975680904933
2.2297811552970055
2.2061428585278717
2.225579249627028
2.1671456668637235
2.1659697430410594
2.186833667470978
2.1563406083696455
2.2329490560033376
2.1890048900987416
-0.16086937036954205
1.2991912305000237
0.2814958334261973
2.2131669146562065
2.2336197846163417
-0.1594838156559072
0.31433282697037457
2.2304432743705815
2.1744847460688153
2.2084750463568863
2.2129084512879205
2.1940462400985234
-0.0010199013048604044
0.20926818905661476
0.7893935536147558
2.199156709879707
-0.1632982924111953
1.321206340383781
2.1797689706496475
2.176966864988005
2.1708232020055616
0.7535603028668424
2.1702093864620595
2.193985890348679
2.205616913695124
1.1465528450782312
1.31742604064966
2.17987699751606
0.46693638531685133
2.1908703700223118
1.323253002710964
2.2052993397469036
2.1834269043664363
0.280665852820162
1.2624289917316278
2.176283923061583
1.3358736637764093
2.1630725387208205
2.161956437132287
2.1928948460534294
2.1060116419774353
0.16611750331790842
2.1079542675916683
1.1026805231963168
2.2243105543464488
2.1917109654218008
0.28198258320135394
2.1655141672780776
2.173983324757776
2.1861561726533894
2.186527599746218
0.9004396195193302
0.27592585551999543
0.27455992901419685
2.1491676935616635
2.20690944659375
2.23203488344772
2.234434981717056
2.233671116533981
2.23726063492433
2.1561690058422265
2.191540021089267
2.231964746108827
-0.22549074979654368
0.6671125351698308
2.1725314432031886
0.279869314048045
2.2226842125396775
2.221513275998769
2.149301768715938
2.186131806342355
2.2173555648594814
2.1978008428381592
2.194476066192
2.179550900295384
0.6412658424488411
2.117658392008405
2.1732558637732993
2.2169575023885746
0.2764998535218033
2.1869005538480852
1.3171262739286236
2.143749881101185
2.1883762824789863
2.1700171617016317
2.222211516134763
2.184276884434283
1.1166125235743216
2.2171534248610207
0.8059485101515755
2.2155609313048688
0.2777215590556564
0.28299666423337877
2.2150498947151975
2.187663675358592
2.1746158104078797
2.1593105603707374
0.7860219395041618
2.1992027529246707
2.1845076798961305
0.27674453749269445
2.1503358343325347
2.2498431188572297
0.5862998489164883
1.1069249012318696
0.2749215410034478
2.1379797595390024
0.5013660089744105
2.2111583055098336
2.2013304355099246
-0.1688598929561217
2.2270536412974575
-0.17341194870119064
2.241616816299187
2.1668780776363423
-7.658647230568416e-06
2.204097080887278
2.1777961136011332
1.3547385765792805
2.2076986080680414
2.2179963976223167
1.3196021200549817
2.168517476776956
2.175738794322837
-0.7214332525653334
1.1363032128000345
2.1807896647727025
2.176070935178767
2.159009961856434
2.2007131943517444
2.2074561921254077
0.2814418457064667
-0.17371771202424258
0.6567212529573354
1.2970889380801427
0.8181062610167004
0.3359752990635181
1.3276801029407301
2.1573225820221396
2.1963465613878514
2.2344114642413695
2.198068935867931
1.2576429745013973
1.140962104264813
2.2197224920677083
2.195989048089145
0.28522065007775904
2.181302961735631
2.196400757142731
2.1731376308410457
-0.16384063657638626
2.179178368509108
-0.16341772283856612
0.007052169725246693
2.189001861879128
-0.16076555000602222
-0.16009667121999746
0.2820703800343342
2.1763719212713206
0.6865861892208163
-0.16255296828248944
2.1877200325951702
0.28466371621685804
-0.17052158478259993
0.27575904308009785
2.160768433520207
2.2247083192578105
0.7916616333794498
2.154324849919365
0.27820283780411037
-0.17435884684758424
2.2216045419465806
2.22980901613011
2.2226854526144972
0.7879788331832568
0.13229047356067167
2.2190277360179578
2.2395004430716527
-0.13142782086967847
0.2827736504373185
1.1639170853150254
2.1659846988806404
2.194986749257911
2.217871364472199
2.121354659045707
2.1621208304020425
0.27901148104886686
2.1997343824869233
2.2015114820261563
2.229579030608318
0.7879746316544229
0.5324831238286494
-0.16585909029512702
2.1798856023367836
2.1924902091129095
2.1799020306473795
2.146200042627097
-0.16466242281491986
-0.16911789962719215
2.166575594530414
1.1755259662599598
2.1551672019323496
0.34436794357283784
2.211436170604461
2.171401564048582
2.1869770668095065
2.21160009566339
-0.1598424657269838
-0.16120081143104126
2.182874737433541
2.1944924253511653
-0.16484872479383683
2.1765093379470177
2.1843405146390404
2.1629480514262864
0.9085791896280103
-0.16073033086652644
0.17612423134879474
2.1864219024369387
2.234475837697911
-0.1581932968633043
2.2203929302336314
2.2064600945659296
-0.16859831794693036
2.201877287546102
2.1979063483015624
2.1950244692588523
2.1945395003296193
2.1637081256352677
2.166479563195687
-0.16928580474319047
1.1605721623528924
2.1934053493062726
2.178486395777327
2.2070596344153994
2.1703194475098164
0.2795432535197735
2.1890263750737025
2.1979097743406975
0.5132323442283786
2.217197873445043
0.2771620124797493
1.1845578532890697
0.7923643603645273
1.24297611992435
2.2019108686622566
0.9576074884443029
0.428613299635632
0.27869956096724946
0.2769244274973908
1.3042308814253407
0.36759964830170455
1.148587686168809
2.1995974742363886
2.157276789514672
1.312154068853327
-0.17301966120841922
2.2069304876433415
0.32362535455320063
2.1837607459415844
-0.1757541727891589
1.3006672567211548
2.14821360070788
0.27848311220536115
2.2337853324041816
2.170669736928881
2.179525428031165
0.17665683241314006
2.2236472163118655
2.1942105544828543
1.2407613627208174
2.18550166512246
2.201185515568422
1.2422812947749478
1.1314063463922805
2.209275167930045
2.223418195360617
1.3461906792525862
1.0087081336400745
2.206945269099746
2.1951298749883796
1.2477219046259755
2.1924714769047133
-0.16416595892780395
2.1711256100198124
2.215942595148251
2.197581883801852
0.27662429982203385
0.7680849397099822
2.2063716806335067
0.0018621808799176853
2.187900392682121
2.16278739170611
2.1547392197491497
2.176383429129133
2.1889406785275627
0.2759240992886771
2.214154981350683
2.169924770080681
2.2244357597847446
2.2437851398209174
2.2032716975869366
2.180488340903656
2.166829492675637
2.1775084171316395
2.1905579799744506
2.183949980120862
0.6863163489236128
2.1816857831047027
2.2020652911807836
2.1798674919681247
1.3070389915791296
-0.17497099508463143
2.179693794619868
2.2043953644401
2.2257657810880804
2.228325362706178
2.1894700909072196
2.1865897430663876
2.166634722090831
2.180421285159636
1.3106612230257682
1.2986579750506593
2.1906652478757427
2.2116104345708854
2.2189237657396204
2.205221788965983
2.1928295419349864
0.16749385481465334
2.2056884108388424
2.189789415539705
2.1826194759425754
2.181208298324927
2.146985021986745
2.202344096037023
0.5816798488194643
2.2075619372150563
2.187127658074821
2.2272516427242195
2.19051684131762
2.1600868051775954
2.2119911800211955
1.2794685434202133
2.1694297087360113
2.137716749656951
2.1974590865919907
0.27844554894587314
2.1843101257855153
2.2097314780630306
0.6818079906484273
2.1730988559262676
2.1634915775699994
2.2111555969114653
2.180108303957981
2.1864490726679255
2.232540265535693
2.16857227603119
0.9023045873119602
0.6866461707770846
2.235219867139269
2.222320510504549
2.1775235419727617
2.1812764196777366
2.1773786867419416
2.223947458810113
2.1342902538071447
0.8015845261248005
1.2699389033871888
0.18249666911599471
2.173073467281508
2.1758588852576635
2.1923866542265094
0.9643624992749551
2.181164845125278
2.143455581962974
2.188214863015653
1.2521213737420658
2.1676484404526333
2.1957928924210783
2.169247930069827
2.1718244764994217
2.183434758089369
2.1971384588370935
0.27701556696882246
2.189666004329155
0.8548706753793748
1.3346053237096989
2.193465678990995
2.187582908518012
1.201681560484746
2.171858676927915
0.2728137828686532
2.206997890202244
2.2119164674469736
2.188147195150089
2.1738761332657477
2.1800732267944545
2.1682369522318177
0.7884081865907958
2.1821883405905975
2.21136546163607
2.154675998697031
2.2208895629154926
0.2744067228310457
2.1826470349295097
2.1748936867085416
2.1813263978020534
2.1674492986328238
2.1942715069708725
2.186971615840669
0.8497287003673957
-0.16874765995492697
2.2107924884384467
2.1747369186339305
2.2153487661851323
0.5102829943530236
2.1807748977474106
1.3049241155180682
1.1272619061166838
2.1679086745161698
2.1858408962049563
2.1693175145401584
2.2068817013757984
2.225747806540322
0.2797346983061949
2.1686262084839716
2.1908096133377635
2.17281574269849
2.1589281620520344
2.1916236725559153
2.1773503815646267
0.282002378845516
1.1261176800077997
2.1426200263746837
1.2606307569341395
2.1804686620039755
2.1826817297152714
-0.22173257357868417
2.2115852062736696
2.185486960740321
0.774314134194263
0.2815447842134575
2.1834015704077148
2.2023315235085903
2.220517632747346
2.148241186163797
1.0934694541369785
2.2118602122780477
2.1895176899857125
2.191596572760398
2.1765585060513484
0.27863835186008645
2.153051789012861
2.1649635929444475
2.208393996562408
2.196431208691431
2.1807317077653385
0.48982172569968196
2.202588183407378
2.1900132333883726
0.7009961416577903
2.2071727082773593
2.1995182140407263
2.1920745843597302
0.11749525910350217
2.217075856405559
2.1579556112100144
2.1047249851904013
2.1426793228360035
0.005472045058190489
2.2295559466972446
2.2391774026076696
2.211734245605057
2.1851048039873477
2.1378515497265984
2.190334419986919
2.196233311651844
2.213677997751522
-0.17369263912668786
2.187685410386168
2.1451590876550415
2.2277945962829877
2.1806986699755964
2.219447217757539
2.2044992874168914
2.191727605142749
2.177342161037185
2.205590518010358
1.2546485446830367
0.7359070461903744
2.1950348518511054
1.3199102485393877
2.1733567136355005
2.199902648285322
0.1532397965707336
2.1935722907075093
-0.16948076302122028
2.1954110875101254
2.1796653080228676
2.2050159081137344
2.2013282421906935
0.8365962964416039
0.6345974051449976
2.172518930092898
1.3427671398650505
2.2104040995783163
0.28540891899077103
1.2412786385213337
2.2122006274260317
1.15620824501288
2.1585213679747044
2.1916295671092563
2.1894681734100723
2.254271809479987
2.140398340104581
2.231807624321841
2.243126646777889
2.1955233142588506
2.19945348080603
2.2068550358950714
2.190116903687595
1.0711452506142993
2.2241468549031342
2.1974537154521574
2.1727898629990614
1.2685813294190937
2.177765142435711
0.9478566641550629
2.1957463744473227
1.109829725667301
1.2707834716145745
0.33329965198382683
2.1752819544123616
2.1679894580500134
0.17084332076278996
2.171452357635467
2.1731058446657014
2.183658076040231
2.184767886525356
2.1945970512038278
2.140149358811554
1.1694971026492458
0.2811422810527916
2.1678682573962504
2.1732758039874955
2.205090658719974
2.214669971933982
0.7636114981264875
2.1927673289839946
2.223809173271011
0.2833474549171897
2.187330996071106
-0.1775221074588439
2.252428294379716
2.201161942937925
0.2822499648063147
0.28156106518096724
2.1834163892522565
2.176063445181668
2.208969354516036
2.181340941526626
1.3641456635452933
1.3286018256740244
1.274847623870836
2.2041181143857482
0.28216860027525426
2.2052323297835663
0.9221754494256618
2.1903689159326403
2.1812967566211627
2.185203818844747
1.1259777484862694
0.6445754241587677
1.1973022872200798
2.2396946111528555
-0.17134172503629388
2.1527830562865384
0.36094762939614145
2.2237296111962546
-0.16697603813607864
0.27979238411704777
2.195196356698215
-0.1621390446393812
2.177273147108384
2.1880939012675524
0.833219647543785
2.202265539950132
2.217541407781738
2.1631888752440616
2.146155749100755
2.241502776984791
2.1954569308571736
2.168890872221918
2.2248626817013095
-0.16441367790416195
1.1200915706325678
2.1839241954872133
2.144309786980216
2.1883461629262646
2.2071251439262802
2.1310971733273165
1.263876633771741
2.1860112578459607
0.6076664136370038
1.0121678825488443
0.27957668842246064
0.18328004500617245
2.160249027546042
2.174230208006416
2.2033020908301735
2.136028204526808
0.28126468524798703
2.222162030528758
1.133329644100931
1.1491498615033902
2.194852629503778
2.1885671598457392
2.1327656169463394
0.9525144873727712
2.2199075014391294
-0.17039826096705465
2.2064879062741696
2.18180196357216
0.27948738860534833
0.27823539363815725
2.18174201881869
2.1890782864999485
-0.17238380496208205
0.28502096853566633
0.6698208105434302
2.160980003065024
0.9148342260045778
0.2780625599349641
2.195393364097979
1.2565667197907855
2.212375693949788
2.2152399528400037
2.152000176472159
1.1400143577010273
-0.17478761266953036
0.2762450249904747
1.184756695773285
2.187319433665215
2.2045242695793075
2.1762105236841593
2.134340605503194
-0.16390410236830466
2.2165771339388307
2.1865863657462357
0.2737165911598201
2.211296002613028
2.164250845175812
2.219817979982357
2.1894031599658543
2.1717655714040722
2.2026267485194406
2.1751923976863075
0.27744678126682987
2.1868699969453216
-0.15897907226110772
-0.15960665166443055
2.179985405931129
0.9676115053786942
2.213074600094254
2.1319660350476326
1.3556451532721874
2.1852477195069504
2.160039160889027
2.223404667720028
2.206051936049872
1.1791385496643008
2.1678869034753108
2.1517097254198925
0.27592739034592584
2.2063652095598805
2.174160387726684
2.195175137618434
2.1850423563586636
2.2147460321633328
0.2810553067680066
2.2214014661684423
0.6224421326071286
2.1959442067941946
-0.16130117235479768
2.1878239580069496
-0.17637662116514558
1.28478699271018
2.193516544724763
1.3350526685908997
-0.1693623627202223
1.044682877677629
2.23254596207959
0.882916341546105
0.274989429192036
2.1938303011278544
1.3036924685757703
2.1461303202717774
2.2013747365214154
2.226011408344232
2.174328965984288
2.2003192497351867
2.2345774653189774
2.180759805103029
0.2841575397330297
2.210348849843298
2.1911449794972393
2.173014997717633
2.2294894350376047
-0.1616755969595735
2.2183930259187177
2.2061887877461968
0.17646493220709825
2.17257118467992
2.199924574490457
0.2807532642979695
2.1728964063552194
2.1898343146324892
-0.16506942387501358
2.218545947391445
2.217011328243304
2.2110132559100206
2.2181420405260512
2.193372080791235
2.17555878436041
2.2028412368727905
0.2894663945960024
2.182514238467768
1.0762493566247144
2.203638186184691
1.2499745737468597
2.1794302359436895
2.2186202614288093
2.201200411056376
-0.16902735552742446
2.1579550584079525
2.209334964682082
2.1604373881242678
0.5289014137832764
2.2175607216693836
2.18052420746955
0.2849765791450771
2.2086703065428264
2.2268073588956465
2.1761782705696846
2.182860161866964
0.6243153382779509
2.197482964540094
0.6804109684375168
2.2271483634854903
-0.17070738246181386
1.3178376343653646
2.162541513294108
-0.16085893077582317
2.1815236739907617
2.2187748823083333
0.5279786259892145
0.28367598709093556
0.2842154505447472
0.2776335110326347
0.7796443058273289
0.2841298961775952
2.1972714460168206
0.8229289405078317
0.28538106734890245
2.1795703885598177
2.182331613290567
0.2819364708025893
2.1853993536973695
2.1715226962899954
2.201696140187966
2.1519466310099515
2.160732818337013
1.174820535741172
2.1697194454488127
2.169699761299931
2.182916436658635
1.2261564600647672
2.2384578551411676
2.238477206078096
2.1844825824053715
2.1351345099993084
2.1862320831625968
2.170650036366606
0.352648487989913
2.2073285758174555
1.3081746967169605
2.143100577661496
2.210008795188329
2.17824198412497
2.2379406522380654
1.3303673681745725
2.2431524634456754
2.182752541999184
2.1980410699974677
2.2509895463167138
2.2060538972865014
2.2315797738051977
2.2385506297371416
2.207760425176698
2.1886843235603575
2.211916418360918
2.237692576878258
2.1948043939637336
0.7118712787853307
2.217306385590355
2.234396786437788
2.207125812087517
2.2513064437311816
2.210904505223328
2.235163882803681
2.208578987094602
2.2307946606722604
2.2152598153540652
2.2098626095276193
2.2337597201148083
2.21636383607321
2.205333633072107
2.2203422889034554
2.2441683925164835
2.2064319487166877
2.230149148989735
2.1967906888771944
2.229332668260584
2.214632081336238
2.2212292607581046
2.242993143556353
2.215871769300357
2.2223581973244366
2.2203100428878315
2.2111388179888474
2.2226464973833475
2.2051816922967915
1.303014551676876
2.1988062178536163
2.2079250080193673
2.2401801840552356
1.300329046955377
2.197184122446737
2.2053690295864845
2.220888662186602
2.164821719404449
2.22689892719374
2.225931946478113
2.1871441291494937
2.2257098839104357
2.170153536604305
2.219478192840314
2.1762342396140992
2.2323422786035296
2.2298734980678003
2.21027418817492
2.217069710972658
0.18979175189293118
1.3191009543924923
2.185223301062041
2.205800624304037
2.2385978258804458
2.229133322719312
0.29058343189505276
2.2263191914492415
2.214975393454106
1.1666258440924815
2.230303537174926
2.2233542148935426
2.2090681896884585
0.519609604781774
2.2083172950460184
2.2305584169091444
2.2264195760286047
2.1936530787558315
0.14159543869113803
2.228376471714846
2.2274317620229676
1.065819333532757
0.46638312613484034
2.1301874726694434
1.2615020034869706
2.2103338216154245
2.238298163209152
2.1544062268207567
1.3162450793344755
2.2258935777172217
2.2038942068516927
2.2448851207438394
2.194539731478425
2.2060215754804293
2.2127540320924863
2.2241179112460117
2.215092319321678
2.218597010357752
2.229571889479323
2.205746015865575
2.2088981413175888
2.2499697346447407
2.2496671315413788
2.2446538165602448
2.200218735845276
2.221437943412074
1.107001234497422
2.194017182465089
2.222386151375079
1.3627153946130108
2.202052763344065
2.222418562195489
2.2385543023707015
2.2146727355152205
2.2225108055004403
2.2042950100837624
2.248955447382811
2.2121303466766147
2.2398947100538535
2.220894736827368
2.22753146510106
0.28955385773861153
2.23744087202872
2.232519669781247
2.2110302860935236
0.5038511700064014
2.239693690096221
2.2457131857786816
2.2211357707990715
1.1569995106982007
2.186070002152798
2.196473611105537
-0.1563125031241207
2.208109549110163
2.206713065754757
2.226262526278121
2.2333135646355
1.1151270493149403
2.242499574912463
0.29500339395971525
1.377610960324732
2.23344995813612
2.2098568785768498
0.10058199092777426
0.1829465076471754
2.217520185648575
2.2526641321824292
2.175177328104598
2.2119881026988883
2.199282460629037
2.2373952112899023
2.20437463196002
0.4105072515951746
2.192364324709783
2.213722771220011
2.210583437932323
2.2193495719021197
2.196106908712035
2.2157398982168948
2.218030770388575
0.29115770681287506
2.233623831436499
0.689637939027951
0.6256634232757559
2.2531377272788475
2.2133596937018183
2.1798948579772306
1.3550782626799782
2.2316941334813487
-0.15792881781822857
2.2094604953170633
2.1980048250655777
1.3660656469701231
2.2007750110099975
2.206203583483231
2.2084765144394423
2.1804248821601515
0.7570426556356677
2.2275706240292563
2.215692524303193
2.234020822656402
2.2096366127799416
2.2484793797269997
2.250332838441099
2.2104829044068586
2.208663296251544
-0.15389753559910058
2.2116183303316133
2.2132652433656705
2.1997946543008062
2.1728625881651986
2.2102610341568716
2.1640627398029997
1.090005188590869
2.214884988654611
2.2142658230173877
2.2402452627098244
2.215388497737562
2.2535946358722283
2.19012684877006
2.2188605407686195
2.210269764514625
2.220261847638052
2.212832388499195
2.2197612313788655
2.2133856175442745
2.1800634611353304
2.223865345690761
2.2276695161772713
2.2150604915638947
2.1986784177904553
2.165568933359525
2.2265311963010483
2.2156078135054678
2.1660794729144053
2.1897125982710253
2.252277291124689
2.218461861949289
0.29193003799713185
0.2937785960713431
2.224284947955407
2.204921605540016
2.242962080136329
2.21382920480813
2.208297788077251
2.2339243707760907
2.1683639028519384
2.2473387197270753
2.174173196947319
1.3450333217269972
2.2290323501183615
2.210780261425741
1.3229293027115219
2.229288046195152
0.651544953974187
1.3195778174639607
-0.15190050262182986
2.2462396512854403
2.2058386289430465
2.220881965937573
2.238532748420197
0.7066294720173212
2.226815938063978
2.232779255153436
0.2021884119890311
2.2234452918099685
2.2255369300910868
2.185636403734379
1.33681536833892
2.2247108244418667
2.1741909149746563
2.237945609784183
1.1578396941846811
2.2467839951754467
0.29451915951524044
2.2123313206004704
-0.1586602127568267
2.2007694670292226
2.207678070939462
2.2179981989288833
2.1980695293145827
2.2186756672214285
2.2218953288026366
2.219790700483593
2.2060835736005426
1.2234934259293342
0.290200748222947
2.222060248791876
-0.14840407343817183
0.2910092463361701
2.1858103446803527
2.187166625059378
2.220120068985082
2.187874548916617
2.204019419539351
2.176018214877021
0.6375637269210702
2.231732657635714
2.211102375890124
2.235782099301658
2.249715999220064
2.229900891555509
0.2913895061343511
2.209862781358286
2.1753531505064023
2.241525645240727
2.208756249236263
2.187500361734184
2.2007036429311304
2.207305369888889
2.252649218438692
0.9278132428772587
2.2306787428650736
2.2403142565364664
2.2531144922378643
2.233658696695426
2.2150800807787134
2.2214444260289334
-0.16298554164497875
2.2247187910039448
-0.16499190628277294
2.210731953314405
2.199339829775816
1.358577010882018
0.12151292488385432
2.2423866499991276
2.176351580202926
2.2437826913869543
2.2364060865237074
2.156806691819366
2.208033519877194
2.2284645783435337
2.2225098171008564
2.2224111225264993
0.2915767958253023
2.1954752812487572
2.233936804725876
2.220793845435987
0.7603363232616278
0.29684893313265304
2.210280575820816
0.28521479221781754
2.1884594481976887
1.0981060693546125
2.2403919548978575
2.230237756686927
1.3727118317138904
2.195411489006246
2.2006727850195933
2.2171316837096393
2.2107320575154152
2.2119356179555636
2.228769181416818
0.46932697017448555
2.196219473034975
2.235696857813325
2.172146074501063
2.191837277969991
2.234186047541507
2.199708508307099
2.2249202484065007
2.208907952509149
2.2122094561018013
-0.1652844553214242
2.1980639512375797
0.7583878222386498
2.2046919288698015
2.2079716530535007
0.47617879250125095
2.223959321132529
2.199234223015426
1.146013391359501
2.236316188210622
2.247156229097482
2.226198306809704
2.2076437428038065
2.172710404430872
2.190235885906955
1.3932107904128859
2.2075667568344555
2.214897758719565
2.2188540088589526
1.259305713726386
2.2163610682543773
2.242994668239528
2.229242240967141
0.3163035018882244
1.3250648663978695
2.204013921875522
2.2234383720690634
1.3574808893309958
1.2859508370548838
-0.15872705084105634
2.23839126269469
2.2008221174377143
2.214623561961541
0.2933627775710702
2.2164485519121575
2.210473246775408
-0.20927377339365888
0.29032691930558563
0.2913839173909277
2.224405780615211
2.2411137679214157
2.206959514757664
0.3881837388352993
2.2131505058718535
2.215295628779107
2.1909337623261482
2.219120442889034
2.228536767193413
2.189477548038347
2.226776796038176
2.2394052689583868
2.2357936775162384
2.2323916245070294
2.212776397753796
-0.15842118775988212
2.2178321697843764
2.2075200805811717
0.014935260152028396
2.2264909642161985
2.2181552796579167
-0.15802612192345641
-0.14875092530247414
2.2259742037485264
-0.20663489047162856
-0.15461852896186862
2.1950343016605354
2.2046659985817203
2.195551758583239
0.4628960747739823
2.2233482142892065
2.2173200468877488
2.2063012975304064
0.9883921491141912
2.229569174966647
2.0993449722800275
-0.025895852390507845
2.2080403684116248
2.236348218330477
0.2919797272660461
2.1710749947596764
2.2344032253402872
2.260028913178248
2.209233971178026
2.2211687758047507
2.2421000685517782
2.2240033196042988
2.251781935346239
-0.14847559480758607
2.24347280730641
-0.16461169548685073
2.2450171673187596
2.2143453175320174
1.192027879965598
0.8890998735091509
0.29184929045955693
-0.14835880054991585
2.1887054606884844
2.2072596577557553
-0.1523519525557793
2.1907297909484975
2.2286081082438125
-0.1530258828928048
2.1880544660596355
2.238050845219894
2.2365091919465208
2.205816655415422
2.230034412727395
-0.1554465184532631
0.18804684626369905
2.237090579649205
0.8362733544594367
2.1856735639215645
2.200640373998391
2.1935462823053404
0.12819103269269932
1.3064267502115159
2.2291303283615065
2.1987709712058097
2.2259650160971765
2.2344319604995695
2.199888770241371
2.2437507782246433
0.822446494483905
2.219537666660192
0.28886509057078247
2.171144984343035
2.2081660387345496
2.207667225146747
-0.20971992776285192
2.2112132524754458
2.1932780777891225
2.2387538727836773
2.2387047946068312
2.2176548186108813
2.2047043749599764
0.6452512996150936
2.208731710044404
1.2690310530784874
1.0040175632757118
2.221928638279884
2.222531331762559
2.2314612946179024
2.177292646543588
2.2244846587603844
2.227682792495306
2.237228670913546
2.212094751600673
2.2186653792310462
2.2094807159650074
2.224947541963909
1.191931491038164
2.22776329739371
2.219981532881226
2.1985172661802137
2.2198628497826656
2.19537375744443
1.289824511489478
0.013295740679162837
2.2079919309072737
-0.16018413944475096
2.196050288128581
0.5306419300262697
2.2077319009367766
2.228199862315389
2.220626494994196
2.2250974163161006
2.184520327581894
2.2203502380726805
2.2412878409575168
2.184548950497363
2.2194521940830905
2.220297142884604
2.2170540097715485
2.17753774459702
0.3926483393316512
2.2212532249527617
2.236762792787444
1.134283135859524
0.02733407312003161
2.204028472832605
2.1900636202114767
0.5527566081274295
2.2199898330245347
2.2505730711941903
2.223307576241023
2.2061108181579594
0.5409958805354088
2.2250955435965145
2.200329274932043
2.1854582146534853
2.2063040214265115
0.9046765409202752
-0.16286778630221346
1.3607251020358715
2.185820315675841
0.3164948879290629
2.2105562960132836
2.225078466721076
2.218692322972399
2.2359835121694775
2.223400470529218
2.2317278772420996
-0.15353100751562643
2.2128723647012216
2.199921838567494
2.1995717220190016
2.207288288575396
2.209022270271568
2.2233754673914157
2.242482736109968
2.2271538133280493
2.2059311312651326
2.1343565579136508
2.2107505410803183
2.2290954534691787
2.151169083860503
2.1999405892978534
0.6486230571275737
2.2145037662793854
2.19576770187674
2.2540336269439893
2.1693157104450242
2.1991414349020335
2.2171217575034845
2.2024099181975423
2.221352564090753
2.2135787620557448
2.195438613386967
2.2094051763153475
2.177873483170533
2.1960977707411073
2.193197573740171
1.1802054228222625
2.197648486159692
2.1561975689635995
2.2096251790617454
2.1672668293827244
2.2198817903945294
2.1973346498258066
2.213013146683532
2.233476507851077
2.2229398880048485
2.20216881368672
-0.15820963507023852
2.239497316066283
2.2042647734582586
0.011571255857997953
2.2056312487309713
2.215246215337429
2.2036495832072127
0.8410793975021369
2.214661393812074
0.29326094621353027
2.1953765451296716
0.29182429136814425
2.204888386372918
2.2576441296403518
2.2052646706505605
2.1671906719845895
2.2181029793286378
-0.16088307713516528
2.2086346823923577
2.200173356071284
2.2326687423516667
2.2293685437649975
0.3624998846726935
0.28919432947364176
2.2063905445848633
0.831228551999212
0.8206651568777368
2.2056893429983355
2.2402176570471326
2.1980369386120984
2.17656167004588
2.2379689577526864
2.2201161911510736
2.228090610215636
2.2181039048506745
2.221109279546347
2.2129972140962506
2.199958495417894
2.222479025076451
2.19844684798474
0.29665483491740685
2.23855259731039
2.2180100546845702
2.202706376331129
2.194785973278127
2.198405659551205
2.1996192212141215
2.2155968103730768
2.2004160190363375
2.2246516011735555
2.2205445592194404
2.2386940796817525
-0.1527767509687134
2.22195901257705
1.0867325822176628
2.202296400326553
2.235528643176318
2.2214929241465056
2.2136157119655255
2.212145037109324
2.2058225145605883
2.1971687757880445
2.1901264059921557
1.3469228463652965
1.2883208765630174
2.210722391555711
0.2908427353929258
2.193524737646208
2.198878753327594
2.202406793282659
2.215505546437189
2.2209883469429244
2.2272445900797986
0.2956963096136507
1.3239429316512974
2.221182989567094
1.152441087899938
0.5416607297009113
2.1430658099550284
0.29480381552232876
2.182642256568795
2.212084615936062
2.208219884479365
2.205166387617641
1.340748858077079
2.223989787998984
2.1712238555491536
1.3468202524921542
2.1644801307046384
2.1852082757948668
2.1936938710041827
2.240580026331094
2.2411020618040602
0.13679129897393072
2.2346754552661343
0.14960731439145952
2.203212957884462
0.808054043421542
2.2233157975142412
2.2122932715090227
2.229548615187744
2.2167602779809137
0.29355057724567557
2.171972686027182
2.2332046076241907
0.20018417702052488
2.232409983052418
2.1621264556179147
2.220814616988501
2.2477889018526773
0.07163309704328757
2.213042248441917
0.46113662463708116
0.5401827206932388
0.29264725853286444
0.29467145116897114
2.2350938569172576
2.2224045223083255
0.020095915974686296
2.2258345464860145
2.216014068703644
0.9905306388042134
2.2401031434611047
0.9871988019361857
2.217571458711798
2.214289020029647
2.127006893459681
2.2367049027095125
2.2519895472606857
2.229131758283369
0.19968447993848404
2.2328948624681795
2.214433692195095
0.4646506830877232
0.980819159796697
2.203933799952666
1.3642334642926466
2.221849757729653
2.2088575271669795
2.20359547328889
2.204653977151991
0.35427661459414306
-0.16077446174926008
2.242366232411558
2.1350486754040388
2.233350637733423
2.2383654195034546
2.226405678842468
-0.1594804190746797
1.1940946468614477
0.9678840785922284
0.2727878622668847
2.2438456473437265
0.4284178172530573
0.3787968711292024
2.1779442361088295
2.194125818874513
2.233470882501504
2.2163562255847253
1.3196273626050465
2.2256222681894693
0.34271008937694875
2.208569777394462
2.2135058974234094
2.1619032939414744
1.285242206377429
2.2272068030473786
2.1804597622062194
2.17401987353276
2.2230522901119043
2.231867764511293
-0.15741853937062422
2.187514326969529
2.2112752117629917
-0.1577342877671284
2.2312919030717966
2.2180166900282474
0.35748988908679347
2.193776794584863
2.244330905603752
-0.15345912115823002
2.2142732567256616
1.2156168119463617
2.2140958915894062
2.2221923320085724
2.1864919994059475
2.205264447033031
2.1604317583903834
2.2175963127897313
2.220594673052219
2.213532568662333
1.355711334365918
2.2155770741788583
-0.03664931289588841
2.228336405928332
1.1721713487026177
2.2206017692656843
2.2402132646739865
2.213818935288316
2.223355161091234
0.2921380843824867
2.2179696403362916
2.222924068841322
2.236910947889982
2.2207525533753047
2.2118474343498473
2.2226097682868935
0.09935542216917438
-0.1579593631330015
2.185857705953581
2.2125007118854754
1.1288848072399176
2.2267192847985564
2.223502027881632
2.189895372560576
2.2169697235126815
2.199703151062316
1.3276580160505917
2.2309360473528064
2.154316839083007
2.213370395315448
2.2168262759193267
2.220061499273405
2.2332282541961574
2.209045698801557
2.2122069502520496
2.191028352260818
2.2090683772615876
0.8853462451806833
0.29325343354771943
1.1203702576472183
2.2123392776596766
2.1827028077975337
2.226955132960618
2.2181837864301155
0.28892736800838226
2.2020548887230946
2.193492288383045
-0.1615728678188309
2.1243897107570757
-0.15395378050137531
2.2161643060791065
2.1712402796896715
1.1770014271865428
2.218923754383037
2.208937937656107
2.2384930440152586
2.1965904413054163
2.228571135663001
2.1864607153533195
0.9642706362923084
0.20029365925796833
2.218585623741174
2.215789163510345
2.2123085122192676
1.3455024885325084
1.3608451165546027
2.212928921962273
0.14757803911209966
2.2040014262520033
2.2204424380252274
2.2078016099038917
0.8412494354654446
2.19181178374145
2.2269123274800497
-0.1558385399165146
2.2300515186363064
2.2085491032317544
2.2347193049102843
2.217292173518783
2.2047832170486874
0.29633015922192196
2.2204474422367313
2.2025482337242375
2.2415625818115257
2.2077704380427168
2.2406902753688906
2.2163113188074286
2.2320199845160795
2.230266079613947
1.2816288645501264
2.1912954338880426
0.6416138868757953
2.1824095144274978
2.2066232785828257
0.2919807633867423
0.3939740495988773
2.211680181951723
2.2343626951154367
2.2123274352956104
2.221169416343187
2.214301513653438
-0.16063865827708823
2.2374833017597435
2.2145874236940966
2.211042385865954
2.2077578956130326
2.2457798752875267
2.214080873634118
2.2272863346355294
2.2200364540891857
2.204650182675679
2.2378357921082475
-0.09867128989517004
2.197172212175933
2.1613923980570964
2.2114166842592984
2.1849692778301
2.2162666263211173
2.2207508484296214
0.2965503184877119
2.241287324785702
2.2152434361679023
0.8040837279151769
0.2902661673954
2.17788861228025
2.244953513146534
0.5857256813468584
-0.1604393987904579
2.183826976977403
2.219970002490188
0.8067264985151141
1.2604106697114055
2.1885401658095835
2.203386007324841
2.2189836636489315
2.21434020286805
2.220584471894413
1.3160557960424772
-0.1501396410094596
2.224683971570202
2.220507947247744
0.7498762636039207
-0.15432201347406133
0.5570106480133729
2.2243639940847357
0.9276015292983308
2.1991718425564404
2.21057402584608
2.202186918687007
2.207614380464917
2.228171091333559
1.3079047501737042
2.217240459929468
2.1889705341458496
2.2453267567236788
2.2265321712089907
-0.15084402207854006
2.232028566409565
2.1724420824219575
2.2296208186790705
2.209679852283768
2.1815736272487882
2.2343731279900467
2.2317130696795995
2.213471451118597
0.2923163464658674
2.215180590840043
-0.21404016381235536
2.202718914019658
2.220338899901474
2.213030152872161
1.2818833725094683
1.2019161444557895
2.1878233734183494
0.9981297555276618
1.3212616233831684
-0.15134672286991882
2.215367715332346
2.214995646345815
-0.049642528807745334
1.1749687020825055
0.9937313671691246
2.1258320341373738
-0.15124311176268146
0.28951122631318277
0.9034746631902089
-0.1602350408685752
2.237177540852877
0.29284561283583066
-0.15404077507326325
2.2129727719715184
2.2579676939057776
2.222982529833817
0.29350020745394895
0.9899008114788604
0.29774689656867875
0.28802735246467315
2.17226172969137
1.3387261451653183
0.8062168857679705
2.2177197311926644
2.2325620822111194
2.214383439781526
2.2372991266775495
0.34629491224032505
2.225433330228781
2.2385628616523263
2.193588688853911
2.2087400027800363
2.226402400017944
1.3410816086734108
2.1927220437266355
2.2207646305718693
2.1912251018882083
2.1563835346704843
2.2109328881689816
2.2290838269440956
0.5535860687376988
1.3497174143445687
2.21004999985523
2.237424726417722
0.28563259209511127
2.2270329416584627
2.220144722124033
2.2004228642804464
2.2286431893757843
2.2318096230293714
2.196188036823606
1.3714259421061874
2.2322432718342835
2.2181635231683545
2.1937621767905053
1.3058457297975752
2.204960023576761
2.2374964942803595
2.2014481783745152
0.46576782583729837
2.1840096879373903
2.2126698363018176
2.2317152115415624
0.2964478141223429
2.185297355506067
2.1979779605037963
2.222904974434268
2.2392104402101562
-0.1555879617477265
2.227671895532751
2.179962849058798
2.2248871017966736
0.014607347792309322
2.2068192413207273
2.1897836430007587
2.172761096372491
2.192330222096607
2.1846354121960028
2.2241243641772934
2.2194995364299626
0.9966367980684802
1.2014852684151864
0.859136619783784
2.2257316797222577
2.22113366393497
2.1680720041034576
2.2127335509385966
2.2124585411103594
2.2292179940031076
2.260913211457425
2.2025109395557214
2.1868685703229493
0.9834393698202223
2.2154489952405925
2.2297352595242748
-0.35809228192239273
2.226317047649319
2.2073091031003313
2.2361548934603768
2.19833495579943
2.2182064669674686
2.2085145235019943
2.181962542258164
2.224302553071751
2.187033611688606
1.3224048021204917
2.180946670014932
2.1952733163062854
2.1962105578397906
2.2119157613507836
2.222510934430467
2.2382887035228842
2.2127905832652957
2.2482824874391993
0.5512278312061573
2.216197379174014
2.2327534392549246
2.2275811538364816
2.2199522142201715
2.2121313332343866
2.2320836330434917
2.217160503746989
2.22515022602715
1.1304594375124681
2.219137375917864
2.235227951493037
2.2243420684187605
-0.14663163697500806
1.3441327055509282
1.3034806113812203
2.2249495604982026
0.295209157670506
2.218456993425728
1.2344789667087541
2.2098086377170896
2.2021530260898974
2.2218025651307776
2.215959563825875
2.195010759531411
2.2199536531534827
0.8887504953775743
2.211593244273737
2.1915412413077435
2.216027553973282
2.2278394907063857
0.8040406594480886
2.241320078150067
2.2225269330677975
2.2185089368205126
2.2493872877159804
0.826724345175528
2.2118783502778276
2.21175714840852
2.22703386535314
2.2326531181694467
2.212981523189872
1.191697236129401
2.1820273278293074
2.242795935826929
1.2697005128324417
2.2206353482929786
2.211149302478149
2.1908492413066027
2.243229873377092
0.2926677382830605
2.2236724841765225
0.014489661674795262
2.209798864934575
0.7677483260577358
2.22987713849859
2.1970069931251217
2.1956091904601607
0.2898223141777304
0.2945374490076316
2.2134075384377545
2.196047717903313
2.2579264715417113
0.9444213783816422
2.221421130674506
2.2437705431149286
2.2480052298305866
2.179518957080328
2.2270516527345716
0.5363599927750491
1.3636396859385895
2.2457747359034825
2.209342217580025
2.185178710937616
2.237831214691312
0.9428116679513912
2.2083403361215863
2.1862246028117833
2.184990500525232
2.217742817321807
2.2321152510997924
2.1925767228623214
2.2107783220672523
2.2139412528498412
2.1919845312833623
1.1179996225353281
0.9786871843192042
2.222217634618653
2.2237169516751676
2.169232727165423
2.2037427454353087
2.2359722884535955
2.2150378407751123
2.198238938810288
2.230551824811915
2.2039216962359616
0.9909887809526291
1.358514003531783
2.215120253327491
2.2037473319328598
0.29159425954964596
2.204441985997163
2.198766588414253
2.2115015659005763
2.2465818390536594
2.2406817162638792
2.2161160125652684
1.351635426729411
-0.16088565866354987
2.2049976462503897
2.221355876856924
0.6862268196296082
0.6482782085680372
2.197494316110794
2.198769122401416
2.236350119066074
-0.15632094313008035
2.2187187163283424
2.2191001245182393
2.2285148782637147
2.1901330789257036
2.2319589903549275
0.6826123530987976
2.2059554203107563
2.224342654718842
2.246541246294963
2.2307796939886675
2.217704086537494
2.2150104883483994
0.8221626807861782
2.2167540034583646
2.2377654856825857
2.1674742485213447
2.2019529765281707
0.9644255889705451
2.217732788030042
1.3165242225986227
0.343291669743539
2.1850828795427657
2.2250429807059176
2.1743148957216807
2.22517019756601
2.2312922329988774
0.9941662795719635
1.322145779349314
2.197683263739421
2.1819957108880588
2.2306414657628983
2.2132366953547065
2.195579859833753
2.248511320406169
2.2025258826075484
2.20558345306296
2.221203355750343
2.2338568711284417
2.201290574736275
2.1957752245714444
2.2493175010297417
2.2242283820653026
2.218243457529877
2.2020987327054957
2.206769985282332
0.2886954050357695
2.1991782435627827
0.46256563160803355
2.185617758715699
0.8017903128709266
0.18278836802801335
2.196672428436569
2.175898737558824
1.3448885133811685
2.204208194682663
2.212755376471457
0.2916060367659031
2.1974280941653146
2.1949792854647567
2.2335306510404167
2.251067348427705
2.220477516248481
2.2251347184052
2.210335746071502
2.1905302612490813
2.224323055830051
2.2079210133176987
2.20454095771018
2.1832673684976514
2.212999359314721
0.9952477805946748
0.2959640370985813
2.2180891837165264
2.201732195988889
2.2225912190981973
2.2267193074746454
2.237095209468537
2.2462059748311622
0.2994884088526517
0.8741184777695676
0.8009182594912385
2.184180389675403
2.230074883757539
0.9797950691287074
0.2903466357946524
0.29385285782599585
-0.15313510672661967
2.220413556245763
1.1504383681322208
2.1980475010069735
2.2269072158313876
2.234483419313256
2.2270214187983743
2.2051915020440247
1.3206232082034877
1.379626555733514
0.29677643194331527
1.3172091335003961
1.3635165923902595
2.20407730075296
2.2506213069967345
2.2328008409127396
2.2022101792174005
1.2435373701598347
2.1809445065881956
2.2491557879732933
2.2320456779520286
2.1677316261484583
2.21551831499825
0.019245273545251573
2.2260635048357162
2.1881247175355423
2.217219872907524
2.2398854801724553
2.1917193397810366
2.205430573555918
0.4340905707069524
2.2180661809206965
2.2355709901830183
2.1975275807695653
2.192369710487383
2.207877702523657
2.2217947471450405
2.225856593456846
0.3972955426509444
2.1978289711642223
2.2126561664592534
2.2090151517716703
2.221023562675808
2.209452166423214
2.2050288824629822
1.2891985083197526
2.1928482785113648
-0.15861626268236187
2.219511445075942
2.1913935680210925
2.2083341857138246
2.2027252051662503
1.2049819812699296
2.2383705559428386
1.278284982434158
1.3233755348866607
2.213422371497381
2.224663956935794
2.194453834803779
1.1543653310718067
2.250115073604315
2.220079639540759
2.1862205394633536
2.2384223945792634
2.2102242825373297
2.2264206865988814
2.2246988978060473
2.2351705555639922
2.1956917594674317
2.212253493547775
2.194185457264687
2.2333251083273256
2.210265444046128
2.198784381971093
2.2203550693072893
0.5208416055909036
-0.16398806227084547
2.2189346430100345
0.6369013346570822
0.28866677418872905
2.2151073143817834
2.2234234647191884
2.13997433748261
2.230692260909927
2.174147002526413
2.23499788258561
2.209973326840074
2.143473725237766
2.198279942812098
0.29074683387172007
2.2189578689805045
2.172394805884369
2.2138032724558445
0.486743920273147
2.20539210277765
-0.1506837784570927
0.9707335116548771
2.193376825823797
2.2409572164443423
2.235980564710864
2.215422396414196
2.208422403177341
0.28600447324892847
2.2410037022818425
0.47048791768730713
2.1947608777163703
2.1960851600820224
0.2645508069391779
2.2203678072854722
2.226727268566882
0.2948680561467109
0.8087338301751001
-0.16449504481359853
2.208452962587691
2.211272600578061
2.217949280320032
2.2400376202085033
2.2214134189378223
-0.14753386362949655
2.2048758772490418
-0.15777449697920765
2.2188056559553146
2.212290227292318
0.7049367821301187
2.21898647797124
2.1995928539327503
2.195950944705676
1.2722520001862816
2.2307611803378915
2.2363076498594046
2.2179386908456102
0.28868233927987247
2.2079075292262993
2.226765363185126
2.228539634657323
2.233750549898248
2.2112394873726995
2.2181057792454055
2.2173159576618318
1.0017955774162122
1.3469886926316912
2.2074784553830096
2.1769387671184504
0.4599260745734556
2.178597122683336
2.222033683389736
0.29155451973624713
2.238430493000128
1.337701656437848
2.227073598886633
2.1994835887189383
2.2096500343932024
1.2580554648865023
2.2496965743213324
2.254819327301048
2.2150363198379344
2.2155644350550894
2.173463870913354
2.2051527797373147
2.196839771351997
2.221038221919171
0.3735760099839136
0.18473053359253316
-0.15245400776962426
2.233386621917301
2.164258322087643
2.2391713030422435
2.1885853738958074
2.227337098648954
2.2196237696347323
0.019032042099018764
2.208308268362897
-0.15853286727149687
2.215091175135526
0.29725151906367586
2.221891405605966
-0.21161358469881517
2.1841787390439267
-0.15720114076717376
2.2177418836617546
-0.15788993488794276
2.2156020298774712
2.2299912082444093
-0.16070894853839768
0.29431505137804226
2.238569491421844
2.205469303469853
2.2169444640858673
2.2100056713138185
0.3352335332915365
0.3633899535023252
2.2065829290462826
2.161715333385095
2.2270272375807845
2.1786751040405345
1.3396761511036444
2.2184191965037883
2.2259645059071684
2.2365846550192936
2.2425175818381096
-0.15103008523246117
2.1726005414999032
0.7976946583781626
2.214961775778207
2.1811148046477866
1.2840765124063518
2.2449193948790533
2.2342190050146518
2.2126857422873005
2.1895749349790163
2.226763908911171
2.211649309870394
2.163104568527778
2.2115819259121636
2.240290969913857
0.9957597612682337
2.2088601373048347
2.2027550921105803
2.2241028758596064
2.242776290208905
2.203353529262018
2.2194204845311036
2.2251138227221032
1.2175656587587533
1.2779129371697149
2.2035908460263647
2.21240776588955
1.3646049220123975
2.1504322234610687
1.3072315958110707
2.208489989391668
2.243177364291229
2.21487512175613
2.2083656806993917
2.201803688306058
2.2331496940215176
0.017851913635645644
2.2219195700691725
2.218545744160129
2.2100958487103677
2.193009942609773
2.212367717285098
2.204579743339489
2.2199959563531753
2.2097323137856986
2.157084415261002
2.226823267122934
-0.15734431465081195
2.218894302810052
2.261946163629203
2.209029103236276
2.219391158375284
0.8534608892879124
2.214664226900555
0.49063664271828866
0.6440741297208199
0.8364815361050899
2.204047198333973
2.192591714786561
2.208523895551518
2.22855550543184
2.249742443429038
2.2169856243603734
2.2312561430025863
2.182490065211574
2.2241385880145805
2.2301806039024514
2.2370979434544873
2.2313256385834097
0.1930965422755319
2.1713582809720786
2.197859815615691
2.2384210526681994
2.210413636505789
2.1802015974663314
2.2090991698444817
2.2082586965970328
2.181377040158145
2.2391512505791686
1.3516207203308959
0.2924485625526429
1.3617245828326838
2.208649838466531
1.18966235879967
2.211865910039894
2.1607563634344222
1.351577687405809
1.3167029399557324
2.239327706955228
2.2138956499187468
2.1781714212577974
2.2065888910416165
2.23316958527431
0.3662522762264726
2.2245371940986987
2.242945303766837
2.2391434073191547
2.2224970238182444
2.211013558906533
2.211258082750062
2.2106269182617453
2.2260680512467386
2.1856587331560977
2.20356003831829
2.220201073105449
2.206976752855664
2.207873590823313
1.1585846663503057
-0.03492714763128796
2.2390893776242162
2.233757994235127
2.192602136656569
2.231858163199962
2.1919401156373515
2.228232137153495
2.206773265968101
2.2064349667470142
2.185580019743022
2.2092729772467843
2.1704916557133407
2.198171456777476
2.21932436217428
-0.037268081868142455
2.171849884096857
0.5743154062922267
2.214893874018898
2.2137254525345367
2.1965898018638175
2.215064931915255
2.1965243544063355
2.2186725237168634
2.197693997522599
2.1849194421039275
2.2201241367006017
2.214235306762689
1.1473588104946695
0.9854763282949237
2.2183264589381793
2.2065138297102056
2.2345366680454712
1.1998350333431311
2.230443545657116
2.1621983880408466
2.2180752017160366
2.1789090420948662
2.218757772048889
2.1993089111799566
2.1800427008177214
2.20390753187172
2.2147776376356774
2.225769630691617
1.2535387131783495
1.107745548543549
2.20943708644698
2.2012521082647716
2.2189065761494704
2.1639639836716107
2.232345008557779
2.2236733457554774
2.252458253732379
2.2167947326071444
2.1788311130431843
2.2043569347495637
2.2034713607848166
0.4684502899457698
2.2042493691203306
2.1956488807740175
0.715456945428351
1.1348386050148505
2.187780988992504
2.2362384523155368
2.2446457683216066
1.348447824235273
1.3157842090390413
0.654805280555191
2.2288037166679704
2.221861769973443
2.1793886131235105
2.2205866718321285
2.236806135669889
2.227541959253486
2.2262291104332923
2.2146970617095993
2.200210975024611
2.200229926146851
2.218025309523372
2.2353112882805326
0.6355109041937439
2.218985126640022
1.2660720919353199
2.2269678479048114
1.2859276656690755
2.176868680435711
2.2101740172570237
1.1434614233139
2.2087036928346073
2.2479202732997408
2.242378639310722
2.1230401151263845
2.244130858003376
2.2091095276549417
2.2036715036446206
2.21093197367178
2.2282692155171544
2.212591057653201
2.210552491251943
2.1972891508281975
2.2165268409758383
2.214501538572133
2.212563096154555
2.218955916547796
1.3310531314861225
2.20737845029352
2.2214737881727515
2.20907767992736
2.1756625662688753
2.2063021454975837
0.2922548857961001
2.2285742910862143
2.219878890825557
2.210406948282862
2.206548133812617
2.212834504303729
2.2189755952694235
2.224573202745025
1.1843939916273645
2.231203785029365
2.230710300264913
2.1387097000128605
2.2092644430560346
2.2169985350674524
2.209801249790992
2.197277529893463
2.20752140734409
2.220396156599906
2.2247075286011118
2.2168760114623938
2.2217936190411924
0.288217256651997
2.2337522531247913
0.607791568108117
0.641544331232584
2.218614790700804
2.224185624975285
2.198170482992505
2.204235693067494
2.2333213956703
0.29476361820278507
2.247293218435275
0.49077666553057997
0.9035094610372105
2.1912347738520923
2.2195144655487713
2.209324865823027
0.2880718211118947
2.2106888539703804
2.2190435229392893
0.9938551499184909
1.054769103935467
-0.07340249732255252
2.2333097724770017
2.2227086085989978
2.225304781385926
2.211469084555313
2.190777377018087
2.241625345012796
2.205971656670979
2.219041894066362
2.215466704082327
2.216732558320352
2.2192442446951155
2.2047536851207536
2.198931157991016
2.2040080655664718
0.5231497109564213
0.8530859652378853
2.2143946008663677
2.219054431051327
2.20286862613585
2.208077885450136
2.233839423395186
2.1943320411300578
0.9741879815625977
2.2523817315568144
1.3104312523279527
2.2059595226943554
0.36918331119513037
2.2035136831252373
2.217988266881561
2.217053633110326
2.2290982311559784
2.2140706104124286
0.23613901083742622
2.1836141635910797
2.1872675536172625
0.9515893057283537
0.28774673716849297
2.231925584098376
2.1651835502199637
0.030198765110618364
2.2219740835979223
2.200862703088019
2.2069357208482394
2.2333637746236694
0.28833055341372954
-0.15513839771608307
2.2245669489818005
2.2313924189331518
2.2145924957447476
2.216571122780091
2.228302327626422
2.2081810464424305
2.183727132909874
1.3358434885754213
1.3988967212387
2.224603859843312
2.2343574131895716
0.9956237527637712
2.17816291165666
2.2107071999140473
2.218263107549478
2.230260544844814
0.5456190701359115
1.334016291011387
2.1978232418613564
2.2341281850343
2.1595679854061904
2.1748167292388123
1.2924964351047046
2.215766542826451
2.188234377613222
2.2211942568839076
1.2961537977738915
2.189464135041696
2.221154241590111
2.2015156237060167
2.2496318376259676
2.233816420321992
2.2240986563770457
2.226680745979504
2.201875922289429
0.3618549812243941
2.211080300416055
2.17668113408934
0.33107705419740285
2.2076889633424805
2.218959986312294
2.2296466876221652
1.3311666797766053
2.2352062443087717
-0.15821243551241954
2.245565289600894
2.2029856658286624
2.2069480601345433
-0.15813268690235827
0.9917083438694886
2.199048006485703
2.2220238110317245
2.1942817785320856
2.214844061428507
2.2128185838240158
2.264716445319503
2.189794776153022
2.223705801917391
1.3421933902589036
2.215073482680367
2.2077312823611766
0.2851178943474828
2.2452888831092785
2.212701298694018
2.2299150367492206
2.2277682073396834
0.9854551146129682
0.28872655855248364
2.229258756969374
1.30276738417329
2.160340665493637
2.2238462868266047
0.6578635174647544
2.1873895902734954
2.235450606183914
0.2893759176685021
2.2006572370011996
2.206037931233668
2.2056968483808164
2.1999283014816755
2.191157695195688
2.205014367752037
2.221898816312308
2.189678682677183
2.2156184669194547
2.1987005295637774
0.9401205197833828
2.2068675881766437
2.2330558057948267
2.2083350616852573
-0.15226288395181198
2.222384385647104
0.2944384696704247
0.2932883625159862
2.22514153168636
0.3059552120275406
1.3582150971158489
1.2822770579764584
2.1995425103183353
-0.16107968044074447
-0.1579525953719872
2.192477911634728
2.183877640313106
2.2276318650040055
2.211608935695233
2.2164360938962466
-0.15897281061523538
2.2420626653960456
2.24649884476836
-0.0553074606137105
0.011697272948108073
2.2031365460012364
2.2449795239847257
2.2088855681250905
2.2319189225829454
2.241171172356255
0.28970220072336805
0.2873400084546378
2.263037369227663
2.2432160656391904
0.5488706986610281
2.2009273925620603
2.2116393154193723
2.2335125536986364
2.207858231764707
2.2368935551520415
0.20089547449260764
2.221943024156337
2.20293168813119
2.2057518209895526
2.2051593557919418
2.184144755564809
2.204968720181829
2.2185686833492126
2.1870382979765766
1.3312506741378134
1.316535671167995
2.234913404562095
2.166664478798097
2.237697258175892
2.213027928579897
2.2156703458975837
1.2415276343329975
0.4781503024551619
2.2574143670312257
2.217922220471075
2.2089041385883372
0.8544075523861259
2.2129277468633832
2.220519535986596
-0.15916946986796227
2.2194481926402427
2.2292029157975066
0.29530580668637973
2.2186889670052974
2.243699388598714
0.8083122460569745
2.206907913582639
2.2032568757490916
0.6424072762773467
2.2238739621622536
0.8152807385321428
0.2859195683824896
2.2060623463379736
2.208500705757752
0.28438778911377677
2.193861167536368
1.3175723789502458
1.2913295356434518
2.2096293407490197
0.5703109497725874
0.29292595218765316
2.2365940900810037
2.2245582200481433
2.2363946698325554
2.184355343951008
2.2489375339050888
2.2203600120618687
2.214107792801504
0.47470505223493803
2.1737552154190203
2.2064631363152087
1.2456982896592466
2.2385879027950155
2.2014753349289533
0.7934893963978388
2.217071751142213
2.1943727596601925
2.2331984922244046
2.1980452247336144
2.2194465091655413
2.256825639393307
2.1902018314017435
0.29067200006468463
0.38321834369715285
0.2881218460713275
-0.15610450721422756
2.206092164756094
1.313027914679046
1.2968369292353241
2.209508263256107
2.2219887170030828
2.1929870512363814
2.2025972476465943
2.2283867395117003
2.202016194571063
0.32495635479169166
2.233156226535554
-0.15812589119796067
2.1904748234290814
2.180144452340647
2.2089204671536447
0.15388281667337134
2.2020605574283296
1.3087464424415207
2.2329703531650127
2.2189312582107634
2.236755426872306
2.2017327404175653
2.1755538682067344
2.2299045319021245
2.2223029456003625
2.2254519421974797
2.227290544565852
1.341511789084036
1.3129835490948158
0.5193637335904024
2.2081467424005243
1.3267171797721964
2.2088736250133625
0.8793310630047695
-0.15586804113262953
2.2055958833282348
2.218360302720099
2.174886742717026
0.9662629418017076
2.235563867392779
2.2269441484611656
2.235677769180319
2.2106500770614748
2.2151348799424753
1.330731390892846
0.2438251727732813
2.2439443560785683
2.177535312263403
0.9920859722089788
2.2016886817991965
2.216747774622384
2.1425454693801766
2.175505556005195
1.2733432104576043
2.209307693788726
2.2168665490678636
0.19007470635915413
2.2155402910904964
2.2118026138628117
2.146919297926521
1.3938557920647763
0.3712660411178129
0.02644154669335641
2.1984400690254993
2.2106499005750457
2.2348790394345426
1.1616516847939922
2.222448195225423
1.2896950080123952
1.3117170086479721
2.2172803201158438
2.1949107230822555
2.2189346575302915
2.2185893282875764
2.2251111550616383
0.8029962525506769
2.2584366411074157
0.5610417398170323
2.2126335843030858
2.187828820759205
2.2154454511707904
1.2289378435421523
2.2217515110493573
2.238946791415901
2.156969838483544
2.2300025786797546
2.2093151452696533
2.206140418268015
0.8798049678500045
1.3300582105714231
2.167363448324892
2.22561846244285
2.242418470847764
0.2911669903699735
2.204546851245108
2.1985812789817847
-0.15886434727278065
2.193073298940087
2.229898611215745
2.1997832644753488
2.222106215790788
2.2472084750958494
2.247352882290416
2.1929865580981125
2.1692133203415382
2.2195554179134116
0.2648124316416331
2.227894953158258
2.2561674320101694
0.2798648198629205
2.220981592727291
2.184355270266964
2.236339640901855
2.2082230916764587
2.2235513144343466
0.2947497281739775
2.224910265443793
2.23595824786214
2.203881657219346
2.1865999365149626
2.229537560705202
2.2273039266644465
2.2291520368426885
1.1156234069412718
1.339729854786241
2.2237952119155278
2.2072581140009726
2.222504007072897
-0.15858806964270222
2.156778883020781
2.260678688824213
2.2485919472314273
2.197735794448669
0.029098098545038753
0.03518991268865623
2.2490293352957464
2.220712279049017
2.2180248897712427
2.20707338162172
2.2423703520250973
2.216072974343019
2.205333935734878
2.170835973017427
2.2263581143654028
2.2360056724304185
2.2115943730521446
2.246554690492488
2.2180559371880957
2.2140477939454755
2.208212196298348
2.210801457691579
0.6526721718619549
2.2153471125741078
2.2225769966532383
2.221940570314092
2.227932794775456
2.218628393389447
2.2399673843674086
2.1401952903126773
2.2282674069025212
2.1565227129914484
2.2313058282183302
2.2410315030887835
2.22004636936007
2.2197754318977405
2.20215975211745
2.2127777131237587
2.2398153328057013
2.1888024144297056
0.2885849095523073
2.22056441932278
2.2001106228625593
2.20897342888392
2.1907673977349704
2.227961598348684
2.209757164748429
2.2157438548985278
2.2123727756204326
2.1942388732138056
1.2408868252126908
2.234003640585142
2.1881908677377844
2.192701499693586
2.210047239251991
2.2101863424254993
2.1919497029028303
2.1926800042960766
2.208056307537606
2.2092424696737396
2.1814303566584883
2.2218805837509694
2.2067666971317865
2.2533632292091594
2.2170417863183323
1.1171861908615957
1.324674083515196
2.2184556963533195
2.224284830440524
2.2114320367794535
2.2380180388811324
2.2421784758271905
2.2082580156205536
2.182016352425004
0.9867236409568823
2.2207687761186774
2.2105191165830664
2.232628557594425
0.924764766439664
0.11385126868054535
2.2154453713165285
2.1906472465910856
1.1047949751672286
2.2194201343287627
1.0646250001379518
2.2680887989288574
2.2308173835831253
2.224177738301723
2.242768959018848
2.2220381991653673
2.233854789506494
2.2271139530584074
2.1501110723386714
1.369750260037469
0.7974791037247126
2.2103025571998742
2.2451656783074743
2.223621877872733
2.234604042198885
2.2136345901688568
1.2944460950925971
2.22140045504189
2.1789618774931623
2.2145455630929423
2.2217392848228252
2.1939670518597882
2.177140381053367
2.2058204711549148
2.2151815390220557
1.2123929004000689
2.2137230713893854
2.207572984968208
2.210534701799771
2.2245864667716244
0.6902618770456774
2.231811031741069
0.2773818884944158
2.2351175653678412
2.2041911227300472
0.48096702801381785
2.2453185841279213
1.2655213637328098
0.026926578020128766
2.188435784571026
-0.16170335880663617
2.2091618337652648
2.218206918330049
2.210059927434463
2.2209714649664405
2.230087641056511
2.2362316568348035
2.202541897834708
2.2009575021221184
2.2233541583367398
2.20832208526838
2.1876014089371454
2.156441110072006
2.2443495176658326
2.181133533785193
1.3414290207416808
2.1740368926540516
2.198667374060314
2.2199287916876544
2.1886237550612986
0.29136869321125425
0.46203550833667295
2.2271869740621906
2.201638792913758
2.216075204366252
2.196143402785019
1.0012948804905841
2.217120731695886
2.215287317222044
-0.15966557651197166
0.8354467775101958
0.6398486059909547
2.2523274188078446
0.3226285168666061
2.1835735577111466
1.070970708971937
0.1813371868698953
2.2038711843088024
2.208011102779335
2.188125735917014
1.311442108899815
2.2352294060878366
2.204777481818881
2.254163025983227
2.185088686734682
0.8057817070078607
2.1918282362690835
2.21404022920602
2.239229590510309
2.199191696533212
2.2084832452357364
1.193942027136238
2.2117688925873575
2.2227247676403508
1.2933877649104817
0.2937408717868625
1.3252305225398562
2.2118788521163157
2.2368799339337095
2.1720105010635007
2.230534660311524
2.221814061251371
2.214563370738877
2.225065950255218
2.194948462847244
2.1975176643161656
2.180313693602999
2.1973481915377144
2.2068613234566916
2.197083709658365
2.2195151530938886
-0.15728952955317121
0.8069313328614234
2.245636868454077
0.5400925685690393
-0.15604082775561565
2.23160583879254
2.2277170132864614
2.221649616287634
2.1988686727997147
2.2296541837520634
2.2304154647505596
2.2289651506190977
2.195841735620215
-0.03575569650496385
2.198304769389447
-0.6570360098565015
2.201434360791843
0.6461270249055925
0.025877850811661884
2.2048662829897143
2.2178252290279215
2.2298195322905343
2.221470090257907
2.2101851275361275
2.191981098767481
2.234748034820051
2.2042158816558417
2.226280021891988
-0.15075643144836606
2.1995901963061626
0.18971590942445804
2.2128822622019886
-0.15096619979243203
2.1856062820645517
2.182466794717999
2.2047796189154534
1.1761614464170507
1.185260074963551
2.2580433330468117
2.1623959240072375
2.210088091232178
2.202491427196727
2.23025036118535
2.2123818786180998
2.214739593885227
2.2232201338579998
2.2106517506442724
2.2348976119922552
2.217476704628706
2.173683526701229
2.219504593631418
2.1826527278070533
2.2106218961966166
0.8981922772665358
2.2084795686226895
2.2259117020209436
1.2431639932647445
0.2876545337553427
2.2252779610372126
2.225867350463057
2.221682293017981
2.2043470393424034
2.2435547226458668
2.2280166413707887
1.2449642224828996
2.187774050452152
2.228349206764902
0.5567109481772875
2.2227653712030984
2.2175576443118334
2.193514152872932
2.212436399701599
0.8242573960354259
0.1879333643680483
2.195836907700124
2.203644608081217
2.1965497437077053
2.2086223214699094
2.1799987305448107
2.2273897698509852
2.1918817497061074
2.2309421172792785
2.233726458908991
2.2144642988547023
0.8253139545357229
0.41756867075759757
2.2283970255312635
2.1970159140809336
0.46906304912971525
2.2235811985860554
2.218600305246773
2.1844718113003334
2.250264640464284
1.1668187713234117
2.1986007548359057
2.1972709544611835
1.089540991299868
2.2062598108803604
0.5448590577662122
2.236116157074602
0.1470586015655132
2.1945151338951927
0.21109865437947684
2.253460349076917
0.8842750225772633
-0.14933846187252692
-0.16270554529483242
-0.15565330954904302
2.242022665261114
2.225878869250587
2.218831611601813
2.181961294034628
2.235175710822563
2.207830181955474
2.195416740207876
2.192257025624813
2.215346022750306
2.2096736495495337
2.217437758201796
2.2122982372251396
2.2181450574689165
2.229200286941327
2.2151320626935034
0.1797531985912471
2.2339335232267237
2.2328057935746632
1.006649786006046
0.8457820544751684
2.1847494383170387
2.2123794441241182
2.187270454046831
2.2197793514917805
1.3792522847105069
2.2294390218357156
0.38368783713501997
-0.15065092902431174
0.6162274968256705
0.013685069882496848
2.2203586411396903
0.29551466153843686
2.2122484301112078
0.2938681589126226
2.237088718143756
2.2056397341223444
2.2018081608809212
2.224838077546976
0.29038132988562654
2.232800914616571
2.1924087306913695
-0.031220770279379806
2.220187384237514
0.8668467545884365
2.189385515105821
2.225688797691439
2.197843883289919
-0.16186262829337433
2.1978963039056185
2.2135795442947197
2.2001768633975627
2.227518211531656
2.2138599959019563
2.2274169140491358
0.5399819686522389
2.1727173161515214
2.2251700994038583
0.02330042429080581
2.2361485998197264
1.2891452216109105
2.2158916696172173
2.221864986310578
0.4916234653509386
2.191221392675607
0.29016024558030495
1.2658513836985485
2.2436651480081498
0.29177680258989036
2.227772921673643
