-10.0
-10.0
-10.0
-10.0
-10.0
-10.2
-10.0
-10.06832719783985
-10.426718858771615
-10.03756882639222
-10.0
-10.0
-10.0
-10.029665540862231
-10.077379692121697
-10.0
-10.028933185085293
-10.0
-10.039958198890721
-10.0
-10.0
-10.0
-10.057966626708112
-10.025082848734188
-10.0
-10.0
-10.0
-10.04651148065908
-10.0
-10.0
-10.0
-10.03943634676114
-10.0
-10.017066476809754
-10.0
-10.039843042419472
-10.0
-10.209119386551667
-10.0
-10.0
-10.030831992534116
-10.069898512515161
-10.0
-10.0503093130641
-10.0
-10.0
-10.0
-10.0
-10.0
-10.0
-10.0
-10.0
-10.261249616113476
-10.0
-10.0
-10.0
-10.043357257668914
-10.0
-10.0
-10.0
-10.0
-10.0
-10.0
-10.014260011559005
-10.020500033468574
-10.0
-10.0
-10.011340684281816
-10.0
-10.0
-10.049426688443868
-10.204226898500252
-10.018162654601834
-10.019565532024867
-10.0
-10.0
-10.01408736312917
-10.0
-10.0
-10.0
-10.013362980485969
-10.127713011612347
-10.016889937209896
-10.0
-10.019301827002826
-10.0
-10.0
-10.202466872847832
-10.015323665589111
-10.0
-10.0
-10.063828449099594
-10.0
-10.05829266121806
-10.0
-10.014667369201735
-10.0
-10.023213779269613
-10.0
-10.021700875393632
-10.0
-10.0
-10.0
-10.0
-10.0
-10.0
-10.0
-10.0
-10.04635596352333
-10.0
-10.024720732621905
-10.139596826595152
-10.0
-10.0
-10.0
-10.0
-10.041088796700846
-10.0
-10.0
-10.012398062038685
-10.0
-10.0
-10.0
-10.0
-10.063379771504355
-10.01727396445602
-10.014950957352353
-10.021440493534092
-10.0
-10.0
-10.0
-10.0
-10.0
-10.0
-10.0
-10.0
-10.0
-10.0
-10.0
-10.0
-10.0
-10.0
-10.016367233799334
-10.0
-10.0
-10.0
-10.0
-10.0
-10.12697585679149
-10.0
-10.019633871945102
-10.0
-10.010204127451432
-10.03576569768908
-10.133763963707418
-10.0
-10.0
-10.0
-10.0
-10.0
-10.219806313129087
-10.018556128465482
-10.0
-10.062338022410382
-10.0
-10.016756707089302
-10.0
-10.0
-10.020963312609656
-10.020791727358256
-10.0
-10.094268138156862
-10.0
-10.012442850652732
-10.0
-10.010125309444202
-10.0
-10.059769996828324
-10.0
-10.0
-10.060140364140933
-10.0
-10.022107580568399
-10.0
-10.0
-10.0
-10.0
-10.011181658345556
-10.0
-10.0
-10.0
-10.034580591792798
-10.0
-10.0
-10.315899034094397
-10.0
-10.0
-10.021980781552646
-10.014894174893508
-10.0
-10.021443440455318
-10.0
-10.015574049463481
-10.023993828669473
-10.0
-10.098294482651509
-10.027498808349616
-10.464130643600141
-0.7327416400727813
-10.00001685264692
-10.000121961970327
-10.0
-10.0
-10.0
-10.0
-10.124464758781937
-10.000045917262039
-10.000582525582896
-10.000086083518005
-10.000033373377638
-10.00000860289486
-10.0
-10.00041444789193
-10.0
-10.000131170731125
-10.00010937150382
-10.000598538322626
-10.0
-10.0
-10.000016983309639
-10.000424098359131
-10.000538738708958
-10.000246172156803
-10.0
-10.0
-10.0
-10.0
-10.000100796591623
-10.000552707261514
-10.0
-10.0
-10.000023763931477
-10.000075869512509
-10.000120175221287
-10.00022902418795
-10.000090405837385
-10.000105349712797
-10.0
-10.0000562442358
-10.000023797358692
-10.0
-10.0
-10.0
-0.1999345975616072
-10.000006736509645
-10.00000465452481
-10.000004775259185
-10.000135077839195
-10.000044933740627
-10.000014832494498
-10.0
-10.0
-10.000091355998212
-10.000004858225507
-10.000112608087804
-10.000043224944656
-10.0
-10.000009013783492
-10.000026838960183
-10.0
-10.000014233313877
-10.00002039030041
-10.000023243536724
-10.00002773116458
-10.000037522048778
-10.0
-10.000017802283528
-10.000045578770106
-10.00003142516192
-10.000002483561667
-0.16621098292878866
-10.0
-10.000006081676892
-10.000022471637708
-10.000049689610298
-10.000008092018744
-10.000006094177849
-10.000014843204236
-10.000072524625127
-10.000006124134094
-10.000047340654794
-10.060019891565592
-10.0
-10.000035313735674
-10.000016477916512
-10.0
-10.000004221191826
-10.000182430107891
-10.0
-10.046623281274462
-10.000004390224582
-10.000012182020038
-10.000161203701653
-0.12340838740122738
-10.00004542912793
-10.000102575664242
-10.0
-10.000022155540947
-10.000198187102656
-0.1686859694797223
-10.083098357800388
-0.037993507055366166
-10.00000544890454
-10.000005491133509
-10.000074245945722
-10.0000246075529
-10.000083822673208
-10.000089144614025
-10.000002835195168
-10.000038717558956
-10.000016170273799
-10.000014024038215
-10.00008396700848
-0.031217942890314994
-10.000008594568202
-10.000005527138631
-0.09698182435866141
-0.056331587448953335
-10.000048758592094
-10.000004128681029
-0.03176038479689778
-10.000036531214844
-10.072865430697291
-10.0
-10.000010422048575
-10.00000549416369
-10.000002857451062
-10.000084373833994
-10.000009092565412
-10.125256999971041
-0.06230697300408512
-10.0
-10.00011585030055
-0.16043774153894358
-10.048383357638855
-0.09018836698564944
-0.07773938235488173
-10.000003075150309
-0.09265067712766074
-10.0
-10.00001953094762
-10.000142178513846
-10.000035177524973
-0.10270514797076492
-10.000034073143604
-0.05277985157715628
-10.000012994761692
-10.000010309554574
-10.009450597897558
-10.120243933438719
-0.06710492309974204
-10.000069517191516
-10.0
-10.000004103528138
-10.000031312509357
-10.074263527861044
-0.05582506888275933
-10.00001239766749
-0.1417034031756498
-0.031608839757454904
-10.000040960535397
-10.03715275033337
-0.045274282740577
-10.00004142481137
-10.000002820229598
-0.023259800419750933
-10.00007378432374
-0.09419785981704329
-10.000011439276008
-10.000016299234648
-10.000122033863326
-10.000016298860533
-10.000134624294695
-10.0000054207462
-10.0
-10.000036449956012
-10.000029870638738
-10.000015033069365
-10.03665135700494
-10.000062244956805
-10.000044170660125
-0.02897298188505617
-10.000091928612497
-10.000108235047193
-10.000013068180754
-10.000163750924617
-10.000043408344828
-10.000042361787571
-10.011949675189442
-0.16101807017831324
-10.000017934422136
-10.000003124421072
-10.0
-10.00002231975158
-10.0
-10.054558597713314
-10.000022875659766
-10.000034861232264
-10.0
-10.000023769557211
-10.0
-10.0
-10.0
-10.0
-10.0
-10.000044452384135
-10.0
-10.066432591081933
-10.000031610501352
-10.046264757990304
-10.0
-10.0
-10.0
-10.000045472990738
-10.0
-10.0
-10.000023447204235
-10.000023534209225
-10.000023820218177
-10.00003360326649
-10.000009915828604
-10.0
-10.000023387370504
-10.00000602460923
-10.00000174489936
-10.000011714154345
-10.000075130645618
-10.0
-10.000050920934397
-10.000010413319641
-10.0
-10.055433397794502
-10.0
-10.0
-10.000035962719378
-10.000094820421046
-0.05898437978777475
-10.000020251641512
-10.0
-10.000002663747956
-10.000003161396966
-10.000018972771002
-10.0
-10.0
-10.000003912240208
-10.000011686101576
-0.04690333694887855
-10.000012829804408
-0.05394992448484444
-10.000002149936842
-10.000004727944779
-10.0
-10.000001966611205
-10.0
-10.00001395159867
-10.0
-10.000002618306706
-10.000036456614437
-10.000003206904069
-10.0
-10.000028584183925
-10.0
-10.000027210869492
-10.000008304749676
-0.08227570506420304
-10.0
-10.0
-10.000029495879312
-10.0
-10.000071223448314
-10.0
-10.000066609146774
-10.000126775800236
-10.000038211655248
-10.0
-10.000073281444374
-10.000060596621147
-10.077307546904985
-10.000101848277907
-10.000063639300974
-10.0
-10.0
-10.000026080727586
-0.0894839129625292
-10.000011156859614
-10.0
-10.000035523118404
-10.00002345526516
-0.07335624567532972
-0.09915521263383756
-10.059608842278111
-10.000042802540056
-10.0
-0.037469642171313655
-0.05831167320644326
-10.053959250082908
-10.0
-10.000002674443866
-0.09729712227017616
-10.000015983934821
-10.0
-10.000039382302187
-10.0
-10.000013301075585
-10.000003860773157
-10.000037721420838
-10.00001182991333
-0.056872279978975857
-10.000086693709125
-10.0
-0.04654498990651496
-0.060554252860251595
-10.00000264444668
-10.0
-10.000085995436878
-10.000002812517907
-10.02504052947273
-10.0
-10.000088124638078
-10.000022062108554
-10.000021810719124
-10.000003867405301
-10.00000195276185
-10.000022182172927
-0.14570376088680556
-0.0735206204956831
-0.00026880053484988213
-0.09624352223503053
-0.04310580441293363
-10.000062859991756
-10.000001539053898
-0.026204297187405242
-10.0
-10.0
-10.0
-0.07812203331441599
-10.000018769420205
-0.00021710462646028146
-10.000093691266201
-10.000034123743054
-0.0002964154488451056
-0.032685706259998046
-0.1034487095156015
-10.041329155051052
-0.08032706657594298
-0.08962800543804936
-10.000039696511774
-10.0
-0.026081225389347113
-10.000002648122353
-10.000032931761444
-10.0
-10.000003017380894
-10.000025299809753
-0.0641540831986588
-0.016605530149279533
-10.000002914104137
-10.00002631126551
-10.000100966835175
-10.000110009172005
-0.08114200549293032
-10.0
-10.000014408968378
-10.0
-0.00018745999692508644
-0.052302629947438964
-0.0002710983661348839
-10.000014473902294
-0.00013966031272284456
-10.000002558223722
-10.000017413145821
-0.08053828917972922
-0.031356385918952734
-10.000062438579615
-0.020337205420397506
-10.000023758894395
-0.0901759695331906
-0.01569628531101087
-10.0
-0.03957235602998268
-0.0002696491709332919
-10.0
-10.000015986799788
-0.0001546338540210807
-10.0
-10.000025270616252
-0.05626483207612881
-10.0
-0.0002712532179707841
-0.0002668468785342983
-0.09134571873105993
-10.000002709654195
-10.0
-0.105216493779698
-0.036412466180123365
-10.0
-0.09728955064491106
-10.000013181813388
-0.056090941240580006
-10.000077158937781
-0.06555580058619948
-10.035194138587295
-10.000072143847307
-0.00018281499365233292
-10.000001457219176
-10.0
-10.0
-10.000064465586304
-10.000006876533886
-10.0
-10.0
-10.102460533332472
-0.04942385908772064
-0.08466011650429804
-0.00017295864894678256
-0.036095877629471945
-10.00000860502075
-0.02768353958624413
-10.000017679778958
-0.07845506708835152
-0.07304183640484396
-10.00003208625482
-10.05412491958216
-10.0
-10.000020362799457
-0.05449072289274359
-0.12248312996874036
-0.07453434583274154
-10.0
-10.000035550490571
-0.05759794864357495
-10.000094355001714
-0.1013956380752114
-0.08287276499673951
-0.03160715665028309
-0.02947021960391513
-10.000063116997834
-10.0
-0.05937608187763778
-10.00001143457245
-10.000002667085736
-0.056666514773201684
-0.053963893488366395
-0.08411781932661276
-0.035395250270884186
-0.09562582915347295
-0.16064882745893902
-0.04858740834417746
-0.0889873510423602
-0.1284813897433355
-10.070635645774056
-0.08615505801188408
-0.041359626405913306
-0.04559996268867071
-0.06083726627469295
-10.0
-0.05963180805502754
-0.1027084961530065
-0.00020863743641871398
-0.07439169848047635
-10.0
-0.0002075472882914946
-10.000002742218356
-0.05969884563507937
-0.00015266616905891623
-10.00001478791694
-10.000146889623112
-0.00026794726936599624
-0.0438748785904795
-0.008504284037656757
-0.00016763580155345609
-0.06331042820729003
-0.04490398923334085
-0.05928024483025418
-10.0
-0.04801922354065503
-10.0
-0.000151252461659052
-0.09966769736069023
-0.02043797364492813
-0.05357865138094015
-0.06743027575863675
-0.028884938624793237
-0.0002040864486781351
-0.0617344668953164
-10.000054168200055
-10.000036648401528
-0.08026575064443801
-10.0
-0.018707115224973182
-0.022249416397335534
-0.0415470574974004
-0.00011269065314163695
-10.00001269335685
-0.00012983917384954747
-0.087275491499776
-0.00021757309939702375
-0.00020800532972942718
-10.0
-0.00026250935824282924
-10.0
-0.00026047782406463083
-0.016141016494352303
-0.0001923193390002395
-0.10424564232330973
-0.039239795547856664
-0.07525795939918528
-0.0721763126298078
-0.11127061554541112
-0.00013408097074165014
-10.000003202092106
-10.039897803483774
-0.00012162604185117811
-0.10883089763660123
-10.000115304557434
-0.00023900548010678065
-10.0
-0.09271681685559677
-0.056891949225322994
-0.11524782726169475
-0.05595592702674666
-0.09583688086396647
-10.000094542862335
-10.000066644301763
-10.000025401735565
-10.000002555016081
-0.04989439944190416
-0.00022403410529880797
-10.00010449423162
-0.05102662221492029
-10.000031940429933
-0.0001489633010622893
-10.000002583401526
-0.05787632864026712
-10.000003966804666
-0.06264878375985859
-0.00020237612135170897
-0.10874484878796667
-0.00025435563282914493
-0.017754748948901933
-0.000255942816383271
-0.05615452976388262
-0.04871920775802474
-10.00001853819417
-0.009750749810563033
-10.0
-0.058581755188561714
-10.017061699138544
-0.044853493967084955
-0.00028882419312148107
-10.0
-10.0
-0.0001140158992611333
-0.000104076814312004
-0.038231305249715686
-0.00020462702354580005
-0.0002853177481698404
-0.00014763553480148155
-10.015336288382626
-0.05563573095475319
-10.000007605575437
-0.00015777185771740122
-0.015344447599852394
-0.0002307631605536043
-0.00012805456092114753
-0.05950560151616845
-0.055511288818684196
-0.08013121353637676
-0.07016806250439059
-0.048856090957227746
-0.05251324451737501
-0.11458910419707775
-0.10540958608161655
-0.0360401428088052
-0.08531244868925117
-0.0002825973877716005
-0.09727184555449125
-0.015852427415256814
-0.00021757422394458927
-0.00026006435153217014
-0.10435245678215521
-0.062436138631385446
-0.01933491894557943
-0.04180672363650054
-0.05243308447142077
-10.0
-0.09601199750289881
-0.04482180152252487
-0.04382593520278895
-0.045183075883613866
-0.03712547443970005
-0.0511362382339058
-0.04409298022406054
-0.00019922078618028866
-0.012870756763664231
-0.04346794723714067
-0.01306193603208781
-0.09062438511133308
-0.025607599656394083
-0.07412019219995591
-0.09665385265459062
-0.08016523473476392
-0.0283188147672843
-0.01839500335117381
-0.03472209126050012
-0.037749428038254956
-0.11861171296811582
-0.027443235303928545
-0.030971793504000172
-0.010035113618536021
-0.052714848355261995
-0.00026223432361868455
-0.13128565590121888
-0.05273143670411115
-0.04600237515705164
-0.000213578081859156
-0.05922871383647516
-0.07277390042678661
-0.09833110430260729
-0.056361820276458655
-0.00023923199966040173
-0.03806753213778346
-0.00023988114623268536
-0.0002902256275405341
-0.14387097053705827
-0.02532982755767408
-0.00015826480266736842
-0.00023782039447119084
-0.0002238997551692331
-0.00019917288674790184
-10.000010269007529
-0.12119055080715055
-0.09666862212477645
-0.00020356558252281908
-0.00016700967626698897
-0.05124607890925376
-0.0983784473920899
-0.051100126411653804
-0.00021113677997810297
-0.0002844849813781927
-0.019996083037319604
-0.00027566894782114586
-0.05143161229883352
-0.010327531037116717
-0.03435860323249822
-0.00020273034780912057
-4.877842047447147e-05
-0.03393275896983527
-0.00011015915818628516
-10.00002749625628
-0.07035271166911422
-0.047536157687780606
-0.06302383015793528
-0.0002121135605229831
-0.00020409589339120347
-0.02504709009516274
-0.060778943847160746
-0.00014196524625516266
-0.08922574607391422
-0.00018639893787737616
-0.00018573417330967277
-0.052741799235867574
-0.03240872620532195
-0.00020352153927999562
-0.00015006240787427324
-0.03269722158855941
-0.07054137316862115
-0.1112081989707962
-0.031565981358808934
-0.019278731781488357
-0.024604697184673237
-0.07069520386417463
-0.09865389920219926
-0.08552901190818185
-0.00017913106612791886
-0.00013685071659736014
-10.000044760616568
-0.0002058689802855962
-0.052041584443508676
-0.039807451555560446
-0.017842006807191165
-0.04848003219614039
-0.0002660201264445475
-0.04507731117374532
-0.05887530216099662
-0.1350324855394831
-0.00021955727811726636
-0.0002059480412850628
-0.11510390763626088
-0.025770146528883896
-9.509898334743368e-05
-0.06358103221684065
-0.0002004427979405725
-0.00020678982584110205
-0.00021030122347931858
-0.00018278548518099697
-0.00026487416729775184
-10.0
-0.05881592618904824
-0.026596058026158713
-0.02727797927769164
-2.8852690442572135e-05
-0.0002774110987513569
-0.014465788818955067
-0.00018856080038935185
-0.010525859269088646
-0.040325789309108045
-0.13497867722180878
-0.0002101815817439201
-0.02230044706097343
-0.07750155546946008
-0.0648407206417529
-0.03135140302183586
-0.08007629699124351
-0.00027045765708202626
-0.09848910608487714
-0.06432890030521327
-6.532153323860424e-05
-0.06512520270325078
-10.000009928100178
-0.00018945295957123202
-0.0002891877502149176
-0.03974800048100894
-2.604607808973987e-05
-0.01545793220288345
-0.05678840807609134
-0.0002883906663137161
-0.0065691170926441755
-0.04761265720856812
-0.10855614648492976
-0.00021294044866041408
-0.00019256727118610714
-0.030793047721061687
-10.119143679791883
-0.03238519633495278
-0.06484041726644425
-0.00026665132584544667
-0.00018847466952042643
-0.041963211651513
-0.00018800269506117544
-0.023377394403267762
-10.000009309815734
-0.0002121362165059722
-0.00011955027797235574
-0.00021112762432252578
-0.03929894154514417
-10.000001377737965
-0.019086835411249666
-0.16324321264298672
-0.16348970895086398
-0.11318435634522372
-0.05393280610169512
-0.08230661865031758
-0.14769699514814236
-0.00024905447289878455
-10.00005573208789
-0.04653040162100376
-0.0002518049326323104
-10.000117386802637
-0.0002502968328734145
-0.04510954675382198
-0.00019112407477615175
-0.0001591837315484449
-0.0002719384833283296
-10.0
-0.00017731212651952104
-0.07843916058025274
-0.0001785878701910587
-0.04996188558330883
-10.0
-0.007464839431249944
-0.0002544717354188086
-0.0468332264446609
-0.042764829607926186
-4.5706469088305796e-05
-0.00020372299122792617
-0.00026467957574419606
-0.00012222451848037223
-0.00018776055514252814
-10.018013023076172
-0.0002531568355322981
-0.03384090241647032
-0.10216821294479368
-10.000102837855605
-0.12086383334045958
-0.05281760783455856
-0.00019661587269587864
-0.0001338133446222737
-0.09230119921809321
-10.000024281274994
-0.05645074059162276
-0.07822966458245245
-0.08027672878632
-0.11894691180548851
-0.047023380233022244
-0.0072090437824108445
-0.0876983762157376
-0.0002717186648828102
-0.01810432690097697
-0.01820013087946536
-0.0001045982204694954
-0.035207429542412697
-0.12989616908494084
-0.03882656019095353
-0.00018036858113015464
-0.0002717909503704715
-0.09342345224888161
-0.08610569628896148
-0.01397648285284071
-0.06450880033843058
-0.039815338858149515
-0.030531853312323946
-0.07070045255837842
-0.00018668780343416994
-0.023703076660540324
-0.04844351218029634
-0.15354798620192955
-0.05988786023722599
-0.046954850404286166
-0.06315863791809176
-0.08546839071228698
-0.00017954552014796482
-0.06115082629263367
-0.007554480245398572
-0.07904825937646527
-0.10186060294760421
-0.00014842958171746882
-10.000002656530455
-0.00032437523218610407
-0.04875271301814946
-0.11681707749332597
-0.028685435152696368
-0.03998863084174844
-0.027636058254221794
-10.0
-0.02398239929968006
-10.00007178110041
-0.00018148525158105897
-0.006332531607039789
-0.0002252161851341579
-0.08914092510848917
-0.08183432369522581
-0.0385029777333952
-0.07953448064291999
-0.07340734555565634
-0.06012489544271836
-0.08951166581087482
-0.09498708914635491
-0.013030080705379239
-0.00014584689113494406
-0.1217494916728121
-0.019867704668904057
-0.00017708956194214108
-0.000128572085548473
-0.07255707988369298
-0.006974521018031766
-0.06994312910422203
-0.022214599984515533
-0.0795915552929629
-7.720525376462554e-05
-0.09632466590447065
-0.00012924530914642146
-0.00025015463708493596
-10.0
-0.00027054923280662806
-0.00026509248049402
-0.00022719282301313453
-0.0205626636235134
-0.00019778236641413257
-5.802063067232476e-05
-0.06266478870068407
-0.11251615542290852
-0.03367159796922939
-0.00010617173686429518
-0.0758568880185515
-0.04366027296608852
-10.0
-0.12913092108760918
-0.00012345368915397825
-0.09664134100719193
-0.06397052401598001
-0.007832064767643022
-0.01652639309546232
-0.00025008605510762593
-10.000063474306296
-0.0002499890901685402
-0.07327227157784647
-0.04762422605520941
-10.0
-0.09367714055612408
-0.1075765216885792
-0.016562126358454776
-0.0002706982851840141
-0.00021369447802850456
-0.00032440879779254767
-0.04051974001627291
-0.00010511610386502849
-0.024104562923640216
-0.016003779124119426
-0.04465953958676566
-0.06214318328033569
-0.07461751924161938
-10.000051916008422
-0.0002000045085227674
-10.00000254010566
-0.10857414032388354
-0.00022236374118984686
-0.0002506183071547465
-0.000250252056434796
-0.00025392227603659415
-0.00013157571147386492
-0.08494839468323648
-0.0768828819056375
-10.000075546445766
-10.0
-0.000250903427459242
-0.00019518280635464377
-0.04853793584620654
-0.062002363898151336
-0.0002750614268192565
-5.338727666978237e-05
-0.00013574623418505106
-0.0002731695634881732
-0.09041300941581469
-0.0531162390734699
-0.00014182001738017507
-0.00017879267993020686
-0.0892584428531672
-0.050697456465036664
-0.041754286562779894
-0.07750670296140105
-0.00026989028299737256
-0.0002022771705332618
-0.00020792512293462513
-0.10258441685427092
-0.0946877365163186
-0.00019077497120691128
-0.008995441068813387
-0.0002530298542963572
-0.00025013267097080585
-0.05182302507136471
-10.000109007258938
-0.0001917145086036613
-0.04857490092899013
-0.10593746886583896
-2.652441687519208e-05
-0.02170581819709365
-0.00019307802724074691
-0.0002498958793047909
-0.10362459492472938
-0.00022904443334347086
-0.0002703528258389054
-0.058074885714951896
-0.00019517814185244793
-0.09522624660820278
-0.0001362171074755539
-0.008013114872066681
-0.04285118504050775
-0.00018796851411797288
-0.04171146830550826
-0.00019871726230506114
-0.00013400858584557745
-10.00000755327889
-0.010161630649126493
-10.000007607825049
-0.033519037816763984
-0.06249904637525634
-0.04989454989893574
-5.189871743349594e-05
-0.0002526177995328877
-6.97911054475471e-05
-0.027856557205026212
-0.00024895435056792225
-0.05728908279567578
-0.04853120160344564
-3.668453130238739e-05
-10.000003530707922
-0.021768887271080818
-0.09993907168078585
-0.1104333329607548
-0.00018161340087486752
-10.0
-10.00001930161377
-0.00010568079585329474
-0.10989163206434102
-0.00021856146355298466
-0.02941325048077283
-0.028615634372636797
-8.301361282610354e-05
-0.00020713525340541005
-0.07617258310946938
-10.000090116483786
-0.04964493560676984
-0.00020220726626938679
-0.04172827977599763
-0.00012072434943572152
-0.061726816692322314
-0.01244104422531606
-0.09000349726301723
-0.03448134487727435
-0.0002020371217345934
-0.06009567107493949
-0.04943353609095337
-5.805696968183521e-05
-0.039052467580734315
-0.00011778173599119123
-0.04718847101843243
-0.057715850243841724
-10.000005347495593
-0.032304944533494
-0.061219223389609445
-0.0435452846837538
-0.16187452278744613
-0.045727207075231854
-0.05276282895443297
-0.0002668375705432638
-0.04146803954389039
-0.05450343330767612
-0.00026265151321626346
-0.00016734069558716413
-0.00019297132171619948
-0.00588126968054514
-0.00019903751077426845
-0.0066181120758617255
-10.000109953526445
-0.03952885813050371
-0.0002475024416721941
-0.05352214393468513
-0.0001140778096277157
-0.08667158144478804
-0.00671435446062136
-0.00020146116306366704
-0.045181888452338795
-0.008256349088334116
-0.07252110906916828
-0.068071149819975
-0.016727947651321923
-0.024495223240845968
-0.00021405610040154207
-0.013066903300054519
-0.00017956535014178668
-0.10935528620740292
-0.0002498959427272171
-0.0001894897585243552
-0.09465093113574691
-0.09975152389175598
-0.051722606109881955
-0.00016319821160851064
-10.000102676970432
-0.0459364285561286
-0.08374224867060773
-0.00017808538812836473
-0.00014557718455307026
-0.019671903527450303
-0.0001944607941404546
-0.00024707321478332426
-0.0002491019707952151
-0.00025040420910029505
-0.07748653528242863
-0.01825863803484083
-0.10124890283332658
-0.054522207229126055
-0.01623272375894057
-6.143229701069267e-05
-0.00019663245251246405
-0.048042283704176264
-0.00019342478409702766
-0.14613349630495556
-0.09044583455958957
-0.00010589643447549966
-0.07119753391372954
-0.049156946954856645
-0.04552378342677858
-0.007185967349333325
-0.0002508898927594879
-0.044071931622513286
-0.007330788295540371
-0.000265503648434534
-0.016409142067906037
-0.000248377869193448
-0.06948259255335948
-0.04965805134692935
-0.04693909497662523
-0.050330753136339494
-0.022753736081475455
-0.02241116869917523
-0.00027126561058284744
-0.0002508259866632453
-0.07221889612707996
-0.00017616863840819126
-0.0001976881820254206
-0.058696581256617274
-0.03301007605030459
-0.00025042788571049286
-0.037845492410022726
-0.00012139025985363031
-0.03516047454519838
-0.040614545118184686
-0.00025026270316964383
-0.0506668259014707
-0.060955166142338243
-0.10978807375744692
-0.03802102107875716
-0.04392794467274219
-10.00000156777718
-5.0338912188299496e-05
-10.0
-0.0507637317733092
-0.0002485188507226806
-0.07684425557539629
-0.0001355257196119353
-0.0002009455126630528
-0.08184537815106643
-0.10076107801736492
-0.050929003365595374
-0.04068353058911918
-0.0776131871275955
-0.0002492007580552288
-0.0785715363709907
-0.00012189371181646278
-0.1164978425385399
-0.00021474770056101864
-0.033814928826551946
-0.09740238957742317
-0.00017993997493951286
-0.014743241739953478
-0.07168465557812055
-0.03516924199037512
-0.0002496108014443761
-0.09032452547555574
-0.026044511012063065
-0.04465525028214154
-0.00019923082349513986
-0.00020626451943017005
-0.16251764500827043
-10.0
-0.0002532960913889351
-0.00015674688588398114
-0.00017651926895755738
-0.09618517165068223
-0.033565742447183716
-0.00019118477336803953
-0.00025036556654889374
-0.1422013216765044
-0.00017718256594926254
-10.0
-10.000002474212517
-0.1276473406323186
-0.0002025230438555052
-0.00019953888086114455
-0.07654530381092016
-0.08387646774298241
-10.00007495283965
-0.04437703333330383
-0.02523567154131045
-0.01660922612384046
-0.05997095329172929
-8.307563847570082e-05
-0.10365687996987119
-0.05441189898510476
-10.000004687141297
-0.0001802229999482265
-0.00024945664105831896
-6.116720655016454e-05
-0.00020107122431262955
-0.00017857962310302854
-0.09844509144978536
-0.0813556601542624
-0.0002698063149570157
-0.00016209326419959773
-0.05322786724075844
-0.10854178982724719
-0.0369369472970302
-0.00013782872840441252
-0.00019474173228916142
-0.018672480243440814
-0.09078670112761397
-0.03293736900936853
-0.00018003381465596255
-0.00015203614500290604
-0.00017940720103663745
-0.16260613091135606
-0.09705214312288876
-0.09627582681961105
-0.009788873839199748
-0.07987443790958763
-0.04535667041761479
-0.00016116266817030455
-0.051573390147509834
-0.01641784532798799
-0.03958199082507083
-0.02917188899499353
-0.10726538570351854
-0.008323234471345567
-0.07612400975848785
-0.0002192382094733305
-0.10521567421523753
-0.00021604254059586696
-0.0363525971076154
-0.00014227227532054255
-0.06020568209228927
-0.04221411600550813
-0.009714703108505583
-4.8351158152531705e-05
-0.05250244573602244
-0.05142899138978774
-0.05233495736456008
-0.07651171669311803
-0.00017490970526606067
-0.07635604468349116
-0.04314830414018775
-0.06084300017077911
-0.00012278848965629062
-0.00016182650090320252
-0.027170380867091448
-0.02212367680874899
-0.0002289444569749761
-0.00011297251904244757
-0.04313008470315376
-0.0384918008328031
-0.10029583020074848
-0.0002177316545558816
-0.02925514259161053
-0.022902722830270145
-10.00004394416495
-0.0765970767001913
-0.00015639943194925308
-10.000035759937512
-0.025879882847641998
-0.020456043187435765
-0.0002363414121983032
-0.04878275544107846
-0.0487560730261569
-8.185899546051215e-05
-10.000018423779116
-0.000172648596076167
-0.03240839189746487
-5.038633834731675e-05
-6.89362067384472e-05
-0.00021771082412510334
-6.099031337167327e-05
-0.07851367541488817
-0.00015658574699611212
-0.007815964816506548
-0.00023575898838482727
-0.0690407423269134
-10.0
-0.00011521063303362295
-0.00017254141926611075
-0.16806548006300615
-0.03728440026967092
-0.04838978689553407
-0.00023345828910088632
-0.0001740477115209933
-0.08830930036081427
-0.0002128234585192365
-0.00011599035066701034
-0.058802907186947154
-0.0002162073916171117
-0.039068985772339485
-0.08547209093943468
-0.04941033059062329
-0.07508016561329903
-0.033205281905021665
-0.03268639994648068
-0.00011333075102627462
-0.02649012387194328
-0.0002161296432873904
-0.04363674449492362
-0.14090276190804996
-0.03471518834043589
-0.00016612255524543388
-0.034364540398310925
-0.07363745293174925
-0.017680825022590597
-4.444341450520382e-05
-0.00021501727315953359
-0.0001726249736319015
-0.07966359401589565
-0.00011940201453893593
-9.560086162967467e-05
-0.14511422456830983
-0.10236790670964063
-0.0002145609539454756
-0.05872964643658235
-0.0001571546269552197
-0.000216921661598141
-0.08309728925499998
-0.038716703741184785
-0.030730279619734163
-0.06813674736584831
-0.08817665145086707
-0.0002145323539793358
-0.07544464935904521
-0.013259043782230275
-0.14085250790723186
-0.023954897898145235
-0.029988401906921265
-0.030329324288380175
-10.06257402676304
-0.0001742573651588949
-0.00022518195713581564
-0.025710047783474715
-0.05189163636452061
-0.0002134528569641971
-0.09879175451671092
-0.051896934301774215
-0.00015584581853088876
-0.014254098110344376
-0.09030133720194314
-0.007741259121197558
-0.00017669804197978129
-0.022243292563479684
-0.00015734486271025484
-0.045581577231872755
-0.00015499665340559666
-10.0
-0.00012025936565175131
-10.000020947169094
-0.05111506016175258
-0.00022409143652224152
-0.00021585587779194234
-0.00016023918142460687
-0.006910258459567504
-0.02917629053896638
-0.05882829225702234
-0.10081206762286467
-0.10487704170807069
-0.0002159193908972165
-10.0
-0.054659034567886754
-0.03677268046616294
-0.06148023563153336
-0.0629959015374841
-0.04343029794104397
-0.0002218111707464106
-0.06436936952688434
-0.00011078027075332881
-0.08544548343673151
-0.0001548132187121477
-0.03435593447525227
-0.04999642743516511
-0.0859205507961801
-0.029814312755026426
-0.00016514434480322025
-10.0
-0.00021519512075204118
-0.09387551632689642
-0.0231597245115985
-0.0001705485930921779
-0.00015301275229519432
-0.00011396389247927551
-10.058834434128473
-0.00021405373776527
-0.00016493930737922693
-10.000001187197562
-0.00022624132375616488
-0.04353980547409031
-0.1312286794693885
-0.06333070059802745
-0.039480482171195916
-0.0002134309794279294
-0.00021383759774252044
-0.055093170421412485
-0.09107080853689961
-0.0002143438634402149
-0.04269960087321187
-0.00011032050666913833
-10.0
-10.0
-0.0002334641390181781
-0.03313444540213922
-0.04356266294770118
-10.0
-10.000005782859073
-0.050967585279788216
-0.06786885269795262
-10.000013703341594
-9.235199396548006e-05
-0.00019688144195567625
-0.05078511194383781
-0.00021457060550149478
-0.024018465826347438
-0.0001651965526961004
-0.06560172521958506
-10.0
-10.0
-0.09922006225112842
-0.00015482307656415037
-10.000014933967655
-0.005880108057957712
-0.01904667435759937
-0.00023318397410674452
-0.03163830826683385
-0.0001122679221691851
-0.00010917759086336357
-0.1270139577816347
-0.036135034175510346
-9.373348917429694e-05
-0.025377051954941467
-0.08535641929190518
-0.08714314872880127
-0.042908257965709844
-0.050595532635549556
-0.0725012697150455
-0.13027840876859859
-0.03589026909482969
-0.00016655637944649974
-0.00017321115598162922
-0.00022900048551911646
-0.02984683797870516
-0.00011279927319493736
-0.07736108653172558
-0.00015295851056409737
-0.055816859958520926
-0.05019419852849408
-0.02536127026822827
-0.10585000391169187
-0.005428677013762554
-0.09481810823882579
-8.640219253923634e-05
-0.03275198027639419
-0.05893341225932716
-0.03925532795700938
-0.00016742304672619172
-0.00010879411378543312
-0.11125934685047116
-0.08074581965420781
-0.10781403032660908
-0.0974082915090514
-0.0690152354863612
-0.028784580281871697
-0.025325590205451894
-5.061195139020358e-05
-0.04409518108612414
-0.0968411984924292
-0.12149273314427028
-0.05391595748911032
-10.0
-0.037549328303998084
-0.1184467230549507
-0.020299514408207164
-0.00017019039940118668
-0.00017755645404648898
-0.017445277743159432
-6.400182582736743e-05
-0.0058819758380579045
-9.264665034340835e-05
-9.488183120591822e-05
-0.02914798117773019
-10.000064897695749
-0.07741061763105411
-0.04170802236399482
-0.03806904946740103
-0.00015605602625658814
-0.04836631678974007
-0.07130791920912255
-0.05959441658288315
-0.04385843862539478
-0.0001080729269441358
-0.00011057974504592529
-0.000183003153291266
-0.041926870013275996
-0.10047504380215369
-4.564730984114534e-05
-0.00015507476322926755
-0.0787622927643208
-0.1018510398886915
-10.000010440888698
-10.0
-7.18812701214018e-05
-0.047639315952683975
-0.0324316822234998
-0.05423093934705121
-0.02626073014487336
-0.0002591128793492743
-0.08110430910495847
-0.00022940824157888703
-0.0002302703799849308
-0.00010472092212239587
-0.00021585762780650688
-0.10038092894821657
-4.249926580181978e-05
-0.07999472627211908
-0.02427591053918509
-0.07689557464134764
-0.0002125642198128693
-10.000007595256001
-0.00015545741213598524
-0.00019892479434980166
-0.06747054345370843
-0.05407384401591259
-0.051545629553763885
-10.000024667248644
-0.04251313944912123
-0.0002248185834641577
-0.027224961044824282
-0.034472375162001134
-0.05198241600036802
-0.00015543585641769757
-0.07230990147729902
-0.07876610378981333
-10.000007553040621
-9.193313063479609e-05
-0.007289437640852487
-0.024017055818523113
-0.020187087284614328
-0.10378070871528844
-0.07585134255324433
-0.06581045946442385
-0.11635280311951521
-0.0001402547693008097
-0.07449917936609289
-0.04890252895213176
-0.03937743097802434
-0.00010834336568954729
-0.0001067890279637062
-0.04028404738112349
-0.006995117288181645
-0.040159300427722755
-0.00016827265838371155
-0.035302295224743846
-0.08258558216626535
-5.334097844540495e-05
-0.00011290149991012448
-0.03055045919780252
-0.0502633765033349
-0.05149668335016552
-0.0464587738039334
-10.000036293865247
-0.00022857726561652388
-0.00016423152467408324
-9.833292872970166e-05
-10.000056487381935
-0.00012453059613352398
-0.008701175329627898
-0.0712850220452626
-0.006043356973812565
-0.034035500190929255
-0.03283812892183162
-10.092767994053922
-0.06835002033049273
-0.056006385987950304
-10.0
-10.00012175484575
-10.000003052475096
-0.04779175818109497
-0.047906641008979456
-0.08313884643047047
-0.00023021094692088446
-0.062095514671199725
-0.00012711297915942414
-0.00022799699984345117
-10.000001427149982
-0.055888546151775874
-0.06824915624687843
-0.00017784950734431147
-0.03784390318832664
-0.00017306575163017043
-10.0
-0.0001195168975702364
-0.06960905933523474
-0.016001467364367583
-10.00003066692333
-0.00011105708086705153
-0.04536915136691187
-10.022069118355267
-10.0
-0.007252356407546703
-0.00017240096168679863
-10.0
-10.0
-0.06961573720190752
-0.013658548669545037
-0.08326981668805505
-0.04493436989748757
-0.10647052712303667
-0.06645567863769947
-10.007757595123506
-0.00021440554351326725
-0.00021290830206156677
-10.0
-0.029450942401654356
-0.00021402326465830054
-0.07465008496230684
-0.10251629751159626
-0.04191137306400652
-0.049062335036869346
-0.016943374151860077
-0.00015262726915225586
-0.03702087440630772
-0.033191392794062066
-0.06258608205636174
-0.05096550460479844
-0.00021371338257718936
-0.06458022791877083
-0.03048494177985424
-0.04092683830808441
-0.00015375956338639833
-0.06518600597214233
-0.027406240527547372
-0.03559943957403501
-0.0002144370240179867
-0.00016216034147521869
-0.0002163057259271081
-0.0001824849009652854
-0.07155544261181056
-0.00021593590810519282
-0.031840344832350834
-0.00015372318098144064
-0.00925459413812665
-0.026203673474185753
-0.048084163166414
-0.012261909308893088
-0.06669403107395339
-0.0001049532812308963
-0.00015786660880572051
-0.01825241032130697
-0.00017058333235267357
-10.000029398660018
-0.00017079361210020738
-0.00015632609370589762
-0.0549325564495934
-0.00015266482546991652
-0.052508034523772104
-0.08307099327721776
-0.0352242874894019
-0.00015772071144347588
-0.04352428495835289
-0.08893974553764543
-0.03527283030431593
-0.02538888273801057
-0.040726928495746835
-10.0000832268298
-0.07598423808416008
-0.030764754418877865
-0.041336375028705886
-0.02692613859215794
-0.00021585315768742183
-0.049096002773671904
-0.0001618070659877317
-0.00022727326042556192
-0.07145255418532616
-0.0001714383397716678
-0.08285393406300674
-0.04691419518745006
-0.03577645051790633
-9.986970200252983e-05
-8.409632419432472e-05
-0.041126991380245295
-0.006809101458374157
-0.00021463514950540875
-0.019076044310080503
-0.00015689749851460983
-0.00021592103324313724
-0.007060249006310183
-0.05198648513681929
-0.10297365665782665
-0.00015302433786004954
-0.0002282033968685967
-10.000035470807413
-0.03114277380897811
-9.088866725375426e-05
-0.07244533000738762
-0.0001988484027995077
-0.00018362191011784577
-0.04001720659966614
-0.024739894422383817
-0.00021597284952826535
-0.053006979984697424
-0.00021489097528340476
-0.00021599249481689032
-0.00011539675103213032
-0.008658587706344058
-0.052560548834402726
-10.000041870018299
-0.0002762573871929451
-10.0
-0.006092025291333327
-0.00016253243773321432
-0.06498945231440613
-0.039891911367911016
-0.11091652220581566
-0.03351904950198603
-0.00021394772256707833
-0.06456825135857325
-0.03703282391425873
-0.006034458420515311
-0.06761803811707151
-0.04242101595995729
-0.029383544904822277
-0.06890430142799542
-0.02656660976141236
-10.000078177594878
-9.929305059811383e-05
-0.00015349150957797098
-10.070099476810151
-0.03801504289911442
-0.07229529427405176
-0.07967444678821257
-0.00022345870386951346
-10.0
-0.00012035810193274328
-0.0002147712796663453
-0.08631617588038613
-10.0
-0.00011328217751021318
-0.00011374199948400644
-0.00012879920155189992
-0.00010872906271417121
-0.11468254371376921
-0.07977462669383328
-0.060061372595892094
-0.00010982777456004916
-0.00015876579630830538
-0.08524104486764236
-9.693334790513993e-05
-0.0002142803882270351
-0.05551018864575609
-0.0765248180471573
-5.245644819770688e-05
-10.000002057757289
-0.032128435013451015
-3.5313582926626984e-05
-0.029894521451859554
-0.0001533820207059315
-0.11118734678045217
-0.05186660218722956
-0.031041782636075238
-0.042413493636380875
-10.0
-0.0001722712645273197
-0.04014762668025641
-0.05386233707713718
-10.022683343108577
-0.00014520223510696323
-0.0002273405727390476
-0.03771884412615702
-0.00018137892094448514
-0.10055908391024088
-8.334158999515214e-05
-0.00016982934775672752
-0.00017001932069456822
-0.00016457190020144596
-0.00023169512314769744
-0.000215027166694066
-0.05196551789758161
-0.04819881355409484
-0.00013163948965323158
-10.0
-0.00015577670474673693
-10.000014162027755
-0.0337926889679932
-0.00021384153116572126
-0.050753783085930815
-0.07065380158878222
-10.00002478538826
-0.0002160970521000097
-0.0409788743618186
-0.00013551849998627208
-0.032775512985864196
-0.016951486460795622
-0.06282386524437249
-0.03621603372426793
-0.0002320440823022915
-0.05815340886804243
-0.08772603056959372
-0.07881077294518793
-0.00021407572051292874
-0.1466937751916139
-0.07533098046255907
-0.00027393357439288376
-10.000215191637478
-0.009406155584738077
-0.0002751573715906201
-0.0692841727542691
-0.04016266477684581
-0.00017386213066888023
-0.1108416116803426
-0.08545341260999145
-0.034279028492643936
-0.00021608434267757323
-0.00020098321550782023
-0.06554487959825978
-0.05710750657675287
-0.034686316347892994
-0.00023249173089721318
-0.05219755574120549
-0.00010502130664608597
-10.0
-0.00010048215917801177
-9.734340811827544e-05
-0.0294459410585334
-0.06980912440032377
-0.03779569182346622
-0.0002290793192877504
-0.02338085674890816
-0.0002752195857116602
-0.08838511155678608
-0.03151252727292305
-0.01866823955535913
-9.352781800446358e-05
-0.04635609434486379
-0.05317678748079842
-0.05819134413465284
-0.0002212080642621838
-0.0002050189959565758
-0.03541928947828161
-0.00010030843873641103
-0.024481159691414726
-0.0001820719145708781
-0.030310999505679344
-0.00017187328920895264
-0.02126060452021133
-0.09439570430645272
-0.00016967449562822501
-0.0001538246281604498
-0.005984826886799155
-0.00011366527425874485
-0.00011186376092806724
-9.615284527511406e-05
-0.00021510126191884042
-0.04348075463578052
-0.00015711962650153354
-0.00015734581360974151
-0.00021294205133230961
-0.0002166512849479213
-3.738910139982064e-05
-0.0277717447132454
-0.039995085793654815
-10.019872914290584
-0.05616192938468768
-0.05188688782375091
-0.013633980211885003
-0.021064024334245986
-0.0850221782562463
-0.04793809512996223
-0.07122221617727839
-0.046490428950526054
-0.019658963585778802
-0.00021666595410931055
-0.00011613532443685478
-0.00021504012026041068
-0.03164841516702803
-0.0326634402805177
-0.0422835747295991
-0.036575099855156
-0.02121737508872952
-0.0002178551319691977
-5.677246024347837e-05
-0.006369460231106637
-0.039629331349939935
-7.326685932467061e-05
-0.00016163838377060256
-0.09701355494698628
-5.773772740850825e-05
-0.06767469224995895
-0.030757411430430308
-0.02213238674089761
-0.07253533053596325
-0.0002281244112930928
-0.00021283481676937394
-0.005629129971894862
-0.00021578791371347532
-0.00010324264116246525
-0.0002310536371547027
-0.03403782117692271
-0.00010529553911607797
-0.0002312035711392365
-10.0000808447382
-0.00016637219414416632
-0.00016776850769827534
-0.0001666559138515352
-0.01849634325191784
-0.09825099571332363
-0.06079340300379959
-0.04368712062092976
-0.01671276161653279
-0.05315402262509918
-0.0341675953920472
-0.03325114800733642
-0.00023373713249016308
-0.00023191664390049822
-0.00021439199985560418
-0.00010877837227224711
-0.060185174235961786
-0.00022647668996398788
-0.00022943632302543706
-0.0001535038466716909
-0.033199596382314636
-0.07767274729417717
-0.00011976970000566187
-10.0
-0.00012306063968111635
-0.02278995897425381
-10.07206462795123
-0.00017313969763160477
-0.08350540294831019
-0.00016809770184695143
-0.09152423479220403
-0.060359395344423486
-0.01386634378106857
-0.0002739460068367858
-0.0001731479042293876
-0.013562121699945286
-0.00015461519943452462
-0.0465720564409475
-0.057033002877256336
-0.00017653242899487315
-0.00023123237236978474
-0.00015726980792651866
-0.00021292618808046497
-0.04819414247485657
-0.0002124732221312777
-0.00015210673136950144
-0.06507833729617438
-0.00018590194587663972
-0.027443669867626003
-0.00016936948831780424
-0.052984196275649154
-0.00010861145655103441
-0.05568456324625699
-0.0001550270713505881
-0.000274747532641653
-10.0
-0.060946155373237165
-0.00016439040868396207
-10.000013559977386
-0.050298093891618295
-0.0001638797413412143
-0.013885154114016578
-0.00016877017298253883
-0.1191782378599405
-0.013813916097613396
-0.04119542466899057
-0.00022245061379046947
-0.00010753710603834244
-0.040646554086309655
-0.00015689544876041286
-0.00024235959009177952
-0.00018097080481243932
-0.00017326779522116638
-0.034808177392867866
-0.00027520936354739065
-0.000153209074189618
-0.00016083849859050897
-0.02812463951970811
-0.09160624469621273
-0.00022975930872821693
-0.035879646882883316
-0.11101378253454107
-0.04089146703976279
-0.038603472347217976
-0.042107582487495576
-0.016010948459928717
-0.00016290448405464737
-0.00016722505830047912
-0.03106413691845502
-0.042659979596588404
-10.0
-0.00019706272741871846
-0.00015222496153546172
-0.00010918775025465557
-0.0001549123049198559
-0.0001526650562456558
-0.00016552174655070815
-0.00027458675673799893
-0.029172628625030575
-0.00016159080332460053
-0.032801797078197185
-0.03515957392481956
-0.0002150301753946066
-0.0341452118385869
-0.00027572026820056015
-10.0
-0.00023464154321050696
-0.00027532942424922293
-0.00015603117635339627
-0.00015018297128800435
-0.0001991395586044936
-0.03203716617216041
-0.10171733821135868
-0.09249695601568556
-0.00022513185000783733
-0.0716307019281893
-0.03263616030021323
-0.022522903016718648
-0.0001113714673179123
-0.13739106322318212
-0.021010326913450065
-0.022121891498389966
-0.048824965487434785
-0.04347440209176251
-7.957987055570235e-05
-0.005377657688758047
-0.0538352538616292
-0.017816539367814552
-0.08642285381606558
-0.0733614916832444
-0.06622767516099476
-0.0538801551124958
-0.054921965534973374
-0.008700513883661845
-0.00017101879733712636
-10.156652901138031
-0.00011651835304552544
-0.06470778911536283
-0.11595037131530012
-0.0258619445275508
-0.0002737185814999677
-0.0947033932123155
-0.00016855895489001026
-0.031483031663455514
-0.08623470503942736
-0.07317555442588931
-0.0363223988854554
-0.00016875265235031736
-0.0001542580013690093
-0.0002157359337386264
-0.0002744830491004955
-5.5558149995912533e-05
-0.03338519225847284
-0.06387382472682665
-0.00018465966961481054
-0.0002140141403030113
-0.01746848741276811
-0.10971565050792276
-0.00015660203540203936
-0.07471858569579301
-0.00021354459570374572
-0.0001542544239524639
-0.02578917760606305
-0.04293239266413565
-0.00023613847504388487
-0.00021780742886883225
-0.0002134606651385252
-0.00017366680895273425
-0.0001074225876711133
-0.007407892272135782
-0.06775131801540848
-0.00015496921443106622
-0.044112324330846844
-0.00021598156885803497
-0.011037061047054318
-0.00017452065235568003
-0.0752687387727985
-0.00021718460207456768
-10.000050487850263
-8.263649992919014e-05
-0.02485499750684555
-0.00011255909997405055
-0.00016677799889390144
-0.10240976812406316
-0.032803217366744644
-0.029476697422613846
-0.04918745209759248
-0.00010254820544411797
-0.08892558069476784
-0.08701965757558888
-10.00005426828914
-0.0002150189399314236
-0.006687602516787582
-0.00012901245515168069
-10.0
-0.030319664088212024
-10.00001243958231
-0.1339024794351311
-0.0002150329082659608
-0.057212039657214775
-0.00010865030253629781
-0.04206125626299023
-0.05187576607018164
-0.07146454100163706
-0.09866984699352038
-0.0578186946819263
-0.006548402843343201
-0.041913004473126486
-10.0
-0.08270521475335281
-0.00012694491540612686
-0.04081483081549889
-0.04037620293033863
-0.0001085608381075569
-0.0001061038822672394
-0.04832426298898792
-0.00018291435815664473
-0.00016934195501450353
-0.031301739693969426
-0.0001542027645272612
-0.07300687889398932
-0.09334138785622112
-0.00010856954254287571
-0.12468098833984997
-0.04467426283380624
-0.00021574969088810437
-0.00015531735269811928
-0.0002162533559051171
-0.039293606539078714
-0.057277433140199965
-0.00013752802715867943
-0.02158438854962476
-0.00015741390005742507
-0.04107577861075418
-10.0
-0.00016653618836699922
-0.03235155149356554
-0.05640509915359232
-10.00002352162968
-0.02782211121700392
-0.07585602838312155
-0.00011688703720316593
-0.07832441901251636
-0.08661943299831995
-0.024907093773160888
-0.00018626121133231434
-9.152116510255106e-05
-0.0001728078925698622
-0.11202900012473382
-0.00017747565446239461
-0.046277144201284356
-0.04689160539136367
-0.00016853371761554132
-0.1309895768822279
-0.04303585902332375
-0.03535911866240421
-0.029183152819335284
-0.00022582881565414697
-0.00021399356280725146
-0.031826205242862685
-0.052681719149107374
-0.007083131903316621
-0.024250987602905415
-0.03521972081992635
-0.00019744272891209774
-0.0001206469965766059
-0.057096195258389305
-0.1446317653867703
-0.0463344106628108
-0.00015517872518553885
-0.07186150366615754
-0.02227772911884903
-0.0002157437858413081
-0.00015395553750919202
-0.00021498853672202354
-0.07503052689543332
-10.0
-0.10326190528073415
-5.357659803347999e-05
-0.08118696541465392
-0.0649684636542646
-0.037519897421920356
-0.0001594477910678409
-0.015241460416074784
-9.577294742545763e-05
-0.03378048450479882
-0.03571257546853489
-0.05549236215476412
-0.0001577491981686336
-0.016533026468666313
-0.031049596569662052
-0.04605676309541784
-0.043594396511320604
-0.00015093768873370223
-0.00021495156456427175
-0.00023116993003935492
-0.10825805735560175
-0.00021273094176908424
-0.03564992959463013
-0.11188327104130882
-10.000002143482819
-0.00016946464934956227
-0.009606577219667506
-0.11471545689685327
-0.07374477307652079
-0.1142875967708504
-0.00021394503845297775
-0.09508428856242732
-0.0001505726376403437
-0.00022678291563266897
-0.0731063151070912
-0.09899588994770639
-0.02497953037488515
-0.09625250097380751
-0.06456504012742374
-0.00015218723306561365
-0.026921135304869254
-0.030004505560705358
-0.00017372185817709414
-0.05777306460128562
-0.017777214737563364
-0.07300448321940883
-0.08065276798521648
-0.02327931195333139
-0.039067474722391055
-0.11862048488910518
-0.02676100053632085
-0.0001702870726507944
-0.00015329637525633195
-0.00015685023627541006
-0.0423750700787317
-5.175353415146974e-05
-0.035959306684996695
-0.00010722420077755023
-0.03990089599987062
-0.08986021072860206
-0.06575697927678413
-0.00011504009100162552
-0.00021520496498394646
-0.00017014644046940144
-10.000031256801737
-0.039734014920292195
-0.05188509840007262
-0.0001627594964480196
-0.037614067164071764
-0.049327911249368986
-0.04067846047008236
-0.06107856810769578
-0.00016847466850015405
-9.813848069107897e-05
-0.00015496952998783864
-0.03550846684050653
-0.00021329641105488894
-0.00015260629240503203
-0.10494058198771758
-0.005310667692522503
-0.02272547663811455
-0.00016374004442399657
-0.006958285487901655
-0.008773198544670405
-0.00015484587708083325
-5.2305498307312685e-05
-0.03682120650891981
-8.86897668198027e-05
-0.0549970616124007
-0.00019838878195837563
-0.00011180529100688918
-0.00021574777821103285
-0.00010547158709978691
-0.04006391754364936
-0.00021634132381990497
-0.00017595663354792886
-0.00016926276610951062
-0.03214145571908146
-0.03397505276563779
-0.057855771846020074
-0.05323243338942393
-0.04285530187661389
-0.09919751337245487
-0.03459321577238635
-0.00015514577356920748
-0.023453070582625902
-0.00017441981019601194
-0.00015272761044971515
-0.0002177759877517955
-0.03483920928956974
-0.07106243455513904
-0.015385133390418243
-9.369869999799938e-05
-6.440816312620826e-05
-0.00021399235450290236
-0.07349339346165905
-9.648393051444516e-05
-0.0002230516411676992
-0.051054936682495666
-0.09140325436886584
-0.00011300298614979758
-0.0002141858217586854
-0.05988810822085848
-0.00016814673644519732
-0.049377113024093935
-0.04366045510273485
-0.00022920851922406024
-0.02694230056542029
-0.00027499721032542073
-0.00027290546335481723
-0.00017063515977537534
-10.000062629158748
-0.022901242068768167
-10.000014673265618
-10.000026778113577
-0.024943076679091923
-0.00011322416692288336
-0.022295364652120304
-0.00011279931161115909
-0.00023125131462826772
-0.05673929994103921
-0.02776971185462363
-0.039435983409121966
-0.06756650042776037
-0.00016782452042201357
-4.913447295155627e-05
-0.007653986835132026
-0.09391974050918156
-0.12444547837300145
-0.00016209852307259956
-0.00021610596020023445
-0.0002160854864687645
-0.014730132764947031
-0.00021556369276155092
-10.0
-0.00021294515684428677
-0.00010969350750252222
-0.00010691723417008936
-0.03270375727309043
-0.07109809209306635
-0.00015879038645318932
-0.050136398072958215
-0.04576713651510612
-10.0
-0.00016354922318009943
-0.00021271971902283183
-0.10252495167764275
-0.05808648440618207
-0.05066765040092733
-0.00021304463007605545
-10.000098790421307
-10.015832496299497
-0.05499637530672835
-0.07866647091437114
-0.1402289947482526
-10.000003047391088
-0.00010618493469637848
-0.00017264502675303238
-0.007375448347207752
-0.026299867405210307
-0.00016087683244823421
-0.0002341176666302538
-0.00015271350160000292
-0.013284241093696731
-0.10221615007306215
-0.00015207540074985268
-0.053466975392945815
-0.10044225418363945
-0.06557852001981374
-0.00015326686208890286
-0.00011065662605438798
-0.0797043016534168
-0.05270006867949844
-0.0458340666002373
-9.588956612665036e-05
-0.06279566036790163
-0.07277570441554404
-10.000031719627222
-0.07522626282306971
-0.00022510610420114295
-0.00021587323462283976
-0.00021446001119602626
-0.06444946612544461
-0.04302117343295414
-0.00010855086469316612
-0.06001933662304971
-0.02822761379540624
-0.03343861919487144
-0.09352893450105351
-0.0001698775220972714
-0.02310310506228292
-0.00019070569949794568
-0.0002155557607372003
-0.00017299465162206644
-10.0
-0.00021662613506548273
-0.02543517681408198
-0.00016339091732126346
-0.08453467044839472
-0.033595911130871445
-0.00021570565710847515
-0.00021638554753066996
-0.00021537021625094276
-0.0002251304363688652
-0.03297492931574227
-0.060485845987612745
-0.00021538387044075526
-0.00018129531369530556
-0.0001609001536802931
-0.014356427900706301
-0.00017017520517599336
-10.032696050247564
-0.006981146154068586
-0.00016705446479061155
-10.0
-0.03997275233899965
-10.0
-0.055293588033946774
-0.00022602396442830653
-0.0002161949057765759
-0.04214359805761195
-0.042993288436199546
-6.039015157567793e-05
-0.08626266275282979
-0.00016197155184329687
-0.050403285620946196
-0.02534108802270499
-0.10911203699830183
-0.03856472716680773
-0.036162109412614774
-0.04309777112235991
-0.013321129395614082
-9.111781704334151e-05
-0.09842404876104485
-0.02102121602232924
-0.00022770458950708032
-0.00010854531863949902
-5.27045379402736e-05
-7.244091787638174e-05
-0.00021637466424240275
-0.00011269592766431134
-0.024916598034548487
-9.373815218689445e-05
-9.297883029279181e-05
-0.0001515080779828209
-0.035396412853299544
-0.04321160130572568
-0.03604824494086154
-10.000023136956157
-0.012521543595966363
-0.04289123497949894
-0.04684971963459189
-0.007057725430802347
-0.00017198591384921883
-0.00024251630502605684
-0.07977781256704747
-0.06016053959418901
-0.05247994326223193
-0.019343895321424213
-0.052439873018834425
-0.0373478401795451
-7.187195680767648e-05
-0.10234743072597302
-0.10687022131751453
-0.034029083235874114
-0.006617251359215494
-0.000214758720800739
-0.00011552997743062916
-0.00023216648880682587
-0.04365481722888081
-0.00022608495945947724
-0.00011232542429137461
-0.00021653648003651222
-0.00016722118646461366
-0.00011206720672830809
-5.848956603060524e-05
-8.580787643351466e-05
-10.00000426989229
-0.0001587702114982525
-7.635482609875563e-05
-0.00021475489264575785
-10.000014796919523
-0.00016772392767422736
-0.05243712473868921
-0.0002294601289235949
-8.1387484741958e-05
-0.0654595723763021
-0.0002011568540317362
-0.01483448251582611
-0.009066428885722275
-0.0837008816883795
-0.000154419813625992
-0.00015536992565232477
-0.06046924723706045
-0.07398110494139266
-0.029792421487905115
-0.00016836777367898676
-0.029808436111590987
-0.00015405278610192797
-0.036821245844048806
-0.00018859369295775376
-0.00017133643464388798
-0.05481169481081512
-10.000004139246727
-0.10378424893922944
-0.0001562746922692784
-10.000014604818604
-0.045682966329555895
-0.10331783613624401
-0.021894641313658092
-0.09937829460535715
-0.000222052598852758
-0.03759951139339099
-0.023121300780825138
-10.00000127845843
-0.03402105418404383
-0.04148430589030841
-0.09775322553730029
-0.00016893076538864946
-9.601948819108524e-05
-0.00017091920908145515
-0.00023119638642344172
-0.09997036154740917
-0.00016891651461541405
-0.020580982906322803
-0.03124494174235775
-0.11449727503615456
-0.08414830351892325
-0.0001566948558324258
-0.03045188684629442
-0.00015724319833199102
-0.03548352876321207
-0.00016642756405035858
-0.00020059679439198689
-0.03888133970667225
-6.120422736487869e-05
-0.00015541343567730047
-10.000030204668118
-10.000004049657836
-0.04545446004955395
-0.07521197117253706
-0.024321923479968068
-9.441196365481775e-05
-0.00017112225408180915
-0.00015478805592214283
-0.00015540804012229644
-10.000014935350658
-0.00010737502384867097
-0.08292456560777697
-0.00019173161001283863
-0.0454759701583347
-0.04517160171056328
-0.06605848527359545
-0.00027525332689021096
-0.0192319859242088
-0.0001548480481202828
-0.04105549627571954
-0.08775220928712293
-0.034052050946511515
-10.000018720174307
-0.06136556120170885
-0.0001708972768539307
-9.720512570887563e-05
-0.08286978324341723
-0.00021727822914981588
-9.328906834660815e-05
-0.00016550792013638707
-0.00017181965512176608
-0.028369327934421897
-0.00017081209344154986
-10.000069536137078
-9.761322671846948e-05
-0.07813612462141004
-0.07403393820726048
-0.12626857842437098
-0.030305670350338907
-0.00011398766706999172
-0.016783836190616755
-0.03811745007245903
-0.035323919077693604
-0.117655577856206
-0.01907028308834923
-0.00021570662830993655
-0.029080349605674627
-10.070579947414044
-0.08062335012834149
-0.0002140559207537759
-0.0002156740228753812
-0.026247920540051733
-10.000033871848695
-0.0002150766045222905
-0.00021367328575388648
-0.04920602744904012
-0.02990440051835683
-10.0
-0.0001086549108959619
-0.0001575253736890602
-0.00016448268354497347
-0.0001519307108387438
-0.0001509209838166094
-0.034003676872746406
-0.05885323748542925
-0.00015886170265107247
-0.043942422141824956
-0.07366765266443379
-10.000124776450448
-0.05471909639449673
-0.0001730792677258192
-0.02970184768881617
-9.912016395639417e-05
-0.031050729690138064
-0.09882053166383002
-0.06108597127036418
-0.008791980686199895
-0.00017390456960448688
-0.00015755107612415594
-0.021093122372449855
-0.02744566124568897
-0.02698657960037617
-0.00011305072818559091
-0.014160814191729354
-0.06881839852147813
-0.07619653982536218
-0.022566160663288454
-0.0310832173818903
-0.052117451440240756
-0.02554482262082578
-0.043186742605759054
-0.03950363273137997
-0.00021519251834490336
-0.00017050032022323746
-0.00021550878956230475
-0.0002313283653900365
-0.033014130172265
-0.04439465809188704
-0.04821997100286187
-0.01812706277787291
-0.044755683714897354
-0.014870761520664902
-0.00015301931437592645
-0.03905076436448183
-0.07806492310625451
-0.11255263325484885
-0.00016582892471889466
-0.00011148690656446706
-0.0001701038575353663
-0.00021327191098721422
-0.08636741712415151
-0.0001765726299691921
-0.048710699110371354
-0.0485904193252119
-0.00016193382272424538
-0.00021440583429448664
-10.000031838619368
-0.00021467124353172093
-0.10694817400596945
-0.00021235699134417862
-4.903775066700609e-05
-0.01568832840475894
-0.09631548960129697
-0.06108315618255453
-0.00015147452751094358
-0.00027506871115944194
-0.00018139970804434532
-0.044985258260535066
-0.00021563189909322086
-8.205947672594825e-05
-0.014996471953074436
-0.10116970022947289
-0.06193746195340862
-0.11017626405811659
-0.007053147634858468
-0.00021662868822499017
-10.0
-0.07166611736081921
-0.11726613971149476
-0.000214107432811878
-0.00010817224028825898
-0.06462262936047472
-0.00021374685691871636
-0.05086943592015099
-0.09498000743673427
-10.000008601702604
-0.00014224536388842413
-0.03191723061842138
-0.0001715344715665624
-0.00017528072707258548
-0.025023042866814574
-4.967774994400353e-05
-0.04254607959083502
-0.07351842777218842
-0.0001587081921317535
-0.10012647049557045
-0.03878329933246637
-0.021521020708620144
-0.02756079420548722
-0.0561391354550299
-0.0001066227534846734
-0.027770183831245913
-0.03427067561382221
-0.0002134482378088782
-0.051802120949828716
-0.06742454916972068
-5.757789506302178e-05
-0.03529016939396687
-0.00021608408848257303
-10.000003006839677
-0.08959285538615319
-0.009413854869815021
-0.029866752740615905
-0.00018431258635184762
-0.0002758654753467957
-0.0002147758328036657
-0.008186548448029242
-10.0
-0.0970231462262196
-0.038925022787672764
-10.0
-0.00027530504191382115
-0.03602887225869404
-0.04583053482908056
-0.08097202359355582
-0.07716251450006145
-0.09413687233261189
-0.02522794166804899
-0.09756420353771547
-10.0
-0.00021540022410679001
-0.02283687620397163
-0.04636256127475691
-0.07021527883181217
-0.048343523829100135
-0.00010859711023656585
-0.10259992792619882
-0.00015396617178061443
-0.05785006026678416
-0.00017561143771464765
-0.0500054010347769
-0.021150426102634644
-0.00013789535414530493
-0.0001712514241836769
-0.009806857164406976
-0.09670360155510829
-0.06527182919880921
-10.000057618462481
-0.0001739971358108386
-0.038285366767884604
-0.00021296491976400403
-0.00027485169917012403
-0.05027111672154014
-0.0002134123332407785
-0.00011360260282277271
-0.06963846300840927
-10.0
-0.00010477371511715155
-0.14368441772816662
-0.038669104624741754
-0.0001534649884671505
-0.07969787712430124
-0.00022840186686862586
-0.0001818383052084809
-0.00021255570509440025
-0.0001706068920303534
-0.00021474678211359295
-0.09238159456694443
-0.00021586846644678221
-0.00015786737336098223
-0.09681435544554326
-0.04154396500561145
-0.06643886226858238
-0.046646904214986254
-0.03330537936430398
-0.0002320308545962133
-0.00013092532690168207
-0.025137090863144675
-0.08575282482039896
-0.00017488219894046356
-0.03204363232814736
-0.00022907494049590778
-0.00021742314710675083
-0.00021427573271059884
-0.00015393669414021763
-10.000020943396395
-0.00015681543595700006
-0.00011407708946068797
-0.00014978277528710383
-0.04189347412366243
-10.000018559475071
-0.00023181254078302857
-0.048322875956567216
-0.09272361673469402
-0.04376077508537616
-0.026379335523468196
-10.000050103153352
-0.09352540177190208
-0.00016877755086122206
-0.005374843425507012
-0.08127919021487544
-10.000063103232158
-0.0002317856985624615
-10.00000204813755
-0.00016838400189898546
-0.00021331695555572844
-0.00021326610884964814
-4.6234588462461836e-05
-0.022009409564079378
-0.00560154221882851
-10.045809296309908
-0.0393683413745278
-10.026687491276272
-0.09630309766695949
-0.028875780049515083
-0.03947275915550448
-5.374973734573371e-05
-0.00016961042543731176
-0.00021493323073631495
-0.0464018359581935
-0.04503474920855248
-0.00016804077723309423
-0.00021247707615529985
-0.00016520813922969786
-0.0002760182226399292
-0.07807493343908828
-10.0
-0.018202348564069055
-0.06280124933924545
-0.00016784926094878734
-0.059199457400533936
-0.0699588559080119
-0.047490432136362545
-0.04148120753073448
-0.010001481739413787
-9.83608065847374e-05
-0.032971622121781244
-0.00021449080777900394
-10.0000702910221
-0.10056222594621536
-0.11174680826188013
-0.013300791482221274
-0.00023441581238603566
-0.01724056140682223
-0.026148700163671976
-0.06315432538291646
-9.03982880434674e-05
-0.0002748508120080528
-0.014731336639565652
-0.06581511364376744
-0.0002389390923019896
-0.00016573044517156492
-0.04067658531533401
-0.05584471476640292
-0.013200062857088572
-10.000041444782497
-0.04696464865688705
-0.00021590164852164072
-0.04352457998376595
-0.07372778677413694
-0.01461361173195683
-10.000006053428462
-0.00021214373976472412
-0.00022500426029735084
-0.02693759558644883
-0.00023318739974707254
-0.00023439143622681782
-0.055564250661515754
-0.13876112360946602
-0.00010689326820941593
-0.00015759695635230933
-0.10184061332198444
-0.0002120052757191907
-10.000001283036948
-0.00021531277067321654
-0.02864331684869011
-0.05187711393457415
-0.09496118040882148
-0.022718637654682412
-0.09963555470293092
-0.00017875534534623087
-0.07396836441496188
-0.059067132858983164
-0.00016734064625705146
-0.00022599789183361162
-0.00010899888377703357
-0.00019582226378483773
-0.00021510822032280746
-0.00023154218133792536
-0.026180649410890613
-0.023103687533243267
-0.020610993596040482
-0.03326689851771044
-0.03408991957486922
-0.09015841192293793
-0.00011978353467265179
-0.0001587107993018241
-0.045418676042649556
-0.00016798008582964027
-0.0001199414705460243
-0.00021276518814602894
-0.0001699534115762426
-0.00010359108344506561
-0.05816345133297167
-8.358296501682472e-05
-0.00021492106844644025
-0.00023351987258324528
-0.01599740570532678
-0.015317807396910042
-0.03658003111067143
-0.00017274036485544404
-0.00017445321674582163
-0.0001560891704214061
-10.022629596841725
-0.015400281110161765
-0.09240378580701711
-0.043482574786187014
-10.02093814547637
-0.00017226084285144332
-10.021789557106255
-0.00016744355501320765
-0.051846507929693794
-10.000003044308345
-0.00016536226218734002
-0.00021722767825858505
-0.016180523707109956
-0.0002344157739669538
-0.0001678651865025488
-0.0002730411293370048
-0.00012508783039279504
-0.00012892793856369847
-0.000168541943943431
-0.00020939438738581338
-0.04520393990779206
-0.0493310767012267
-0.03984359429608598
-0.00022758631953597298
-0.00023153072468067989
-0.0418106785828026
-0.00017721113975949077
-0.00011504331917220421
-5.487378841525359e-05
-0.00015745165416636818
-0.02115547523079802
-0.0002157156049368482
-0.04528421128354619
-0.0001556973960287001
-0.0001544496990260686
-10.020862589941133
-10.000051920642004
-10.000014055376791
-0.049360211306643496
-0.04563703287020199
-0.026091307281536476
-0.013171215341533538
-0.02402717122659076
-0.00021538885205145766
-0.0001726977823181142
-0.07936383317024942
-0.02735576932587182
-0.05461052000940321
-0.0001564904672010877
-0.018393461911032492
-0.025359339131516938
-0.007985418263723261
-0.00021678276669642358
-0.052496585148143426
-0.0002230919200867761
-0.03922420481489529
-0.022690768767943584
-0.00010189528086001595
-0.00017397328590429022
-0.00016539436862081467
-0.00018773669583649666
-0.036283073869727955
-0.057758131894698424
-0.028954413715792736
-0.10195593090312194
-0.00014430308110316352
-5.924716280832829e-05
-9.484352157295061e-05
-0.00021239462998525008
-0.00016660995152597102
-0.00011509719428747496
-0.00021617577087914858
-0.08502411953281057
-0.046372875046279245
-0.07237985921161655
-0.07839092720715499
-0.00010769384007348243
-0.00021779846925618095
-0.04278756093773422
-0.03872841896762708
-0.032833253333246507
-0.00015537716183300425
-0.00021700711952230288
-0.032547706537835744
-0.09017846852056324
-0.03285066616560877
-0.07227812076491347
-0.07991341501540934
-0.00015861119287605548
-0.03309275440537744
-0.00021544358713250454
-3.8548216797468484e-05
-0.01737571851432062
-0.00021781047882674985
-10.00004007946031
-0.02255480623508875
-0.10672442239340055
-0.019056613814472927
-0.00016854996134244623
-0.00010935697402530994
-0.00016968841907424574
-0.042874738675032054
-10.000071919575984
-4.8438848082831026e-05
-0.00015827620343595737
-0.00021534292371051372
-0.00011014404441470647
-0.07486065988902812
-0.0001671301251475195
-0.021158688779631833
-0.06537083670864924
-0.015799246709709672
-0.00010699292183460037
-0.040666002838048734
-0.03930581458852582
-0.04763718895633837
-0.0001675558323880307
-0.07694494183664194
-0.0001370648201555182
-0.00013946673138874266
-0.07150375793136277
-0.06442363292613099
-0.08612483438701968
-0.0001032980072977207
-0.00011081985138430823
-0.05032407321130604
-0.061459222784003925
-0.01651578335067417
-0.00021442347339493842
-0.0001397358060077362
-0.04270032853007401
-0.03862089063218589
-9.956720962627126e-05
-10.037535223334007
-0.00017469999658819012
-0.00015681004166897834
-0.03728566424787675
-0.00012524572103412632
-0.04486756642258526
-0.05375810540303365
-0.00023368391759134505
-0.03598127996209542
-0.1085483321090163
-0.02359764989053785
-0.038108627468095124
-0.005697113324854427
-0.006077759374327412
-0.024228468717457277
-0.00017175856756477265
-0.00017331304074025302
-0.02537556146016276
-0.04518539026011159
-0.07089367788587803
-0.018274047590758298
-10.02905951079263
-0.000171722596351124
-0.00021626728649060977
-10.000046445281349
-10.0
-0.08939493156145699
-10.00002725922753
-0.00021531826293211614
-4.4972638090133766e-05
-0.0895003657976367
-0.00021555592978622794
-0.00010805787231796526
-0.046664083754913
-0.04761974969095195
-0.04377398574137728
-0.14181701946097666
-0.0071833750382460934
-0.08155468981011427
-0.02979733106710554
-0.052192766970641936
-0.008583048557429503
-0.0271112326912311
-0.021301379530837435
-0.04529496498137303
-0.04449653169748221
-0.00023141839699088293
-0.00018984795643317332
-9.662778849871499e-05
-0.00016791726577249994
-0.00017377125570569696
-0.055495159824358556
-0.05413375123191426
-0.10788289361891121
-0.018164012093246095
-0.0002138114626548146
-0.0062573143306983185
-0.0474820459333128
-0.02410023195801685
-0.03214377929692373
-0.09888364213061451
-0.015869804219580685
-0.06745753519780434
-0.00015474561671053162
-0.014782800290239335
-0.034147981543273795
-0.03165912239001854
-0.039761100518151224
-0.02786353114674179
-9.31487556163417e-05
-0.02346146299106948
-0.00022740980534732995
-0.018027063457506372
-7.27804294558067e-05
-7.0926662024202e-05
-0.00015584719187200285
-0.056230018434929196
-0.00014844896786720785
-0.05599654279862255
-0.05391293899820101
-0.0001523109387080578
-0.0744256240218662
-0.05269956801848371
-0.04707354459435015
-0.0001565494992863343
-9.846162822521093e-05
-0.00010982349987384819
-0.034724634446307676
-0.058092518912333746
-0.00017062603593374388
-0.048089353502487775
-0.00016674437456668935
-0.06716197144678214
-0.00022830464163682326
-0.17764790398046748
-0.00017566647026524671
-8.535049734795553e-05
-0.00013642848974194038
-0.04128886497314286
-0.06995097504061216
-0.00014056339845587289
-0.019230707177547022
-0.0001886119173896813
-0.07803863963970184
-0.05556667302853313
-0.00012648739961760626
-0.09973881880179863
-0.042073055049633136
-0.00018678557848945916
-0.023695696948234514
-0.0468519289768673
-9.262894098793772e-05
-0.00014389245046306232
-0.05042920459020284
-9.35730920285924e-05
-0.012244030952995918
-0.013277092294767917
-0.10034272377594469
-0.0001900410768353456
-0.029562608106463436
-0.052646988891410944
-9.100711152835498e-05
-0.00014184808533096693
-0.0819448945670227
-0.00017863672296169198
-0.00012890868497817396
-0.00014189929062882324
-0.035813729032280216
-0.035885991353373205
-0.00014426768651115083
-0.03476982536256669
-0.06152035486360016
-0.0732800140836241
-9.713015200746857e-05
-0.007793537334086888
-0.012903209244555727
-0.00010601291454529334
-9.216815306779766e-05
-10.000029644320795
-10.0
-0.014111419694406189
-0.03643990188892977
-5.313033193805866e-05
-0.037429075995541045
-0.00013624311756511455
-0.012560244067989482
-0.06866563033567925
-0.0286712218021431
-0.029239291035997306
-0.00014009919087866972
-0.023525656313230836
-0.017326417259629016
-0.0001286167445618455
-0.0001417584884222644
-0.0001424811840982767
-0.0001761957476431605
-0.05948904710566494
-0.00017422932868565923
-0.013634305049703858
-0.03634531516058359
-0.03641131674738249
-9.02882833098701e-05
-5.0645709271356e-05
-0.0001362678102426902
-0.03400893735578043
-0.0001832900790466201
-0.039692603669543206
-0.00013996433356646733
-0.00013991093629688622
-0.05982690509456261
-0.06383043830662521
-9.23898155204763e-05
-0.00014140164080833723
-0.029163903920857496
-0.007494579934673178
-0.044570523348964164
-0.0001402168986189615
-0.0001892266069504654
-0.00012874364197473526
-0.11778711493801125
-0.00013699985761433717
-0.00017557838713876716
-0.05115397918966595
-0.00012781317789925487
-0.0001293179086590851
-0.00013010018804746436
-10.000011732933785
-0.02746049558325729
-4.344631596291553e-05
-0.00022440665680956905
-0.0001390644310521012
-0.00014037947317609227
-10.034227256535317
-0.052511764574419376
-0.00018669497752296947
-0.015957783301218238
-0.08130184062180679
-0.049031456015736864
-0.00022541650654551014
-0.06423766060598682
-0.03189831499779437
-0.06414230982886018
-0.04940324336442545
-0.022994762664722224
-0.11568044863744639
-0.00017553681660987502
-0.0001369879973891201
-0.10167713335197053
-0.00018487137650002048
-0.005604046176971496
-0.0001462152107261885
-0.03176651663742249
-0.018812285134477188
-0.00019109027432895489
-0.045296593911122326
-0.042860196320433086
-0.00018644203239904963
-0.0582125010080872
-0.029780708226458875
-0.00013984474910610156
-0.00018698772086262765
-0.017247212346726153
-0.005291180058155353
-0.00018677842902646685
-0.0641309281333574
-0.00013772381697435603
-0.042676313999738244
-10.000009043566081
-0.021463346392046206
-0.04566399152843523
-0.03655124258436695
-0.00022491633241401358
-0.050733108578070105
-8.386987756260072e-05
-10.000015617983696
-0.00013633614330738202
-0.0001754643986477054
-0.03693827944598464
-0.00017764262056847133
-0.0154843325950796
-0.04023291949864723
-10.000000971725054
-0.00019005278230841167
-10.038896072836849
-0.03500355544629261
-0.03205275363091038
-0.00019050253718761443
-4.4892519865476415e-05
-0.029083899896164257
-0.01087398801773024
-9.021467429467294e-05
-0.01940844431765211
-0.00013012039334207954
-0.004691120966049775
-0.06477048367073504
-0.03114028640192114
-0.006986346554890214
-0.00013921380788199024
-0.00013754431474211353
-0.00017479603187268641
-0.00015362128148644475
-0.01597664513425532
-0.00012663062175862893
-0.08353933236035438
-0.0001787822187968823
-0.060760409494796094
-0.0001792914225730089
-0.03845556030279403
-0.11631463004960962
-0.00017796488749910537
-0.00022607495086484337
-10.000009541597178
-0.058621536388770504
-10.000031270301086
-0.012812638364314701
-0.03090873300929181
-0.00017735029607330249
-0.012995129396389325
-0.00013723164352808198
-0.03295832784800724
-0.00018279541536397474
-0.05361146318216025
-0.037319833683178746
-0.00010934455258590057
-0.00017525208486995442
-0.00012693161287650085
-0.0001507379622650536
-0.043343344184222254
-0.047217473100246515
-0.00010284143388494853
-0.02646485888100244
-10.000015413777136
-0.08334694283938161
-0.03303575428909842
-0.00014145147377143667
-0.00012355276727785548
-8.97610688079709e-05
-0.00013686598347639788
-0.0860109068834729
-0.00017711668775787653
-9.52567100441968e-05
-9.45509298112351e-05
-0.00017479215165038274
-0.00013706975685059654
-0.0001835920495618819
-0.016422549093003565
-10.000041893224942
-0.04487737541052812
-0.05318803783844818
-10.00007718225475
-0.08383321251781885
-0.02228843145818899
-0.00014569916138009882
-10.000015547384942
-0.042001625691073935
-0.013671110448651035
-5.6941808555531145e-05
-10.000015732812333
-0.03475609712515393
-0.00017671791932236832
-0.020571839587927413
-0.09692359181605187
-0.014987669846140642
-9.074102505473864e-05
-0.06214624206068131
-0.031157095682838656
-0.02977292870310324
-9.038306841203373e-05
-0.00022557524881555805
-9.493626808710574e-05
-0.07048962724324832
-0.045850901669224946
-0.06772846820426835
-0.00017409716656345496
-0.00016119483478175192
-0.025444510505907805
-0.00014438109675623997
-10.0000091438687
-0.00017866577744299263
-0.00012857380113362213
-4.13206550781541e-05
-8.198544610669592e-05
-10.039629817001012
-0.0001456414708130704
-0.00014439665900289815
-10.00004377566813
-0.00012853212699692775
-7.832331111936496e-05
-0.13166555597282043
-0.000104770093810961
-0.035804191402167486
-0.027603870884863713
-7.526958545016376e-05
-0.06392030225305831
-0.0499261505265885
-0.00012057000733235912
-0.03727427495485573
-0.031419590751188595
-0.03997696766637546
-0.06449526463769373
-0.00017382627294930492
-0.02296522599258722
-0.03854666689171371
-0.020369704222140753
-8.089115300577967e-05
-0.0001400933554996109
-0.02147045203860505
-0.047339310369519993
-9.290162294668918e-05
-0.11291964293098973
-0.00013741549663909958
-0.02912943769015185
-0.08779324222713636
-0.040998744079457805
-0.060867668547589085
-2.65659983384108e-05
-0.012875334843822417
-0.054490940048817146
-0.00014957043203080934
-0.0712508652282154
-0.026380525071907884
-0.08398480860232868
-0.00012903377340445807
-0.06026921492577868
-0.05262600022136994
-0.015528332425778838
-0.07409929029510559
-0.07548412556463521
-0.025281509656986334
-0.02343857980967625
-0.08891968392340158
-0.022171354052382172
-0.00013986225059417707
-0.00014120710036078543
-0.000185276111710059
-0.048151446792810804
-0.03516675944643949
-0.00010003622878368312
-0.00013234531359461416
-10.000068652776946
-0.04230778565753317
-0.00019147980619516395
-0.06730977471610644
-0.040779144342562315
-0.03680581876382491
-0.00013423087328878798
-0.030729690611080298
-0.08282570051937546
-0.06586208511674295
-7.674917027977279e-05
-0.09542909519391042
-0.0687862251532344
-0.07398810238175792
-10.000012240701498
-0.0001927073813134051
-0.04563067821545602
-0.04490243342585419
-0.0001293133771637925
-0.0001305495500342321
-0.00014395288498998018
-0.05002838645267035
-0.03124428839100641
-0.08073656114583128
-10.000028027407295
-0.029453557794227578
-0.030060413197003238
-0.11175806987087564
-0.030968276135100996
-0.00014135800358124642
-0.09651365418425263
-0.00013992086109175983
-0.029948985092387123
-0.00014300639183813078
-10.000012267407845
-0.01590190935883036
-10.0
-0.0728374088468885
-0.00014167928372725713
-0.07988521253100973
-0.03016032787636192
-0.0001878846983244249
-10.00002601590349
-0.00022562412294455976
-0.06399177894273958
-0.03586736680784521
-0.030393828648343234
-0.024967151953458503
-0.007908208870328138
-0.00012303766476249212
-0.00012486823131863006
-0.00014378793986511852
-0.00013921717239267231
-0.06572806954704798
-0.03466226619415039
-0.028819665664513425
-0.00011790312646668414
-0.0075376378923012076
-0.03198075816622911
-0.00018927533353640998
-8.054919089931612e-05
-0.00013510444802008567
-0.04108352868723913
-0.00022646171445210188
-0.00019073363247038328
-8.735878341341702e-05
-0.07736720307761814
-0.08133584274669553
-0.00012796880058821248
-0.00017663254239599918
-0.02309740044355544
-0.019517725841859682
-0.06633108335629682
-0.00017898866360854145
-0.048985633586173215
-0.07422160378076816
-0.00648782575027948
-0.00017691611927587837
-0.09297839980189243
-0.02443466942679824
-0.00017690604217688165
-0.00017674014249239136
-0.036747240627370455
-0.03874310464202942
-0.005317561272618013
-10.000011676933507
-9.20946903561109e-05
-0.016316344199495316
-0.039019370447749974
-0.00013950767738146565
-0.00010478109369040127
-0.03718507890160509
-0.00010931567971632747
-0.03288609660965304
-0.0525813987430409
-0.01640802066083017
-0.008641019309260011
-0.023849706819268957
-0.00013902750092847742
-0.0001400388958298146
-0.0001406517234484365
-0.00014512917893539444
-0.00018824980633023902
-0.06782407405893195
-0.00013853233048223047
-0.00018822246039500073
-0.00017507496071590204
-0.00013823689514825743
-0.05177906326304342
-0.00012797238718305164
-0.04309821246688141
-10.0
-0.0001999290453147745
-0.07276010556397511
-0.00012505956519378084
-0.03152073205643019
-0.024108695441831966
-0.00014017851939857653
-0.0375748507554888
-0.00018608764414336946
-0.00017781764473892678
-0.00017564275934465773
-0.00017861713022948795
-0.016764772041221586
-10.000019539871658
-0.0001397172559249399
-0.021039915567119725
-0.029604289510149283
-0.04012776130199592
-0.0001779500478654002
-0.00022490714173209993
-0.02132876587047655
-0.0001376702486100473
-0.05046139567473912
-0.037413429368846604
-10.000019037053594
-0.00017582774728867287
-0.025874342782390442
-0.038302408303756225
-0.00014328590556343296
-0.0001755893688142635
-0.03376530989181038
-0.0001445278167042814
-0.10622347077618058
-0.12877914037593757
-0.02481083564071221
-0.05133057704796315
-10.04838210224035
-0.00587028074485023
-0.029306514533389366
-0.03475645545466217
-0.00017635913543341048
-0.05991434684787875
-9.361025791441387e-05
-0.00017608048447463872
-0.04818772615044996
-0.006249486032397819
-0.0001364353333132955
-0.00010536026461725071
-0.03566167613015797
-0.00017609063555338014
-0.04518813359081687
-0.023737519414413225
-0.033869663164621984
-0.00013414677741324364
-0.04202822045595576
-0.07577688111079048
-0.08646625972348673
-0.00019337411195648408
-0.00013383602305994482
-0.00014495009946883787
-0.06125246559367301
-0.00013726115879548963
-10.00002261312402
-0.00017519240904121768
-0.00018788350482915262
-0.04817096939000758
-0.03121233955714079
-0.04103606514358585
-3.500617595690947e-05
-0.0807664608542896
-0.07705895475902501
-10.0
-0.04471234763167974
-0.015557665080572833
-0.06703704834674996
-0.01768011639828009
-0.031072931267904884
-0.07635120587818299
-0.029972837895801012
-0.01628272341877114
-0.00013622462545082812
-0.0598874189824564
-0.03567722386337151
-0.05413044363066858
-0.020537293695519356
-0.042937733066652495
-0.00013900397510826842
-0.09034668931874992
-0.00019202873980209443
-0.0054588910249602045
-0.015683126778032595
-0.04186784602775399
-0.00012728747922517193
-0.0634529926038081
-0.017999024740447244
-10.000023167421359
-0.00019175716248077108
-0.023583397063448586
-0.026101332357608212
-0.00013784992827278446
-0.04438115773549673
-0.0001407369099332223
-0.005274649196627281
-0.00013616315319982876
-0.0001298416968871996
-0.04221902023386759
-0.03881779513105098
-0.0778666030764962
-0.08816520504066463
-0.00018893729275748289
-0.00012654609359115818
-0.04167411730191489
-0.00013085927198990812
-0.04413473474705591
-0.1036890738685286
-0.0001884806725371079
-0.004542159750923466
-0.0001728493430933307
-0.028819038459709796
-10.0
-0.02919977904779357
-0.04468119030326585
-0.00018389178381124705
-0.00017713170974198987
-0.02889894083095195
-0.12663776840786337
-0.05507326421280008
-0.060156921140346625
-0.07852260772069977
-0.013977279249682038
-0.030972931967746135
-10.051500832206147
-0.00014832387201640002
-3.0227393605244518e-05
-0.0001841914573975688
-3.613221048944113e-05
-0.05620461023972363
-0.03220352021471609
-0.02889118433262542
-0.00017689939049772292
-0.039982172475004865
-0.02703498167792455
-0.01923312265985467
-0.02545414385565538
-9.438420716549721e-05
-0.03030469760376088
-0.08578646203064516
-0.020300256707068604
-0.00013370657163947028
-0.03219561247576015
-10.0
-0.01050000999661759
-0.004900238219219464
-8.074853683228417e-05
-0.03262475376662146
-0.00017821005357700084
-0.006206331182596471
-0.010692305020765193
-0.00018933507513962876
-0.00014084854200089773
-0.007547781849250827
-0.04048943819359296
-0.05508073135922048
-0.00014231942903553701
-0.0001880857929908862
-8.83043758181726e-05
-0.030616705590915616
-0.04497053105008085
-0.00018920197114691777
-9.149835215546909e-05
-0.07835329926357652
-9.340381476904944e-05
-0.020753704582572058
-0.025384708402269758
-0.07858881428277438
-0.04737306481280936
-0.00014236169049978607
-0.050773879325352114
-0.00015356636447849784
-0.050692039687892994
-10.000029936370622
-0.0873305731760807
-0.06481535435379775
-10.0
-7.959346669447225e-05
-0.07651282355014782
-0.000126678142291216
-10.000000408152301
-10.00004297075523
-0.08046740147075139
-0.05487900511149446
-10.0
-0.005102875323185461
-0.09146105024087628
-0.0001276538815501511
-9.12884351706698e-05
-10.0
-0.00012247566020728723
-0.0001310088620325587
-0.0001741548243887718
-0.0680574045066694
-0.00013677769449018848
-0.08361028682401038
-10.00000714356034
-0.03647328196768531
-0.09281439846033446
-0.04000004513150744
-0.062208054909393365
-0.025717264536120978
-10.00000819680254
-0.061115240676170274
-10.005447509680636
-0.04309687784508443
-0.00011540650295869798
-0.050799254942491656
-10.000063799317926
-0.02551423003873938
-0.0704976442779287
-8.815124535618169e-05
-0.008380631753482824
-0.04030803172701211
-0.020962525220906122
-0.023911192488077136
-0.00022407627912466167
-9.162715864694909e-05
-0.03738592371867513
-0.03704718169791242
-0.0001488739657042081
-9.343159971471553e-05
-0.00019003978738640244
-0.00013606897471209474
-10.000065181766228
-9.697158714804134e-05
-0.05699559367082477
-0.00017545655895475026
-0.029398798224201404
-0.0001765927171861197
-0.11512222866184499
-0.00010249867177769083
-10.006264594706634
-0.00014124512166432046
-10.000005260592634
-0.012943610868527057
-0.025870518942828824
-7.537409159790918e-05
-0.01234921434465319
-0.06374004196894262
-0.0495847434194405
-0.030116616870064346
-0.07105038172729958
-0.00014157656024062622
-0.08845528248432831
-0.06124084089508557
-0.07748771105193211
-0.06250438280150342
-0.00017713932915654573
-0.00017578713359105966
-0.03672323280003575
-0.03974332559558922
-0.00013991468081839056
-0.045041356565534166
-10.108454437076754
-0.00013002629698421401
-9.424204297013431e-05
-10.000003977971172
-0.00012360713307265036
-0.000178817044388
-0.08108453085233773
-9.340021580073464e-05
-0.01840000731090903
-0.022174826273332143
-0.00017596484190964733
