0.4193910359037491
0.16917742786589332
0.03364805310450589
0.061835377227884444
0.30253235682685775
0.04377991741245561
0.1543639462434639
0.1924671250448124
-0.5488660866205453
0.22659249938496112
0.8474449912687488
0.27061408940907317
0.4228330161026558
0.266417201966183
0.21052054896578962
-0.08683279035306271
0.15572488458913003
0.2762081386176056
0.15542580759784103
0.2921510375471704
-0.34768728521662084
1.0569781408120482
0.2021215734987605
0.6630452601364691
-0.007545136687641979
0.27403360951967887
0.5616914039975978
0.5413114604806666
0.7174951571036463
0.42340251656575595
0.16066050952920116
0.33384746436937246
0.9479253140045404
0.1380112426718499
0.2155217397289425
0.26449494878648816
0.1607094662950659
0.2782998159621364
0.2790410878597639
0.7193970849794541
-0.25908701011581403
0.45196419570689894
-0.13329710239351078
0.33467298873733253
0.4396032671185133
0.5973234318027896
0.4807793790044512
0.6395858444634106
1.091494114801174
0.14715275272260947
0.16349981378614536
0.8033707829804165
0.42537827086693275
0.4781344827339665
0.306000781458335
-0.10290085925875886
0.6195457730070781
-0.410142578828556
0.8073767462365645
0.9633308710309787
0.21157760041092527
0.16004293038024817
0.2781568980460012
0.013035596443061903
-0.05838907902134649
0.12590404453619947
0.1649641241172911
0.31621238251844425
0.2546840122377221
0.28729322850700945
-0.13078776153853638
0.5400443411049972
0.7554015889164252
-0.25123035691666706
0.24067825435333018
0.45995186142573224
0.673177859998926
0.6272885293790914
0.08397940590705308
0.4975202845597432
0.24237305624484462
0.5852052734528054
0.518441858113905
0.9340384290737318
0.6238256554469863
-0.11595631512524335
0.8508114200167403
0.21210218602040948
0.48835158698155756
0.6063105178581
1.1777684738200258
0.1177651778501308
0.7465669331179038
0.0793150927939657
0.5100414595198065
0.3156617022097174
0.45381544949326996
1.003593775744393
0.6051049856709695
0.16305354664768656
-0.26868306973668277
0.3485295147643738
-0.006459907651185176
-0.000373325587925466
1.0056185449122603
0.17375458185938142
0.22905249479305836
0.2757063918120785
0.3059728310583566
0.2707199797483797
-0.07799637483081973
0.856328107995175
0.12027463181457662
0.20751837229270606
0.2202448012611028
0.4828295763038996
0.3706662809431418
0.1691403791440689
0.19572258337168183
0.24029459211469795
-0.47830614387670023
0.41940468828544514
0.37122577641074134
-0.05007163740667042
0.21310475378658503
0.026084922794548132
1.0880650339462525
0.6054665258893869
0.23159032697138396
0.4950138856004538
1.014747267496767
0.16326216055228665
-0.2519596613155465
0.03714856172278519
0.42509836584703564
-0.3063625378511359
0.42816598720411253
0.23360394859144695
-0.02574304208998454
-0.006638272455741223
0.5786422207342218
0.1209242903289824
0.43835594806970296
0.44499218520798256
0.6533503198744828
0.09492272799550233
0.346365461043206
0.815765058372137
0.2741806737220229
-0.07760656098896479
0.08525073107650288
0.5349440291518487
0.29004814988581235
-0.030230028741999176
0.49530932814332856
0.7636086396378943
0.6417465095513099
0.3298041928602351
0.5684215941144383
0.37490101770005907
0.2757558831799552
0.7836415704606021
2.1198259513361557
0.9968863919045309
-0.149093679418607
0.7935772886135886
0.7912810913515438
0.34338372695669644
0.39582301350951465
2.1413234799082543
0.29202218711615835
-0.13390630480823604
0.21707376214063437
0.5988748212793986
0.31096028739991843
0.908736210358357
0.2812583732936335
1.1683321387484125
0.7939302377034543
0.31260560971864276
0.869447657491901
0.2940629415831263
0.6471686017570984
0.5203011202104151
0.28789890229640425
-0.1997401310899299
0.42236982729283445
0.5473264442704903
1.0408198319350792
0.9131226200597731
0.2820557510179682
0.754639120923875
1.004946262441473
0.8340206652882207
1.165402813429521
2.1793777106307655
0.344912765982226
0.8453895319533966
0.05803142621924022
0.528590802505372
1.0558343808846857
0.14993235415788864
0.6241813834886769
0.2966799020587566
0.4152701250344462
0.8698565069864056
1.1340269180496143
1.0145021075324212
0.6015486874804445
-0.40575292853245026
0.25105334861250717
0.28181188476795077
1.1124511798545673
2.151883749262746
2.1723263246151117
0.36821907885771066
-0.2306779030016382
0.6279944779152107
1.04849256869133
0.7887681519591808
0.749569681858423
1.0437040202099868
0.40743235769432606
0.31031884656002934
0.34963261987246663
1.102644445508966
0.16488534297843654
0.6409121627174336
0.7908065287109931
1.0485803515694025
0.27871084159392445
0.5976133529055045
1.1296288618257648
0.7235244799092471
1.155926625948107
0.718464945281064
2.1184885070073065
0.5087721372717064
1.0799823125011658
0.11156081641247678
0.28335242883667144
0.42126023984545413
0.5488805446183074
0.7245198473167304
0.7507531426917896
0.5957825693746053
0.30993448096569637
0.9219747115972409
1.0390723493007403
0.2690609597334987
0.7141872279935632
0.27963154136445517
0.7802640752373884
0.13245898019103172
1.0575141983072445
-0.42220839390282117
0.4907637722844271
1.1251035344478086
0.26986232450557074
0.074843995092086
0.7914824955694095
0.28220986716399166
0.7810393383094911
2.1530241695156795
0.32197066786257966
0.8697119349870509
0.8907217075149073
2.2026883241714854
1.026686256379074
1.0649167626992557
0.2702480485540257
2.172006754501885
2.153659945938209
0.5302191634267746
1.0862445560953333
1.1882507103284128
0.5942414644645906
0.10769130077770135
0.2994978759320077
2.143290303835167
0.019615803230789597
1.078432816456142
0.03707416059228458
1.199260781114033
1.0963533439081683
2.152969682122217
1.2768249736086872
1.0771703275191031
0.10064212354820672
0.9297620890470357
0.76974488966684
0.7142141129612629
1.1001958099549274
2.126302486855229
2.1207423495600395
1.2999882697809872
2.1304515034847005
2.123038332428318
0.38593518457340825
2.1118557976350703
1.0001806424773851
-0.007693601724692745
2.158076393456973
1.1205277022869442
0.012110597033314824
0.6662733212348833
0.2783797649094041
0.45970658583747515
2.1827782665127593
0.7212201140124582
0.7699349952674788
0.23581242017747073
0.13243505912695297
1.27215597875792
2.1564794769412483
0.7447980452061581
0.2687632872698396
0.990429049164845
0.7566246269264612
0.44278006168834394
2.2637664978081835
0.4535326162658695
2.2084096014087384
2.14876372747534
2.210519711206857
0.7516710491080033
2.115107553987679
0.08193957379935743
0.8951804057475158
0.8212759526981227
0.6933666908993741
2.2071720885377073
1.1618948220459728
1.1127093121366927
0.3239252323367064
1.1104609087534412
0.20524788552915865
2.156631600357063
2.1615884261338665
2.1234844647247746
-0.23150400702099094
2.1857650505674595
2.1410602330013244
2.1658877710911693
2.142684247995832
1.3141202934001246
1.2448257663511872
0.3926414000149139
0.2871066952167996
2.1902782622810184
2.132674310349194
0.27248747823989083
0.9568831946433668
-0.002547863417719398
1.0692650947074938
1.2475230114408917
0.28580461140143887
0.42865736954056166
0.28299912423443857
0.27468594672950464
0.8915006302283495
2.1537083082233845
0.1867835164135746
0.8827055070101519
0.2986443030539205
2.175609871878005
0.22029941941024472
0.2722506332497148
0.1347362054696527
1.2443164293185704
0.9009192039789455
2.1714727617061604
2.185403266825972
0.44921509966643536
1.124399258545882
2.149430795676092
2.1080232770664598
1.0578999760121732
-0.002089854739420638
2.137255264623809
0.48208409734179325
2.1913855238494317
0.30077005049783856
0.6018454178656804
0.6205822894667788
0.11916303872794223
2.1479641847899797
2.21198174393429
0.7999253383032972
2.1462585334565487
0.7638083259160175
2.1194629699890593
2.155047117186651
0.13680004218464126
0.26564239913054605
0.27017771091830767
2.1438301125901633
2.1694373055416554
0.3893778895882623
0.5643703357633783
2.1075185461992283
2.175237360571897
2.116312936048768
2.1323511826904102
0.0364408981844461
2.11402814304083
2.1746654284396625
0.28775234523904064
2.1928405036171768
0.7931042956035412
1.1419604736334983
0.626923379268617
0.7723214891842853
2.087657470208227
0.5116177011230985
1.2228415764846066
0.6122832715949643
0.17092929707722126
1.2436703692352997
2.1855718192466758
2.1570330482000952
0.5499766883271718
2.17280927353475
2.13091928968179
2.205429657904994
2.1867216610672915
2.129524455566731
0.46584078525510203
0.2816002073009876
0.7693272074505525
0.9408981161292465
-0.052409381021962936
0.5386993696441796
0.9968756587095846
1.2948543932065077
1.1042682989733075
0.79454145419484
1.098148928493178
2.1579414030114563
1.2560010191647675
0.26210557158761805
0.2888874925362427
2.1443004718943888
1.116039937685893
0.264446637845293
1.2179554070166922
0.44652488914297667
2.2130280211430824
0.9547075769575047
2.1496285435833373
1.2160996047582624
2.219349926325088
1.2967710813600162
2.168586474001391
0.27784273831195905
2.1132829560309125
2.2060366889004945
0.3857603838470191
2.1620028118362145
0.28603442013881264
0.3220405278622828
0.2719559626626493
0.7656388512639145
0.16745211788423472
0.6403845444358168
0.5002199898322303
2.197683836375838
0.605905530841499
0.20627186801650704
0.6203940879730678
0.8712403388109562
0.9470009660141389
0.26653786300627136
0.35791227273347015
2.2482113363097214
2.0934758622860272
2.175876908110292
0.11963954958545103
1.2310638118738177
1.1100268031753036
0.2981085877553017
1.2975897403095
2.20546899128054
2.1462390952082133
1.3344306490853404
0.40712754178420435
0.6731071628882552
2.1747065346517536
0.29451712463596647
2.1660744675515846
0.7100018625125198
1.0913520553590084
2.1899710219062376
1.2613562275379306
2.158493557531628
0.27438170274412715
0.5606368602278379
0.3427340412340229
1.1015148631882337
2.1456079362371643
2.1325689883210552
2.164005350062802
0.4390567960365834
2.114403775947549
2.1340444977797124
1.0599321843499374
2.1628515507539072
1.1332099631317847
2.1363422134505687
1.2582024554234863
1.0669346251264167
2.1805000429393524
0.511766913449218
2.152300190732224
0.1688959169809851
2.194172920446017
1.367239945803626
2.1658538650181964
1.1262031201053062
2.1124455728068763
2.1878206151454016
1.1854050285072018
2.161835685686576
0.6200811311332738
0.7998976005802532
2.1971235340755904
1.3222627813684062
2.167069896357819
2.177893453285505
-0.3002980245482238
2.183484868419969
2.1828498691744946
2.166802537646616
2.2099329297983545
0.3175762062539106
2.170682272683842
2.1796153995534135
2.176531971730853
0.613131502502998
2.2253154102630113
2.180542521350251
2.145537353271963
1.1031023011576597
2.2142710646310007
0.9417090815652696
2.1258648738176773
0.9878198051034626
2.2257451678046785
0.7036761973791157
0.8828057861598843
2.2053800770628684
2.152274465308626
2.1969198911045704
0.6104104138358706
1.0497765046871044
2.205682024123825
0.7460958414575294
0.6111757399931501
2.2225327012997598
0.8796233486776731
0.8087581693829572
2.1483996572933255
2.1574749349249753
2.14318842174406
0.7851343609052248
0.4816020947280559
0.27197977630670156
2.1601368320594667
2.213808825980298
2.1323286014684353
2.160650929939703
2.188705595293486
2.169171058984106
0.6518400369500019
1.283375750113191
1.2530606940191538
1.0071039173703233
2.236022545151994
0.8920291331288132
2.1918935405319564
1.305247566011852
2.144170237778035
2.147219760509413
2.187555257463412
2.213499838621342
0.9723193769377754
2.2000775040004763
1.0215181758351173
2.207423211607052
0.2736399571067375
2.141710600167977
2.191736169220163
1.1427351253716147
2.1855414983330155
2.179415482758732
2.1931220066622545
2.1943101968379812
2.2137174059132327
2.1240007972170902
0.3733469140845463
0.9754330576385584
2.203907347934936
2.1855735239442886
0.6756145333476752
0.47124228961244397
2.1500638879739284
2.1409883161822347
2.1784670972594515
2.198482940110383
0.27989114034681667
1.0999759949487546
2.1204854212448367
2.1785989367691685
2.1715712011340056
2.1426612584255027
2.207664093342762
2.177047764548172
2.1693320437053947
2.194422530477964
2.175490776453386
2.1913902786426336
2.1846200221047782
0.2735870462469997
2.151815966947692
2.208891145715583
2.1926686785308895
2.1807096961257937
2.1987110648744315
2.225191737722926
2.1797738197914045
1.2852338293352756
2.1623640999052345
2.1754825023284385
0.47119058940233904
2.1442321684248338
0.2884433355753074
0.20206849234897412
2.219762854930062
-0.1710145106746363
0.7236552683360462
2.1222079988250235
2.1998116814875024
2.197575010879331
0.46507098085306336
2.221850977741142
2.212434818996413
2.2004589578097606
2.2009857731998137
-0.1616152821290734
2.1495056567723596
1.123172709317788
2.2338175132795683
2.225097852299289
2.1803248727168425
0.7028642146274874
0.4689894453598067
0.2826999227343041
0.28869582090063306
-0.16223335249476137
2.2250358471769154
2.2423379283409917
2.176779348403718
0.1774806750300296
2.1673174926684906
0.593361853652024
2.1467944085277306
1.0043243469318262
2.1841668826104668
2.2272430907417355
0.27693423900393943
2.1808563864221715
1.0325441156536899
0.2804916841935591
1.035429149859429
2.1638385045947857
0.2776089954633556
0.28010140364061903
2.2253562184119335
2.194147889771392
2.1949942244670497
2.1878430955712513
2.205660407183645
0.40434748786215013
2.1331791982067836
2.1301241780895763
0.8281086412631674
2.151742281267145
2.200166283130268
2.2021976763850497
2.2249153185465733
1.2603614949487398
2.2051806558637237
2.2314018470772092
0.6479946197239929
0.22806571260858338
2.2285513372689465
2.215172532271466
2.1986729413337454
0.2810962292375608
1.2850462262786733
1.2620574366027526
1.22338565000753
0.9459282020317347
2.1930937516756117
2.1764182170543878
0.2814075490600898
2.219323305397226
2.15720413646391
0.2786034309078891
1.2251022064095827
2.204581079627781
1.0730356704000765
0.6340481731448736
0.9157070109801712
0.8037908030342961
2.149746490954597
2.1970985171125923
0.2699731299532302
2.1931120218970337
2.168979777620657
2.1830438637783574
0.2740136148209724
2.198348172113624
1.3080667977518328
2.1972565033100375
0.2848684130614596
2.190309262899254
0.6332862310608264
2.208634781828514
2.164847088302883
0.2879704617912838
2.1775607823499055
0.27920728627835795
0.2790855322046847
2.1920801826451894
2.1307400426106735
-0.20882047895539654
2.2153956052849852
0.26015494757180546
-0.16010302339466717
2.206735330738707
-0.16507615831804426
0.282928079857938
0.2816063224370674
2.1989518771469116
2.158069291287996
2.16198466001051
0.6253567150654498
2.1686406975872794
0.2828464631878752
0.5776641439494968
1.0058376495554395
-0.21101749303495987
2.171019748145153
0.2893798707803076
2.209888688542188
2.155312951042358
1.3382508765586234
2.167560502448515
2.2275236333695103
2.154674660821559
2.190449735497764
2.224625493831502
0.28658355787872275
0.276268607306953
2.191853825381856
2.166227898000178
0.28354163633713014
-0.16472306086146515
2.155928026535242
2.215713615309228
-0.16252257461499028
2.224985821769679
0.9441306184328779
2.1737709500749722
2.2173004764642066
2.2113049300185934
1.3351514371578463
0.2878338980683111
0.29279173573423123
2.1656137546679344
2.1959362297708376
1.2322244642049909
0.28826357316965573
2.1524053209863254
2.225201661691733
2.2293062720192367
0.6201894418318936
0.9465768280726675
2.1784987772723796
2.229401434295055
2.1936457998860512
2.1591372978212027
2.1152936573724173
2.1797589678611975
0.4809321003339929
0.44575645806921216
0.4764533143311665
2.195193871232876
2.1932603286173196
2.1611875754775394
2.1897604657186105
0.828348955246474
2.2263726572975804
2.178175396060419
1.053081837728366
2.1806220651286097
0.2878617936818838
2.183753738041058
0.9284540247382823
-0.1674274573475644
2.191883748836085
0.29065003848662563
0.18452870909699415
0.8105044762335523
0.2891943914658293
2.207463932425287
2.17599682761968
2.205633490752759
1.152361017701023
2.218841044021604
2.0896543450271077
0.2835110856688057
0.8040735497060962
2.1956771873122394
2.2301452406919395
-0.16061046182337158
2.1956672896603324
0.3106288925240665
0.2803204300945823
2.196618486499337
-0.16890213179380179
2.1610632929022024
2.202493183662081
2.193037073106037
2.1885532227123603
2.177874644294879
2.1605496349033184
0.7565869803483188
2.213031175880016
0.8862033859689288
2.1895332637904286
0.8348709923422384
0.2797532949402911
2.2101104330414643
0.28086728842363606
2.137677619708578
-0.149130247049645
2.2261039464358614
0.28700377327201476
2.2464078274976957
0.4490658057686691
0.2810375556957892
0.44160202389829945
2.1663838786458225
1.3050660851898326
2.2187357140349873
0.27814007351428355
2.151376066555767
0.2827739992202877
2.1877621921545414
2.0811752326017965
0.4476563566385727
-0.16905377263199567
0.2788849657073881
2.1949822358302153
2.2236530962151067
2.199916156805949
2.1891452946167673
2.205309234907651
2.192779203242722
2.154838519431496
2.1501081511569238
0.2900663282921805
2.228584709456102
2.16864392053334
2.178103241442453
0.2928455530574561
2.159107858648192
2.1665952340178016
2.1760736926977726
0.7308682011899125
0.29337325450403134
2.16077420033553
1.2628929312737425
0.8704941289659349
0.2822132922656776
0.28616049464358706
2.168529221412334
0.27516675821315156
2.204368518810647
0.281911454147883
0.451469982696313
0.28606046617028263
2.2080125473019296
0.8697869771451233
2.1821002025603775
2.2071620340250995
0.28647993858112897
0.9625053036751335
2.2034952008786606
2.1503500385582965
2.2146042281333
0.7978821949863519
2.2041228536299817
0.27572302306945107
2.187004428671125
0.2910658426194342
2.202426968268138
2.1757543727189006
2.1899516349678425
1.1719837212751105
0.2887619372761355
0.27707921131253027
2.2373619097061015
2.218056867987649
-0.16834381265585435
2.220235177303226
2.180387257866979
1.2970997844566459
2.196213593240957
2.2003072198945977
2.1908148480710006
2.185996472671068
2.1787674084880413
0.18030780362808108
2.2052798634612096
0.7890475470441054
2.179454125899047
2.1336489638962366
2.19282951346008
2.2103845153994124
-0.16380829273697273
2.1619442279618197
2.1850854882777098
2.1767573463925673
2.2004275946354204
0.27759392571658187
2.1909977606395277
2.206512477707475
1.2963966436259726
0.2848849192195369
2.2033546264163886
2.2029590907553565
2.190831103273214
0.5320439864285966
-0.16128682204614758
0.6153624123939561
2.163262320607766
0.283510328452159
0.7312295051911925
2.216313109610472
0.22202262114677596
2.1848103548290574
2.192989346490716
1.2384418226313634
2.188831218301504
2.20023248165807
2.1602529972707787
0.29213879540990345
2.169766028407465
2.156657930101658
-0.17322360551386273
0.2898222848521802
0.2810004447673439
-0.1741209934629704
2.158637113293197
2.228008719285969
2.1829211207165167
2.1624790972118526
2.2020507687042583
2.201447074839451
0.28899604405665186
1.2683585923772451
2.1716414720399833
0.2852713078802009
2.24122066920349
2.152665874752429
2.2002450361783286
0.28119257210970994
2.185039257975827
0.2870843034485249
2.1850792865337585
1.3357772585186694
2.1548872700435373
0.2816437172697196
0.5638842344460133
2.219590853802959
2.2075611464145632
0.45598139452690184
1.0294833602694065
2.1902035731457303
0.274911357161832
2.217051406135862
0.2794471925459714
0.7986549038859684
2.1700145319268267
2.2349237950338328
1.1792228568442322
2.19908598245713
2.188582141902701
0.2736171066352224
2.157690362232023
1.0400864448624478
2.211466290836836
0.5375380991667782
0.7730374964835018
2.1927964950201417
2.1513002501504745
2.1269369678600727
2.169614236617145
2.1842368487453
2.1948970328411006
0.4668801733609474
0.7999393055592168
2.1944344968832086
2.1891302245771795
2.1978798039477403
2.1937523121743396
2.1793006322750945
2.209453365949389
1.0150453451770152
1.178309692212126
2.1107372742700883
2.166346413308389
2.19249512036069
2.168769707044676
2.2270589512879475
2.188088706994705
2.218937481694216
2.195118194572702
2.1774316228073065
2.219589889741707
0.9225608111887758
1.268614961524319
1.3152792841354788
2.169996829111121
2.19719203080636
2.208677713056132
2.1503873203336936
2.1911940350981096
1.3291804578266762
2.1553083996194995
2.1558943719338464
2.176393580552906
0.4321938209255636
2.1642364425638076
2.1850255612538314
1.2746862293848757
2.154662989468335
2.1742901898538363
2.193064014795901
0.9462076583208594
1.2413276171882455
2.208658365925664
2.2139459005152107
2.173528089294723
0.6578943927592238
2.218239435433028
2.1687291777095528
1.0610613086890208
1.3105896623702986
2.1931468068169067
2.167448622300337
1.1544516947429548
2.1630685247458152
2.1864755048435933
2.1894823230139036
2.191620955342585
2.2198943180318986
2.220531496546813
2.1677384135399356
2.17338637736739
2.1424328646129887
2.1368461920281447
2.1682237837949163
2.2071547548578527
2.1953812950788096
1.3541833683234892
2.205579863200178
2.1697761314113397
2.1832766103830314
1.1489564350970796
2.196171779144963
2.1981179599505762
2.213298852391802
2.219564161000455
2.170920128867836
2.2169933818175966
2.1918981446594477
2.2131125625750396
2.1966347661095256
2.1724640249971516
2.219810419482089
2.1520726711509894
2.159218186115075
2.157310008268074
2.171677539415896
2.145231119893257
1.3049812004918382
2.1685846791385424
2.1854694936096424
2.1930755655188916
2.1782921019661523
2.1931956648424036
1.042170394584579
2.2015082986551517
2.1767996577041457
2.228973390570087
2.183003989134391
2.152821941062761
2.163518817332702
2.2189581760973556
2.1500079417791897
2.2217040944518747
2.2143699037397533
2.174578808857079
1.0122546365207714
2.2158271011330446
2.176407339673708
2.217163829751896
2.2116830602513255
2.1918046975276946
1.0516078895312304
2.1895548071111293
2.1852994726460877
2.1924152621171995
1.2971002291302776
1.2999333600896912
0.28643670782107894
2.145151420701935
2.175374355688179
1.153681095953795
2.1696376503602006
2.14820455370322
0.7942098059468254
2.1825423910039237
1.3274606558625397
2.1602693735115883
2.198678151694813
2.195774379975303
2.1691859261763966
2.198362727789997
2.2303622677451327
2.1800907400985974
2.1957996970147584
2.215624159907657
2.246647889416193
2.1920079344777426
0.287851782545924
2.200573726704713
2.188249932669587
2.2259833852613857
2.1853226939308437
2.168971360805228
2.144370926451077
2.0837613460568374
2.1939701501954465
2.2062776677194122
0.3643916264955728
-0.1605141732315214
1.3309248245263843
2.1902060852216887
2.2026181566655856
2.2134164676070016
2.1930301851006675
2.1855412494320667
2.1892762927471994
2.1711467711961876
0.1617303171193308
2.2016522028945684
2.210954714648138
2.1992326263419217
2.1762074637459965
2.1710511163321717
2.154221264761622
2.175317817310341
2.1817571269081784
2.251352788321718
1.343740910593186
2.1739475060174884
2.169690039517561
1.2733781169237133
2.131591813116624
1.191058574692829
0.2897965126920367
2.131530123841823
2.1469680615325997
2.2162887409180683
2.1787368798141116
2.1194046479094126
2.2201653828689762
2.11180499853349
1.1320431437752125
2.0942132514028016
1.22678001475748
2.16712461492727
0.7876814110928143
2.1799811733083443
1.186914586475429
1.2333456650619816
2.1581030869021465
2.1696173689604294
2.2247570776378356
0.2873862931569129
2.2210770119437506
2.173199268100751
2.1553743777341206
2.1433486189066793
2.1546082277151255
2.221781282733885
2.1461623290917835
2.193249937076006
2.190876832220031
2.1729395923408967
2.206245127152285
2.1524841544618165
2.168666745150651
1.122536152735411
2.1264152521271003
2.1992385847446334
2.2418425267558524
2.1574123360108866
2.167123072756646
2.225539859885321
2.2243575308730095
0.6090438594057229
2.1800480866198546
2.1658884845598045
2.169437808938926
2.15145845311619
0.456648731892728
0.732748368024961
2.207543820551506
1.1359730477228298
2.1836219973607394
2.189652005795529
2.197106588261175
2.161489998540035
2.174131259638668
0.2742614012017095
2.1447351585185617
2.1908469048817563
2.212920058363594
2.163245945856663
2.210651234308161
2.1816119693056386
2.188209600485888
2.179425698017454
2.2062271868165357
2.1528716581130816
2.2226004715387346
0.6503878202159041
2.150531223077188
2.162928272759789
0.7667885486142453
1.1266130298515709
-0.173361771494016
2.2258305016493316
2.1209439306083135
2.194460932660803
2.2066526161998308
-0.17420697913984384
-0.17394763727733248
-0.15756405611131052
2.165936503736865
2.1614608335323564
1.0450853741376882
2.2238568557476377
2.1689930279594494
0.3316114211674465
0.2876384869408225
2.212566710536051
1.1034575292613211
2.2207507256028096
2.2037464190029454
2.195756022082173
2.1924755036030734
-0.17392718200912227
0.28589822965880335
2.2310440584154625
2.189381270437017
2.15364141406787
2.1664396645798965
2.177769483933613
0.2542348964067184
2.166422489977546
2.2017617770134397
2.1633246667711337
1.2008389106269544
2.1950189742855635
2.1264500475616486
2.2110054449098584
2.1645397201760774
2.203192669574247
2.182396879401031
0.8025309236505078
2.197520763089749
2.2239871849964348
2.1885732310676866
2.2101225085249663
2.160862639002853
0.284523722442768
2.220851787771078
2.149698230941822
2.182900999348593
2.2374711729967407
2.207935561065181
1.123529820397013
2.186460512059406
2.186841758986525
2.2135847164220284
2.2297232145173185
0.28594770011188564
1.0462503194379134
0.28738765815230716
2.166833271357664
2.1894687095710488
2.1213214400578293
2.184431304604709
0.2912135000391247
2.142799956923514
2.172610323646556
2.19993182637009
2.159347990362116
0.27851972662160746
2.1860110585162507
2.1849335767157565
2.134614488201643
2.193176602977568
2.169529473439841
2.220438137645197
2.1621794735862703
2.209611640030082
2.1604280843188723
2.1561359901073676
2.1837335637586492
1.0535330514446288
0.629182773253983
2.230503135910266
2.2247276280050627
1.0073482132955152
2.2019690935627168
2.207091741841343
0.2879701902286662
0.283815060752975
1.0486226690348537
0.2872319814878987
1.1872236669506002
1.3232704869855396
2.1946542671835667
0.29082213555880826
2.1897936349650076
2.2193973250832424
2.172802222553141
2.174355817823548
2.188224251077857
1.141468469862674
2.166485156640898
2.167332276261289
0.3861915882414476
0.8727091505700337
2.207572464128659
0.44482075141497557
2.2066496211523754
2.243288288767757
2.197941675853472
0.48534566196570206
2.1781681430777935
2.1998823528234857
2.2081415795212296
0.43822771659646054
2.203623971678446
2.168804507357345
2.2161763206031937
2.2357436144403926
2.1899142852445177
2.1639044777950596
0.7857438920146027
0.2897556415902157
-0.1688125213298537
0.2809385380944591
0.27183833019315495
0.2872701444907242
1.1717755791841848
0.27482506974134924
0.27784225388256556
2.2033905367414928
0.283523051654914
2.197516524710714
0.704086521617599
0.28443820726498303
0.4922432449713574
2.1788337922631773
2.1970801009792433
2.1964119552400354
2.177104973954985
0.27861505905859935
2.1953776572688675
2.185673437297793
0.8625775708955483
2.1486466848358696
2.2224587844244703
0.27747427933674285
2.21798405996773
2.178216721428817
2.2324679368183356
2.1764006121508137
1.0093404396501018
0.27947278402219455
2.1621057889751634
2.188884573448686
2.1851594814029704
2.191442487986815
0.3638677022365897
2.177716508621728
0.2774570003629585
0.6208348644307421
1.2944609305376586
0.2931416825049886
0.27571653398978696
0.27810564352845074
2.253570439593176
2.2259748226682947
-0.16196728583786987
2.2133838239986705
2.176260098468001
2.2040382094359083
2.1733852481634974
2.1747514890997346
2.1791126328967465
2.184948801178491
2.1916694367209173
2.1948372210561313
2.188253425021415
2.1722602569244462
0.2887489430849272
2.1834623433502447
0.1679071097718513
2.183158313554719
2.1799122656040337
0.28556587092767627
2.2221848373950364
0.7825992573406284
2.1860652010603814
2.1967889392881963
0.96507213449914
1.3214146783950111
2.1697365439891234
0.5848504404860033
0.27522526625929156
0.2798850179640161
1.1504778866906271
2.1968415154095093
2.1331753107685794
2.149269367350546
2.168790346107473
2.1714125666443618
0.7648877195211694
0.6676631960185991
2.2108242644653524
0.2848128508678995
2.175560531754775
0.28801131845089456
2.199785241804512
1.2659034475221487
2.186465154368616
0.5084056053701269
2.1734198698276135
0.29174388919127164
1.2141876713711948
2.1639289510077013
2.1818430445355865
2.2349383350370293
2.1965212918175387
2.2243540154118415
2.1913157207115392
2.1666146473016545
0.600990313387867
0.2805952699965451
1.2743276346033936
2.199584899542332
2.2023017702482446
2.1595113312654597
0.45434355409784405
2.1666169723479887
2.1700473469207404
2.2098654867483
0.00013150294485192449
0.2539293473022473
0.6230471965415469
-0.17565981731659355
2.1977187907209426
2.1486834399118706
-0.16684749092661838
1.243133628221813
2.165186441676199
2.2038374053063152
2.2037075667087387
2.184653985752987
2.1712361344477813
2.224793216409028
0.17771126409543292
2.17258687025706
2.1303219001367673
2.198490111849505
1.3203831065671507
2.1835506578908426
0.7100871538874932
2.22573867438164
1.0905042434186374
2.1941692154796457
2.2156549039853997
2.1906774375038927
2.1624079760120356
2.158478990682398
2.2092216221584815
2.171571466099666
2.1548521088364927
2.1408346422372553
2.1867771730437555
2.1699187201341523
1.2262960396078997
2.1952183265323875
2.158693120814717
2.20004179593487
2.230073205600631
0.49897720297252307
0.9831747066204551
2.2435448524582906
2.1830856406570613
0.5334898221963498
2.2040101639812617
2.1675062935244913
2.1992285750027696
1.364489705680638
2.1283206836058137
2.214214796566716
2.1526988142248573
2.1962428663728524
2.171519066527148
2.2075665951929944
2.216940769802767
1.3115036436388294
2.2086000714338816
0.6074085710035012
2.1618263805678666
2.20714387298689
1.2736144482662017
1.2944299907040233
2.23353962974224
2.1912818746286984
2.1548977937206564
2.218282994714502
1.0824370090485416
0.063384468147626
2.241895559759481
2.1927742776832426
2.17732603935183
2.170407573595565
2.166452876800701
1.3320387559792897
2.1980761580914514
2.1910591481134674
2.232959146057099
2.1908818230984024
2.212196113230244
2.16276833059948
2.199333491988691
2.1878141277772585
2.1899830286090785
2.193344218415144
2.1862515859020646
-0.30870215378365107
2.245283327712751
1.0574068977288218
2.20236273826733
2.2247281418624922
2.1611338833134788
1.2978922832006923
1.2638993741452489
2.120679456335533
2.159921776194926
2.177054739192446
2.189823461614481
2.173590363728953
2.1842766923605472
2.171928324016135
2.164888185889422
2.1995093723057364
2.221147180772303
0.7510560927644214
2.2193689805823014
2.220812871997975
2.191479366008191
2.175851874420267
2.19193035103372
2.2111379411042487
2.216488400156293
1.1358115979070846
2.2440433864354903
2.1478567774143915
2.2027910104030974
2.1425945958839163
2.2523996687078007
2.1723066793557395
2.176578907586925
2.206697522866201
2.1907802463874324
2.213810215217215
2.165473343805048
2.2225985535813204
2.150494402389908
2.2042210215284195
2.195017475842912
2.2303281512362556
2.1313530658531663
2.1859364007873223
2.1947414433664147
2.2147045816844755
2.2067484965137507
2.1433220566027114
2.2126578989710217
0.6493240987390977
2.181739179453591
2.2370971300003144
2.1486177524628456
2.2030224474228985
2.179000060727528
0.11991390837349303
2.225682437015336
1.1536986471994533
2.1771255574906716
2.1457350263763386
2.1793438442058117
2.1628834129670658
2.1556925708213104
1.3068908701032507
2.1792332167991706
2.1951317316053567
2.208152446997443
0.34034298815183034
2.1468163156302262
2.1933321286997165
2.1690611239160367
2.1137770236846016
2.1712379540196016
2.1540900552258266
2.155339446208732
2.1927614210779516
2.1990780666987724
2.21162282582633
2.2110056350182936
2.200504284653805
1.2555114659291242
2.2090665574207096
2.154720862530307
0.45010500276964394
0.019958758142357813
2.185829732269313
2.1672765054015395
2.2124477691581035
2.190070784137304
0.9099390676316359
2.152836823579962
2.197593415907881
2.1885140040012896
2.191397621323901
2.162700434093054
2.2165675762617445
1.1433408472822149
2.1880995682260274
2.178302790213427
0.8871632493993088
2.2333495864207142
2.209744045241248
0.29108117651701615
2.1812287431947146
2.2243152625039375
2.2232328937811476
2.21440011183964
1.3110533811020317
2.2164991823478846
1.0114286036493974
2.1744065797907624
1.2748554195949422
2.170484935903786
2.1728523691017116
2.2112330580518686
2.192688958570768
2.1619054505629167
2.215859236182596
2.181652602491809
1.1302408509765767
2.192131144488835
2.2079795043822203
2.1653698400992614
2.2291659466229525
2.1790819804473243
2.1599261433178474
2.1964863628226983
1.2458348642050499
2.219883020518236
2.210256326201832
2.1998596319610195
2.1674744360262928
2.150038380931475
2.202679527776909
2.1877543685043532
2.196634718876799
2.1980968191249897
2.1795288538151767
2.164942753529692
0.9081083890227888
2.172919605766011
2.1715226480644603
2.2257400232831994
2.206687656762558
0.9604751996741486
1.3306164195559236
2.186877940191519
2.211012894594842
2.21029204035006
2.209681547707481
0.2858567737110818
2.203641184792754
2.232473746722813
2.217233613019614
2.2174038515671084
2.1598103460459894
2.2195739295946337
2.138414212968615
0.7576730407981219
2.183744721917198
2.1987263128514614
2.2065798160637637
2.1597225704217338
2.2327653225693753
2.231743924992225
2.1550689125063753
2.166427023017849
2.1776611641519388
0.06867727315956162
2.1785442905797208
2.1914622484530177
2.147229761874891
2.1606602739700866
2.163276454841089
2.1841686016509088
1.0088092223528105
0.9116706450148971
2.1719248598002583
2.159512284352897
0.9444306062730224
0.292251124903447
2.171392304872367
0.7836361992766949
2.192815622855039
2.2261425234968333
2.1602221171758185
2.2120515420856717
2.2334706904405133
2.235935670155574
2.2464361852796975
2.2221511177368667
2.181556488547434
2.199225685052374
2.16249697282843
2.202831945081468
2.2351347520277165
1.256827104074762
2.2217818671208116
0.27837886712842796
1.2897781987957193
2.211235132240468
2.1730654335714794
2.1426940852315086
2.1873489939875568
2.177097478202646
2.156278408934841
-0.21686323174902783
2.1681674669914894
2.1766005458701816
0.7170456185012994
2.2030335742761054
0.9240685155610229
2.155976805897864
2.1784316823374215
2.15320021560016
2.1972924556600404
2.1796921488561365
2.2094896564008777
0.27984029640050867
2.1766475616742866
2.187318616823985
2.1783340770397857
1.363750001511838
2.1687268984006063
2.1905392070105885
1.1472631809642955
2.1926637773792086
2.1799671755271675
0.4725824812866505
2.163279456771968
1.2849263678189502
2.15907375388773
2.189584574327677
2.2182011164870814
2.2245469846993293
0.16899628085154111
1.3583874453420048
2.166625300251709
2.232451576114853
0.8141047408970946
1.0318881797195996
2.19326564404215
2.2138190808328515
0.585268950360672
2.230334551943731
2.1560359786737444
0.12350074961720414
2.166234224365957
1.3166517832156204
2.1981634283195355
2.2015477713240794
2.1854343162840912
1.1506822709816988
2.196933393874496
2.1672304770848454
1.3345128753095001
0.6441519281636455
2.190876712116057
2.179151535482207
2.1887980135124985
2.1939246485317283
0.28464315038377475
2.209948873689201
1.1559682673445915
2.204810431296997
2.184200789634284
2.1643349565607544
2.1617267263579554
2.156198452277053
2.130721559301515
2.160253866944295
0.7856511653837688
0.27622334105034313
1.1237639419746197
0.24442308974303578
2.207543874956093
2.176099354325947
0.28600465400824904
2.1470748778203337
2.2001587373602014
2.233311186865051
0.44362490806361393
0.27854893580909257
2.1777841315168085
0.2801365774125846
2.1614787396627864
1.3162336587683225
1.247168056062088
2.184490587462826
1.139619749270619
2.14660094638894
2.2054210362773357
2.167824733600039
1.3002187982690439
2.2203663230260773
0.28371453792995843
2.208949463452914
0.9471055170934284
-0.1586549031623628
2.171124582299119
2.220727104737063
0.699079195305738
0.2811839749005374
2.1739521751482096
2.203654981199535
2.164722089034748
2.183490184993233
1.1610143915568576
2.2032883533750773
2.2238779811732776
2.2309996951176023
1.0346580890562318
2.214659419431752
2.193491163275687
2.1811562183351754
1.1416149061796863
2.150923228490962
2.226536585103866
2.1501799245900455
1.1130974981402408
2.179943530308628
2.2039705229248368
2.1937429667911807
2.179153039009422
0.9807907714882158
2.1443623457134446
2.2598365123925657
2.2287502929576775
2.157055141714557
2.202619596047672
2.236648140779307
0.89792377256159
2.198585898959907
0.6153487072349996
2.2120957516380244
-0.059684815806743924
0.28169519589583647
0.403854366246835
2.1672226115507147
2.163417481493642
0.22862811242312941
2.1924147084160266
2.1557982451133118
2.1983663387882837
2.2012984230859423
-0.1579320624784788
2.1318026396876677
-0.16835599107396948
2.195793371826578
-0.21785362741890427
-0.22421555947528118
1.3077934238028008
2.1025826201073774
0.45896228167958036
2.20880508338505
2.1931027775710947
2.246451566896274
2.184847590726016
2.1297958127753125
2.1911271640700125
0.7383160128881812
2.1607297984741907
2.1689927001356857
2.145069965185871
0.44861615439346836
1.3439157472433576
2.1904991765434723
0.2842973369081936
2.1604092757208995
2.1844058015527623
-0.0762852089517001
0.9793616237733078
2.212669840767621
0.0009066805025296776
2.1553472101516586
2.1511621695656613
0.27796121147426167
2.1614926650398187
2.1921350400432162
2.174239158829562
2.170160613083845
2.179695255982851
2.16630870794125
2.1901998419144695
2.1991073767410763
1.306984682574337
2.1765950958900295
0.27927746701878386
2.2038536311606034
0.969918527546679
0.2909512622355108
2.212563624853466
2.1756914579658746
-0.172858425854289
2.198814479186509
2.1574873177601868
0.45984470785732373
2.201118427896149
2.1925816316826277
2.1672931325216322
2.2004414861920676
0.272380314275012
2.1799601672095443
2.2234945889909827
2.173341266508378
1.3405253134347854
2.1621092334079277
1.2657495592636752
0.28491667020300726
0.27966216896141943
2.1559399586852575
1.3040467404836356
-0.17392179304282437
2.1992810841915844
2.221592994597714
0.2779643778126078
1.0398111180456737
2.1387595490600453
0.27686414154324257
0.27807299002290276
2.1445235797185624
2.2042216444042575
2.2233812170244267
0.2823565403246451
0.2908861405513956
2.183490106114544
2.1896395266133837
2.237799178788009
2.170551437517156
2.1715419002918512
0.7855276124318628
1.3202091249939465
2.155948324720807
2.173622474925203
2.1688335675998207
2.1651058566632067
2.1735848159103126
2.152025408542479
0.8971968298125372
2.180733755682196
1.3351712938279898
2.1957792511599505
2.1441805627518677
2.181515912742951
2.1735851547027387
0.6338077939579283
2.1966763716722344
2.235207039406688
1.3102220151309214
2.2049203946733194
2.224493096950158
2.1805935562792613
2.1692845210980716
0.22203252073887586
2.165029749328965
1.2790005406189138
2.1710898573307325
2.1728862060422713
2.1649813716188246
2.178231574248765
2.1892670927907956
2.1861813635434455
2.206300628852027
1.1080941101082735
2.153031066605284
2.213805764516515
2.223193052957607
2.184555812090302
2.220535862722698
2.200083032088865
2.141026775501616
2.2352944834380786
2.145425884486612
2.1673909130849855
2.1902211112502536
2.205418927397714
2.165881319325938
2.148201367935581
2.2328345850102354
2.228357233396567
2.169408392673346
2.1931135134342723
2.188568811701496
-0.027582722883323363
2.2020626205510645
1.171974282523228
2.1268105353841604
2.179530512439464
2.219964834821183
2.1630806314562627
2.205832976183993
1.2894304427463956
2.1632614755689223
2.196825491755183
2.205117757066038
0.9370818583793711
2.185397205795417
2.1568453393311353
2.1959104149104975
1.3419716151179588
2.153117607774931
2.1053884714709166
2.202302691304541
2.137749754232536
2.1814982703906916
2.15877224889213
2.169516494794344
2.187333079820384
0.9852825770826064
2.17272790360739
2.196053964903339
2.2253770097994474
2.21302884169084
2.2081515146967545
2.1946095706666906
2.2259311851432435
2.179339186489032
2.215771827527128
2.217115487676806
1.0020397683244031
2.2306433319595884
2.201095970155013
2.175362149048503
2.2161845341261253
2.182034104150932
-0.16292849212068736
2.185735282331982
2.1962067921621946
2.141926964954032
2.1572379816809626
2.119476713244033
-0.18524708676233323
0.8631674810131413
2.183403708012129
0.9560304211769419
2.205792284280921
2.1960167905099923
2.2056035300973793
0.6399936218831054
2.1307539181821857
2.139931872044528
2.2405964407398224
2.222136287616033
1.22274030653815
2.1988497596461194
2.237493930819628
1.1850767659797266
2.152618779610484
2.1841580383949752
2.2060016641536055
0.9603089862162489
2.2407467212383465
2.1990948796102874
0.5771406578397594
2.156078483989882
2.2100101344829333
1.1027888136094661
2.1926434992229615
2.166055421576625
2.1940364738266784
2.19114061722862
2.179924302480236
2.2046820120149633
2.2174616952961284
2.173985671770602
2.1742180279798173
2.1707823627647613
2.1723870302709316
2.219102287140177
2.198813298551138
2.1826758412901293
2.1859650117479736
0.43966986706830513
1.0983459996009188
2.1688513757156347
2.1719433734591718
2.185144115628228
0.6373103402520799
2.1467246209923
2.197609136082777
2.1852711652324945
2.1323355770583694
2.193757974917818
2.2176291210485313
2.1639035616490205
2.1361695183035625
2.1930051379199864
2.1510644635722667
2.1745883915437307
-0.170884585626726
0.2898271936145099
2.1751954288685127
2.1860434413811944
0.2929142267015991
2.1662040204639768
2.2085965362472044
2.1671468340708353
2.2279220112309286
2.23855865895424
0.5733942688952554
2.1900087392601733
2.198696520681223
2.163307285312345
2.1165179817712785
2.209710143112262
2.240618924358449
2.163776181052773
2.2058110341998063
2.1615874302154516
2.176753509454555
1.3159686075688466
2.236953253412892
2.2041821189561226
2.2243116960592353
2.2148707322430403
2.2300398151928222
2.200127823189821
0.9574382651053999
2.1532064924218326
2.1494129292424216
2.1736294179041016
2.1811295636944505
0.9377388852335491
0.385996820073975
2.1786040087860363
2.2233495930459135
2.1974207258157055
2.1832097169629154
2.2035409388908276
0.8020517245552727
2.195856841534781
2.2272417933350575
2.163291948583171
2.1912161845758718
2.2040404402214655
2.178137139501895
2.237308707598567
2.168301019534286
2.236963521654303
2.1568074816020673
0.2945317923944647
2.161323693020657
0.2897270264950007
2.166744483936765
2.1250955295403235
2.223116097146115
2.172651439024589
2.1689882673682765
2.2369089544525416
2.1851878822598847
2.2243934604449573
2.135010278507135
2.211778579207854
1.0823923032792462
2.2331657817734722
2.229623730171471
2.211344920394392
2.157975715931249
2.198641056831889
2.1464012453726102
2.1470144217715275
2.1744852679399145
2.185356040039922
0.2756643318365006
2.195056663099959
2.1196586818430863
2.1235650637712844
2.205257670991755
1.2483173710347455
0.1838807412694684
2.1688299223458944
2.195625214225001
2.1859585344693473
2.1892539044606893
2.1868662076162417
1.2615791823194207
2.2127477825431168
0.4609549035666421
2.166693833593635
2.1631881105066526
2.16360803645124
0.8526214241395206
2.2015744723400426
2.195154691711533
0.2934550285673009
0.27455599769890837
2.227038577794597
0.3739627592424283
2.173156056291326
2.188432679167548
2.1734633589461723
2.21131357940265
2.2039317422413056
0.9940159899884757
2.2392274735011997
0.6648386753949425
2.1885634194075285
2.2030611491258423
0.454597451253551
2.229601833401597
2.205872425474646
2.2113468578205566
2.1880588741050557
2.2117817592416387
2.234782164130321
2.1875790903297947
2.1954214478275316
1.2343923019842649
2.199603592969011
2.257801644096348
2.2312264036821547
2.221908006665902
2.181677634073912
2.1885509482981744
2.172366691290243
2.1919104272177754
2.219065932345892
2.230225725514949
2.2167684403296195
2.1945608548110864
2.2274815816311113
2.216988223796565
2.1692100305893662
2.187354185925126
2.1900411544531995
0.6101381887379876
2.1642850525849804
2.232155387443459
2.2080680500908287
2.177521957127544
2.2319979564139767
2.1883394958008138
0.28989182192522595
2.189854425946442
2.230868102588262
2.219063141989838
2.2488673451473526
2.2149638850340208
2.210482932740705
2.18448152476041
2.2143211835749477
2.240931834970209
0.9736233200292987
2.188095080461175
0.45664036176333317
2.198754162219525
0.9738493247312746
2.201189120661036
2.209877712664589
2.1846648254310246
2.214504794278109
2.1522169075681425
2.2241195621308494
1.1353327217769082
2.157868973169939
-0.1395778235133004
2.206599445027954
2.2058010046288405
-0.12639838795900238
2.2418927851381985
2.1749219728118243
2.2072063955716197
2.2347147096301123
0.01595379382917561
2.2150698328259786
2.191307473325716
0.2932360129724826
2.2148704980916003
1.255957715145862
2.213102107438169
2.174672227241357
2.191487628536773
0.46758149323520093
2.2356061329258736
2.1973107616959133
2.2204125079715173
2.212813144735768
2.214158079280595
2.1741351850470787
2.2202394761204927
1.0589061610335668
2.192663856507468
0.2918512273722531
2.201773793024521
2.222776931907575
0.8018812079290425
2.2517842675362614
2.2118940577033652
1.3475690295474816
2.2479845819595567
1.1747958724605285
0.14276331990023294
0.46113193556355814
2.2406315657454297
-0.16912080495965082
2.24114040668501
2.224908948939545
-0.1740339818207666
2.226924941320894
2.251020997965877
0.2987542994428385
2.2321454872885327
2.2110507415314835
2.1742544035376894
2.1898694179942773
2.230559658979223
2.224976418559675
2.248546821395691
2.198527995521959
2.2040466338817
2.2170428330021563
2.23524110754524
0.8030318160407761
2.1766977771846845
2.2069131314210613
0.2828619763903645
2.2240579326385754
2.240149430769982
2.229491785055159
2.2289742136882436
2.2396253110365087
0.28659406723957215
1.3231226474522255
1.306928823477462
1.3062156213359097
2.211539268967602
2.2318524086358615
2.1786910424742727
2.202365768728815
2.2074544484585217
2.2211659018506937
2.157331313746962
0.9408644611285191
-0.15965644007005855
0.6352699722940981
2.2361641848012086
2.231768093890868
2.2592405698319684
0.8128325755355393
2.183237753915386
2.211731255566245
0.45255936814925274
0.8227219361219351
2.185437389757345
2.2392450352803097
2.1820392964243003
2.235914628112835
2.2082763748415495
2.2165406325531842
0.029576375526638415
1.306217628229834
2.180371487866122
2.212353862966224
2.2289147485143697
2.2299333254515936
2.2389557780423193
0.2286928216214452
2.2117797152838503
-0.25449719245908053
2.1987313242152675
2.1840881880592438
2.1723853916564684
2.2399222043168945
2.2127661562200505
1.1505267471745495
2.2197206542625887
2.206507932370922
0.2852013636565497
2.190646852094923
2.211304168948149
2.2313620674419057
1.3885072336670243
2.223956321523546
2.194337570384876
2.1867766355580196
2.256851693429608
2.220281069409149
2.2214862123278456
2.1883987952507575
0.5384873542723536
2.2054824610455226
2.2356581659498644
2.236945073858257
0.29306977204820117
2.206139733967704
2.234576432846989
2.25309575692389
2.162909814793186
2.2382583472184523
2.187445071191547
2.1833593576997052
2.219433215467792
2.195727763481622
2.2096224472851222
2.196300729979977
1.1080597650890127
0.6479928904769802
2.22424136358383
2.167501413614115
0.3081409029473407
2.1938387492639877
2.2118899427342233
2.1977778417889775
2.2177666040906123
2.1850573528577804
2.1704234130112425
2.200198678598226
2.179095823354046
2.2061649367745755
0.29114512074979526
2.2151731038179854
0.9502591480671203
2.1639504601957436
2.1944677992439474
2.247305347837999
2.2141233182177924
0.3982277550669112
2.236520983523305
1.1266827590580912
-0.1633572478807522
2.120765524497422
2.1927131245112195
2.1965098629062974
2.2059950864758475
2.2487609133535966
2.208694072167156
2.251131942590673
2.2371446874186596
2.181074534797647
2.2038637189923818
2.2116974685416926
2.2048109639901163
2.1940952199737853
0.7837110443248336
2.1835280051223647
2.2206509152886977
2.1796676719639896
2.215213331986264
2.244616592690827
1.3638389438926697
2.205581973180852
2.204094692770931
2.1945480104426176
2.1917372505217325
2.1793444595495455
1.153327732167286
1.2456604451073165
2.2312444689462705
2.2548712989306168
2.2079238491192674
2.227457292934317
2.2149891965817154
0.7334852526193294
2.199095311604019
2.2025498541095154
0.008643524150295484
2.2255465669385726
2.192892708754367
2.2247266005963766
2.2097008740207906
0.5039151940481585
2.2360345234556367
2.230161281408333
2.2154894511626075
0.8893559978692049
2.2063531966097973
2.2389529822218837
2.201951290718566
2.1468499578271145
2.2122583036073067
2.208667822981219
2.190029152445552
1.299352149449465
2.1890563211405603
1.0601196965805548
2.211893657121692
2.178544093701396
0.9573734909584272
0.9483479708168843
2.2002243933465464
1.2628495264667357
2.2252368839363577
2.209936677839104
1.1824716981754444
2.216859979606923
2.1859979098851854
2.193825635997227
2.186683510453652
2.2284965339340146
2.1685342464230466
2.2373528704360957
2.2174660171838516
0.9828057114041742
2.23736247996654
2.243498230896722
2.151954238625397
2.1641679281091166
2.224277091944911
2.1368569767236303
2.2184424646132497
2.2148168992984694
2.1785381092569343
1.1709160884293452
2.2336330186178284
2.242060277654341
2.2407408566671414
2.196876704142554
2.169976845469365
2.236389905302908
2.246183011273456
2.2321569584492
2.227919964712301
2.208203825176244
2.19690487003989
2.160687858287244
0.820657524118818
2.228890172511325
2.194470099640526
2.1620681220441877
2.2328681406311053
1.194077017526908
2.207538432907944
2.250354232821028
2.1687980317996196
2.2361580938393026
2.1993741070427344
2.200793112936946
2.2288909081267803
2.245136012518659
1.1558476452738942
2.2127115486435387
2.12609621213584
2.2367776537464965
2.220374785694375
2.1497647675870404
2.2273714097992667
2.204672255122153
2.176580844239905
2.1922383555715874
0.6548195636217633
1.3058839444294468
2.184348725898139
2.215569647361693
2.209555801193897
2.194330680304084
2.210600908655765
1.3158575426291566
2.1530471281012327
0.2846122487247678
2.229206300930449
2.2250314032526193
2.231970239727387
2.229012999410802
2.2016777729079275
0.9908492316306179
2.20683887571864
2.175156475735458
2.2372245601285563
0.6218567608162185
2.2096418523439243
2.2468699224055606
2.1544034330303217
2.220060131287427
2.237965622880436
2.200894274932816
2.2348455914500014
2.225842595333601
2.2197319392137085
2.262049266530678
2.189084708741884
2.22516424796859
2.2400219438054925
-0.15737518161706396
2.2308017542630383
2.1821394310165583
2.2141461152430497
2.1972655225625886
2.23483333680437
2.1854654344519684
2.1721255468151703
2.2260911295394497
2.2207224526705605
1.1904654435760427
2.2055738051320395
2.1884339049424204
2.2360613998796866
2.254798851419573
2.2269389224691487
2.223727963153829
2.227786845567924
2.187218778673133
2.1836542490274145
2.1927283821923043
2.1740163967397974
2.1822864800518467
2.2483603068168314
2.1943427932382096
2.188349315896554
2.2128416673267193
2.239093985276549
2.1940205794603043
2.2213589141089054
2.2089692142454083
2.1930717878187496
2.1687000594191153
2.225074262284378
2.209335197602618
2.24330995775853
2.1977768561134052
2.2194369185162937
2.2089680354835965
2.2147581821138482
2.2347947468028435
2.235421487028773
1.1306826164657147
2.219056249424745
2.203993594688826
2.207410501233414
2.1897068920955878
2.1739387828565806
2.2436152665515534
2.2299212222341294
2.188470660658518
2.176097029693728
2.237358842813995
0.5709003892845351
2.2408173675329657
1.3329120495033333
2.2144858746669143
2.234588817846938
2.207114540637056
2.183068004795088
2.1952548225601265
0.37580313271131777
2.2297241827569954
2.230211623794738
2.2132031546601896
2.197419216939
2.2117690090037536
2.21923158225219
0.9516686807182888
2.2394183380178845
0.7834051997463356
2.1243053038812594
2.195805629887621
2.1902735887468765
2.253375339681638
2.19067516247728
2.1956994857394028
2.2356899512820387
2.20130899405859
1.1798382294947072
2.190794615624683
2.2155567136031573
1.3187402531593784
2.211228521116245
2.209435036095675
2.203449856572436
2.219877137111633
1.3310903179238496
2.192669055376629
2.173118982493046
0.8560081851793835
2.1768503814407527
1.1731514927375164
2.2107854309304473
2.2072941748640678
2.2078669970181557
2.184508080607912
2.216555377694241
2.191886869485713
2.1875014082964563
2.212465734367722
2.2538664587262915
2.1756410013812766
1.1710933688914191
2.1615724200597892
2.215094282467172
2.2104908922919897
2.2082978233956165
2.2101630627349054
1.250850316499459
2.2153231862598908
2.1857178968809565
2.183841572322561
2.2172702671342654
2.153915830576102
1.1133004792848515
2.200998135639324
-0.08032143730521407
2.232485377423202
1.3401148857873961
2.2628230882426155
2.2162002317201415
2.177862507191206
2.238400700548914
2.2653194929360354
2.2247492853239987
2.239993899288873
2.236692049674742
2.23689134238338
2.245588964153993
2.183922768070657
2.1908455072723383
2.2451316520196114
2.195501115684649
2.2040602385296326
2.235071883710404
2.20160282414574
2.1854245580372176
2.230087310734796
2.2125490640049885
2.207566790410021
2.1990497533868627
2.2158645884226114
2.198979692269173
2.2119529182109794
2.1835185371536117
2.17695388735119
2.226132688839134
2.2272138718634498
2.221499888030643
0.8097778964142665
-0.03512262518517739
0.29283094664688886
2.1756533167172853
2.214654776878388
0.9447379560476876
2.1585634303575625
2.2114219278289564
1.358995196194709
2.2512101355678813
2.2051880373570056
0.2938598187105137
2.1962749144519793
2.1991837978984767
2.1841506604099834
2.1683154995260345
-0.1553338498238757
2.209283448588983
2.2509351934602644
2.209402763083524
2.200928783830161
2.2030670100695215
0.7753084117047868
2.206376528670221
2.113862471768573
1.0678118617625976
2.2144291519845978
2.2339610052365426
2.2514324609537866
2.173011482674606
2.2413560673803503
2.231864255139697
2.207390648223032
2.2152528345507916
2.1726958726981542
2.1802040778208847
2.217535777420254
2.239441129886005
2.2276203437109
2.186201713008459
2.2253293448301275
2.2121008401030755
2.171132311818024
2.214878288342589
2.2472244448526726
2.215509376689324
2.238964558071732
2.1516912534996417
2.1981792841603216
2.229184526811301
2.238060182714272
2.183168011927709
2.2121149585828896
2.220619951922054
2.212069600506144
2.200656045459532
2.1780916317852195
2.2487507868767667
2.214905811527804
2.256201205339959
2.1894433232038706
2.218882706762779
2.2268541833525184
2.137952509295343
2.207351678430692
0.601121314524068
1.0685186043677914
2.1727082728024634
0.9629146721257223
2.200256488577273
2.2413969591934766
1.0882177513664775
2.218106656282109
2.1902833039932155
2.225188476194816
0.29362058167208993
2.20811006483036
2.217347169470668
2.2425356959035607
2.218340426296244
2.201591635211731
2.246864204759022
2.2201961101142595
2.2233911353537157
2.208676675057389
2.2200620141192107
2.2038299142090754
2.222664527619581
2.185785953596762
2.2021463481927026
2.18048189464625
1.2797026642865308
2.206448718420048
2.224932792258981
0.6808475407479475
0.2856932298861583
2.192581157857399
2.2064790576168765
2.2263233837378587
2.262669455649479
2.231759599384599
2.200548691520745
2.225318985004175
2.2151911605719796
2.2400774696468075
2.2456523394925614
-0.20988303821323118
2.235301817852127
2.2513177338907213
-0.15748097323875954
2.227775071626109
2.1997400232547424
2.2012922185317265
0.2882172081789399
2.203073153092107
2.21431727268913
0.9813129099278315
0.28554813778207144
0.9702575389672372
-0.16695833955272263
2.173688986805568
2.2228177658189225
2.1812062704602138
2.182790824054634
2.21506724026884
2.24441666404561
2.1929524204693362
2.2169560055976394
2.2051616503856066
0.28033305725450963
2.2067208496117416
0.5645668975823244
1.3425509026952573
0.4573863092722717
0.46013655104916623
0.8209377273186673
0.2801019731111499
2.1781944318050317
2.2339260127683147
2.1902767669297143
2.2094481649126787
2.264867514357632
2.2515995711616736
1.1507167980351345
2.172743225137145
2.1861488963945437
2.2073918522363507
2.2230558827213627
2.2177405198984133
0.4283752884767065
2.2363847313147422
0.28911482833192514
2.1834838881444796
0.29205158330170194
2.1891208274653455
0.4548091338013431
1.2387109193803638
2.192877243588141
0.4100990024878
2.2261726960162855
2.17512268396899
2.1970105586581017
2.191689850071231
2.244243043740968
2.1566475987931506
2.219015381512222
1.313163263000771
2.241806145542337
1.1760988186926564
2.2368072216455657
2.2009146904120946
1.3180724383101394
2.2157968613380685
2.168365772335434
2.195451457065075
2.183140240567907
2.1970291906681574
2.2058641801902734
2.2178800735707194
2.1812908740153247
2.159788234089717
2.191176230687641
2.2187284571250343
2.2018139529347485
2.160349270578807
2.2161777791766264
2.208184489427786
2.20025203142588
2.1955063693233887
2.152964744451917
2.215263373076654
0.8081347393749773
0.5443719378248779
2.160791676109236
1.3001078481491473
2.1903261758905685
-0.18021977878371556
2.2527590025567017
2.231131599766882
2.209321946747031
2.185500795569542
1.1876183367730795
2.1785482034706254
2.2059379195402182
1.3223852562166867
2.1766074664239192
2.2163586154558264
2.2151239848289843
2.23582655245834
2.127200015786477
2.1890987875957126
2.1859188646064145
2.214837506207103
2.214499242627931
2.1468807744846865
2.2352562589506864
2.2052412397595336
0.8347298687823965
2.2391060076453466
2.2309870763298676
2.206949161747098
2.225721439177298
2.1831540146484785
2.1666094590195453
2.1932583831873624
2.1864442615920607
1.0293058641275448
2.194818316235066
2.2351445315822547
2.185137501806517
2.200911243862337
2.1943737257456406
2.2175897845467905
2.174371449334807
2.207099052206567
1.0223809763995817
2.2042125879937196
1.3397676267078436
2.2310662242738015
0.5954661176734681
2.195397624317329
2.212865786769668
2.194532216476375
2.191796958626095
1.3103557141472506
2.232117951793902
2.1841821485572863
2.253198678502785
1.2640949614891563
2.245031953283844
1.3375284607622038
2.2297138716864042
2.2246493393675264
2.199809157980452
2.182299886370791
2.2371010308785912
2.2176973162110962
2.1446640004416526
2.2126594823648644
2.188732827352606
1.3344057208838436
2.23644215686536
2.213412953066033
0.6185847089055778
2.1512796675484216
2.1836327817533636
2.202300083199461
1.1400174236026481
2.1953089635963816
0.29274451690614445
2.193352042144493
2.2216978895617867
2.218421633988227
2.1633479265538575
2.239672766186277
2.1863734560767645
2.1885579569081344
2.2268926987451625
1.1267534621228614
2.230180376448647
2.1945905866855333
2.241912775719592
2.2163570258624956
2.2096899335523665
2.2305320479618995
2.1749168416889013
2.2114506033164005
2.233853415030853
0.40185938141400546
2.2103626542301074
2.2484983919535657
2.2340446870206914
1.3655393880738986
2.2495109818635006
1.2853947492463138
2.225128188797291
2.194997125469796
2.2076536982002315
1.1499123039621209
2.238725523744386
2.197246379148454
2.233864316764613
2.192094250068801
2.2501486457948014
2.233554475264775
2.221023711296482
2.198748143379509
2.1592784973912265
2.1885478576163075
2.1755010975912548
2.1766226200210896
2.238660964053837
2.2412291506657613
2.1814069411124253
2.2208033802003877
2.224758200898412
0.46549379316664174
0.7207960481251459
2.180718218963343
2.1499656993142167
1.262565130937763
2.216673319113468
2.210332240779263
2.238039529755855
2.2087358647088955
2.1868054708704228
2.2500356612475256
2.2549490189757284
1.160331043151546
2.2216586761623054
2.1892148410049046
2.2103685361086183
2.248747406609233
2.2112366474565333
2.221672669397292
2.2151553302314673
2.2029123894903586
0.3893050589337603
2.2032056893220657
2.2175713772482215
0.7671830133318474
2.2269082459877394
0.28416784377365883
2.2213740326987246
2.2315745506800013
2.1605607969836655
2.163692708750963
2.2373781809481716
2.150219211647862
0.28639178761132805
0.8620724641270853
2.221498248728617
2.2649915469299478
0.9757044601828037
0.2938265253175022
2.19251377107393
2.1921922599021624
0.7339936677468093
2.2221061597749587
2.214900217342386
2.2087058101904535
1.3276074427260938
2.1682482917224952
2.242393789655531
2.230152932611281
2.2282018485336357
2.199160372749903
2.233421534437896
2.232197699603784
-0.14638917063240375
2.1916750646750787
2.22276441878456
0.03747646063863974
2.192695649926069
0.3177609706082398
2.2154081239623222
2.2316138359220363
1.1276508414348925
2.2204087837101265
2.177117272803499
2.1840542868353428
2.1998855475380594
2.24107461408713
2.2142810997156537
2.2003332134988662
2.2028319204896443
0.2818722522117482
2.2303599730462715
2.198741330290729
2.2522626773833485
2.192792608881056
2.177030820902626
2.216740152207352
2.2400780375696265
2.178942868050351
2.180611920178799
2.24630289451308
2.200399444985372
2.1954347578108417
2.2218889571124922
0.17789924034169707
2.1889285547972186
2.194564074869053
2.184684383072171
2.22182054289548
0.2372361778837133
2.2164675607053743
-0.1641419468111925
2.240191854462889
0.6198322424581468
2.1948256572029887
2.216649079261394
0.45064262732541166
0.3300746067375
2.2363432069555063
2.1876497444915204
2.2452036155660844
2.2330978498740612
-0.15935131091875895
2.233603442722006
0.9257442702922566
2.195237785271649
2.1940105382441124
2.193022921543621
2.220430426163219
2.1382179025839108
2.1622332173262535
0.6467239649269799
-0.210060160443757
2.2010017759883684
2.1932213880540017
1.3412091107541562
0.7362564349390058
2.2322271023345324
2.2059575684724244
2.2322247581809918
2.2556587497802703
2.1708514862354007
1.2621821194257894
2.2131895336532015
2.1616861153082976
2.2053925316811225
2.2315865706226505
2.2192391226189936
1.1590672466966954
2.227117524695501
2.1650674263963294
2.2061326516405906
1.2963620410516774
2.24163907510625
2.2143041529569887
2.194787172921365
2.205473307895791
2.212882525492992
2.2427320063791023
0.9326327889628954
2.1847966816735918
0.9188216895033119
2.1962147531083613
2.226172595770408
2.229010628889138
2.2227532964901986
1.3001289631654858
2.1669612119262225
2.201120992231021
2.168685659341449
2.1908083313806803
2.2333293883659033
2.211871699985406
2.214838137190582
2.2527359626081056
2.199767735411267
2.182878272773843
2.1930893269913514
0.27494747220054955
2.2147663585093604
2.201791900350302
2.202847966164634
2.203153165403079
0.5375221822865897
0.5713700235512149
2.197455474556068
2.1909536136150702
2.1965339865577382
2.154130163888339
2.1809682127780112
2.2232865929024386
2.219810927087626
2.228521864262029
2.223822665760621
2.2232697380025153
2.189531129910792
2.215746809828516
2.228362252401858
2.1822056200005115
2.215156854003912
2.204330395873686
2.2320721894376954
0.2951880535958915
2.2352656700585545
2.242845277179174
2.1674363078247945
2.2393477571835336
2.18312910489853
2.153481574454045
0.9416700235291808
2.2266454130458517
2.2503349824660868
2.201988132229558
2.209431301975578
2.191757646514968
2.2264817655079123
2.219728837182
2.215305285489658
1.042417074973459
2.222607062892094
2.222040493903424
2.1833462864643525
2.212714665604428
2.193681524227226
2.213027783493752
1.1923969145804463
2.226750061774487
2.2225195326474383
2.222200758645573
2.203614829444598
1.319744430558267
0.2822160152129572
2.2188115318256028
2.1961923872458358
2.1869422494933146
2.2365006300732717
2.2577268377696957
1.3019050432107915
2.231270956723299
2.1985113364940068
1.166799627400212
2.217104152494073
2.209543153810137
2.236223099247888
2.22962665129059
2.1887235272857035
2.1787477932336516
2.2172139161480917
0.5421953758648683
2.2319842699722683
2.1829225567836468
2.1945732564794462
2.1873763016900156
2.1565664256857517
0.29937461396350773
2.228946140135462
2.208756223666539
2.1804171782755777
2.182970701626773
2.2354521502060356
2.2066225423070636
2.2105878507849357
2.1777921534161
2.210157624123392
2.248886022142397
2.236807306131687
2.2424153304841608
2.2461293543174765
2.188879992741408
2.246215236895785
0.9942728704056
2.228944185990449
2.1832825613300413
2.1765430578686638
2.2397391678635867
2.232968940931432
2.2178586713854123
2.2141282180528017
1.1177617482371789
2.1756112655027193
2.2087445260487444
2.2031259934527903
2.2299770222357553
2.2172963507201455
2.1705231266461835
2.2409963667979467
2.203430744543707
2.226158080873374
2.2327082181648805
2.179224887709469
2.2353761756707544
2.1985763487659957
2.1829520220941774
2.2064797817318555
0.8877296425858866
2.2303883908211555
2.22703002926
2.23642758667813
2.2196672302438674
2.199189305460938
2.2103618669452345
2.208428468809459
2.2439322423371655
2.2312870046241002
2.180558394412338
-0.16845027344362612
0.2832952735562492
2.2039882846917984
2.2500884753602763
2.2100038447029746
2.2030930080126474
2.1031601498157495
2.1902744679798163
2.245637191524204
1.2744195352391725
2.2038861924407205
0.6354491648769469
2.2096519109668575
2.1830811377148818
2.225434999762543
2.2161966712943353
2.203766286228485
2.2313078333836547
2.1740060866251127
0.29082369952078313
2.179269540236615
2.1636562364391247
2.182668855377811
2.213593147538446
2.18597713654012
2.2245048908437335
0.8081007379584385
2.19436748534479
2.18223879698892
2.1763700570592204
0.28001923159264563
2.218972481821506
2.193177746689029
2.1989749631369855
2.1819577265789514
2.2297307321434543
2.24725720921557
0.2834205897551444
2.178837500226263
2.234144581682197
2.2112367420213133
2.173689085453664
0.28305759454346013
2.2662081920525132
2.173728084999005
2.2307296115982362
0.2856226156928072
2.2060044038189233
2.2246193812519888
0.7173954757907706
2.217537839649168
0.44846531370723836
2.2237648302908015
0.9736354893184556
2.198865533468351
2.1827090546292114
0.5826866487284053
2.111279326740308
2.179436976178038
2.207991088257674
2.192997493254852
2.164158443293828
0.46548122320556684
2.2161733510760624
2.2235106109377605
2.202971478153114
0.5826111502760936
2.2092796071931016
-0.2088252427930246
2.1872862980835266
2.1912443822306837
2.2137616111290632
2.2316253077366697
2.187981536009686
2.1716504545889532
2.192955234125308
2.1764480830259405
2.186847309003148
2.1895049938082183
0.4595832100789856
2.1891226267720927
2.2305763591484933
1.2056036426803105
2.21259894659336
0.1660872024857687
2.214378074371353
2.2024567805589705
0.4597325598244923
2.1823395928236113
2.2072852883878404
0.8099336608093411
2.199037361822601
2.1541099554763745
2.236570319928124
2.208821544920318
2.2155925099766396
0.499140061942488
2.179374943815831
0.28980344863632634
0.30249315463189824
2.2178337616076034
2.1998091895965826
2.200283300102797
2.2329026391427815
2.173175463832492
2.2223086189069416
2.1978261444273857
2.2052998909362453
2.1792875977967086
2.2087525170033233
2.2296671954401552
2.2132771845464276
0.6341246288780427
2.2085092928133605
2.239357011656052
2.218029161088333
2.186961572419383
2.1648257483438833
2.230001474986892
2.2445471854634187
2.1973323773742335
2.217100663669239
2.1762537567258775
0.7510793540300353
1.3074053562037888
2.2127412175839467
2.19598918569982
2.216582726423196
2.2201557022210294
2.2381087810715243
2.2155718954827557
2.21967338376583
2.1892796676698585
2.189691414196285
2.2363905811956224
2.1886432943363117
0.9916919277700824
2.188723179742583
1.2859972372946944
2.2477828615583975
0.5222933015602016
2.224678612464613
2.223677690173079
2.1803726068703053
2.220813406329957
2.165086258896321
2.234699494086378
2.2299121209811528
1.143529865324466
2.170317571219461
2.247047620894748
2.164901209616618
2.236472398694521
2.235209694444886
2.22484869574655
2.182875514326094
2.227848155173268
2.26349685798166
2.2028502892330937
2.220290128313235
0.8110566521941426
2.1627348414241485
2.227663773314409
2.1844459688591042
2.2179103071898254
2.1922158910657443
2.1992710249335943
2.1868677981032936
2.195997019048357
2.2437134136283037
2.236290391045512
-0.2673430572370499
1.058699040105231
2.2318649951829874
2.1904976164705525
2.213952552575765
2.232993971041905
0.6363934166557189
2.2289414514883603
2.225870276121435
2.2184058409382454
2.219001387674818
2.191895957753083
2.263220428969557
2.198248270897026
2.2307175424468317
0.28396277609559667
2.198995671044002
2.201549895618562
2.248939860490221
2.192515374979182
-0.04231241299869282
0.831418773812433
2.234036109575555
1.17111534912569
0.7452953973627608
0.6739363373563588
2.214378419853939
2.1910510641357153
2.1957134088122334
2.2345628066405645
2.216319123778901
2.2118855523345564
2.205504325321676
2.1617821601245257
2.1516922635134788
2.2423359193047117
1.0502907807717274
2.2350328367898307
2.191721403487828
2.205566537962542
2.2175450452303784
2.1863233378342675
2.212995581292282
1.136689990468866
2.22471930630104
2.168002162270011
2.166056160586729
0.5426005366549906
1.3224017884252341
2.182823976561601
2.2011958106136906
1.0291391184362007
2.15340461779014
2.1951464218517582
2.19077205826375
2.24126070900218
2.251734004410015
2.232493145906135
2.170869164342482
1.3189824541830872
2.2255896631809025
2.182590512003478
1.3088222698544691
2.1561320596085967
2.2217320231242024
2.2034477711525504
2.211168764478054
2.1915297540891476
2.228968269734721
2.2247089096055293
2.2335744487447426
2.1955113706439073
2.1959372756609454
0.2830261368902838
2.1842754122905452
2.2122637556214158
0.7980575996199945
1.215420690729839
2.2193365087346892
2.2447428232231954
2.201333631275926
2.1833326171972764
2.169612984016192
2.1598296395631875
2.2380284281962437
2.171132687097913
2.1985631981731673
0.16177133064953034
2.2355926028640734
2.2405791522254033
2.20514089060561
2.2417081682112427
2.2108802964105703
0.8034152666655485
0.4549077898830249
2.178473537056414
1.152635085998861
2.2094274630821067
2.2114507368079854
2.1966113002817558
0.9621002441539876
1.3146092269686505
2.237057521299272
2.213357668890009
2.1949791121226534
2.2596969414184875
2.2058129755449816
2.183631576097233
2.215831388408156
2.200682966345381
2.224959568665934
2.2071724056235182
1.362306290401904
2.207829067168927
1.0606329031620627
2.239370933291065
0.7226339949034821
2.1888601362050526
2.2252641307064054
2.157736254713237
2.2308532549625997
2.25437227631215
2.205869388273877
2.203935151492698
0.7440902366150577
2.219166881466833
2.220674209971574
2.165045960459776
1.1196608685756568
2.1952813978954575
2.2144634530500698
2.2285877115827954
1.3406554086995615
2.2181465080385507
1.329369215062588
2.2076688139997698
2.2040494249950155
2.1352955677617054
1.300907562678109
2.212702196220216
2.227241443291825
2.2253438880008227
2.1874370174510025
2.223048154230318
2.1870598713080653
0.8170131228717474
2.1836863785335536
2.2486848705816636
2.2023481195905825
2.2451344612789756
2.25316786831792
2.191843715671955
2.1914392012164914
2.1964624178221177
2.2297344599995634
2.208784982993844
2.2012686292001757
2.238598344607417
2.2133597081569767
2.186978336254029
2.193772199638774
2.218174950311056
0.3410837916625075
2.2227023143864155
0.28241573195883407
2.1869995407260645
2.2233936079626186
2.239260882589984
2.2295484780177075
2.2146087262949825
2.1891751923767404
2.1753303807203865
1.229018830982231
2.2297612424135074
2.2233852353743813
2.249355826764626
2.202250979211975
2.179674506463659
2.1824771425204084
2.1933199101487997
2.1895305994950482
0.28354065841033377
2.2009317037656073
0.21126718602731226
0.8944181891053351
2.225109178580523
2.220759608152375
2.195770628309405
2.220610003813603
2.200627378220114
2.171464679422348
2.17425060794327
2.1897203123349858
1.091589238487967
2.216954506460958
2.191888847264331
2.2157566627918337
2.233000901912857
2.2157793916762323
2.1866487057750383
2.1965538858776377
2.2320355910178327
2.1718711679025855
2.2128604246769434
2.17237405316979
2.1544455168289067
2.2085528732777355
2.1518157751758045
2.1762469775770055
2.2068893670306142
2.2204148363298764
2.224578740977625
2.203972417128319
2.2158355120833053
2.2214078283329846
2.243016907821298
2.2414188978281215
2.1928813241646212
2.2034514720722926
2.2058518358416177
0.2945863317520384
1.0655862205072535
2.228797850044132
2.226586077232566
2.225860767188439
0.15267726748852126
2.174742855886975
2.164757871058716
0.23445900277149584
2.181937002698729
2.221471661858743
0.2905564865084632
1.2466068539158652
2.236281458934462
2.232793547864225
2.2337992338675017
2.214398673358104
2.233965299131637
0.3732981508526507
2.197028785157495
2.2141636767101893
2.1954323763795616
2.2244855947292748
2.180899869786418
2.228489103897512
2.1916136319951356
2.2127791869537163
2.1925442775831834
2.2033036177503975
1.1367601570186123
2.2113873270851854
2.207159026680169
2.228753878205664
1.1233786774665564
2.2028858369886195
2.1976101459902764
2.2237144718395543
2.1650125259325277
2.1973762398721886
2.1917716759457018
0.2876741745320593
2.197389430536966
2.210359957551324
2.2417345520979826
1.2998899798967833
2.1502739071777235
2.199252304353831
2.2229900110902627
2.224012730388874
2.2311467166585373
2.204855941310363
2.211968836911347
2.2144722921274926
0.3442873719999015
1.1137059372092468
2.2078378619770893
-0.15786515388619923
0.8094450892284237
2.2283781186179707
2.1897914553787134
2.206104684733652
2.1926647853965147
2.192640656942446
2.1752670279590154
2.255417299325727
2.220960884473717
2.235424910502676
2.1743838408223817
2.207595886920325
0.22659258370570604
2.197333844467962
2.234718440288882
2.1825951268587667
1.3375157425017337
2.16790772440471
0.4661229187041209
2.2571070571589265
2.228180930018356
2.1829890997191423
2.2047902001711
2.1801549834824936
1.1471983759362612
2.2159735047094276
2.213576730996269
2.2090541256352365
0.2835841713274273
-0.15806974297394258
2.2013941997163604
2.2022214087726395
2.2215919117865077
0.8273722466467981
2.22614084338403
-0.10016301959888291
2.2231034902924627
2.227646708155283
2.212483529997268
2.234974727707325
2.155306467909776
2.1812434021141973
1.1714014561897006
2.1934970582974165
1.0906246369197536
2.1924436857852063
2.200245314088721
2.160910281141689
2.1658103759583
2.1900131878013207
2.1980882933708292
2.179210835302703
2.221059637180766
2.2027274885200274
0.2884221447352188
2.1851603226536422
1.3309414090185676
2.14976765660464
1.3216574738806197
2.2390589680716193
2.201513195845502
1.1606332081075696
2.1872101829554342
2.2057471542214593
2.2265233814951944
2.2151279633538876
1.197454077235159
2.205659881687338
2.1866036535738127
2.166527181546788
2.197154642487204
2.2061549294867016
2.2139816698923913
2.20497637245073
2.2135630895794005
2.237796072543492
2.193501728101386
2.1821760290977026
2.1917624390292003
2.208666372981731
2.225112141964267
2.202211893444794
1.336173669672801
2.213686807766348
2.1818396956640473
2.2307034548918345
2.190375401837401
2.2089404044666163
2.2374280677339997
2.1905759963201374
2.2305068134940367
2.179138046663751
0.28536329432501584
2.242956522762329
2.1593919429435497
2.203663773890273
2.2052948416152773
2.209671292448765
2.2385905601483875
2.19914511195016
2.2261077185246636
2.214817352262772
2.175627863298292
2.19557943583042
2.2369211670148266
1.0776616560727132
2.1836674506047533
2.153765263098545
2.2319418367962376
0.29638442139853005
2.2449843844689736
2.2236221029167265
2.22006516751291
2.2076045152745225
2.2393820689027706
2.214890231973627
2.254043431582611
2.2130435873702456
2.2140713713846427
2.230267477980232
2.2557417655173966
2.2017595868709496
0.6356687345860984
2.2561774202158236
0.2870742981074672
2.199601450140625
2.253522801776972
2.186001259138047
0.990437133052926
2.2336871738510578
2.18345832853928
1.2523952404741117
2.2313608574899284
0.27946340925538293
1.013894873672201
2.2074543271823686
2.1945452087447794
2.185060076709933
2.2221247984110524
2.19162737823427
2.212831339630797
0.2918656830888675
0.8541948855096727
0.28975806833056095
2.2339405637785097
2.189526763619164
2.2134486284272166
0.28391174117467655
2.2097060074200616
2.222794279167296
1.3238311949339279
2.18489419441381
2.1937572279590323
2.2188100583885872
2.199749475152737
2.2448183024602306
2.2299788499115296
2.1878479619304247
2.2179465124495223
1.2873344867253997
2.198315907966508
2.230647967542519
2.2352353636554425
0.28721035409553614
2.23427089668514
2.245158147304646
2.147520672239414
2.2337741393069823
2.1797302245909345
2.215129233101514
2.1729495515598565
2.208562652333955
2.2241184648830714
2.207533516823104
2.2089273715354296
2.190278481799699
2.2262802347170565
2.2318017948064575
2.2166428700806877
0.41163329039694796
2.1981599229615036
2.2255158185956208
1.3260342051995935
2.2072620049952922
0.4620669219404898
2.1590381687058104
1.328857033633986
2.222690310948519
2.213446923512806
2.200391273062797
2.1889420484798894
2.191447477918721
2.250687950440618
2.205463371921388
2.2104196245405086
0.9929392048773789
1.30008780123041
0.47049538083230713
1.2705921249233143
0.8598576865669694
2.1500237700015203
2.24312908393949
2.2147920201788884
2.227724846792836
2.205122858562403
2.2305561360121113
2.2150349210703864
2.207168100782006
2.204567375002259
2.1849111881020953
2.2091430993953542
2.223487029970773
2.2245868724512508
2.1849429582569875
2.23400769073836
2.2425600857742407
2.230913248385482
2.2286909061800575
2.235284223874415
2.186806045403289
2.21412046956428
1.334593096737129
2.224677014461497
2.16994682572274
2.189920576869716
2.1976008056254503
2.204250252836755
2.2298737271164035
2.1916051187108527
2.2391774171806276
1.034016910527709
0.8059455079045361
0.7786932340552755
2.1906453206460896
2.2330590550156133
2.228327227976102
2.2242272773641716
2.1712902565865635
2.197877517058563
-0.15978061061425572
2.218948327854873
2.2451233511127477
2.1945459501755655
2.234762880353311
2.182940758486976
2.2184862363071094
2.2055416823720213
2.225993335086752
2.23179558306513
2.194852088235926
2.2096519825518484
2.224776290878803
2.205954375707691
1.310786588844321
2.196059450563839
2.228583193562865
2.2222974398464515
1.1273232892102252
2.1851885372908924
2.212019377291225
2.218657149218884
2.225831513539107
2.1894356972546873
2.2418239212620508
2.239729454096816
2.225838900274684
2.224207986814713
2.2302060170767106
0.4702077713553024
2.1813638895938094
2.2006920012142435
0.8415190198060051
1.1522580047692903
2.213479444648669
-0.09540725926333637
2.2092109923625123
2.2049281710319257
2.216933348486326
2.2226680491714648
2.2264161083602056
2.2002142088688936
2.2520694272178394
2.2164715545931495
2.187627248605693
2.215436372687156
2.24819265618526
2.171531346615254
2.2440249344560574
2.2323586234333437
2.2458336138505515
2.25150991057271
2.2022967062221124
0.2793323051037851
2.163592803848352
2.1933160869688115
2.2171255576317126
1.187458289284373
2.1561557980868855
2.1623590218283057
2.2071239960554623
2.178624294292515
2.2129026040164046
1.13223259497582
0.8090010981363444
2.2530107492994134
2.1957740803192882
2.2428010226543478
2.227798966741878
2.2102545720755593
2.2234630870691143
2.2248970156525556
2.181063927577062
0.7848141111070888
2.2068354496606455
2.200372492378222
2.206486345268785
2.2141663825836284
2.210439874753122
1.1010432185834234
2.2358421769874033
2.199121010919541
2.2322680476798595
2.2470405499325734
2.203868381727234
2.21158131122702
2.2021433550583938
2.1817438936122246
2.206887297789102
2.198913409068218
2.2280879361796373
0.29556363907304506
0.4319779504628427
2.2129089472100887
2.2502955535027094
2.1210228095680415
2.178260577618155
2.1874728822984135
2.2275206048847167
2.2199627997649483
2.2233168290342773
2.207346702130561
2.222055123865586
2.1927129302342245
2.238011535206506
1.0810803992224969
2.1947457774262427
2.1635768907790367
0.2326525604627882
2.2138410713009065
2.187433133133094
2.231423865245871
2.2277815523807374
2.1914354071815425
1.1258895833548523
2.244006856451669
2.1922125535479924
2.188554339246022
2.22949937330986
0.28489033655111806
2.1887560405933644
2.1971495798440355
2.1812870177730765
2.2185679555117845
2.204514635902431
2.1999007243844453
2.2251979850381667
1.2898722396048563
2.188025791412934
2.204139199890303
2.2145286768280483
0.018401309423691392
2.195569459138891
2.212678792719198
2.1956956057531656
2.1826347177763763
2.1871786776283733
2.204181418362148
2.1953777944401693
0.6219836589504882
2.2189894551939693
2.1907371155746835
2.1824326100722233
2.205957395926235
2.1914565096583023
2.23696578935678
2.1768390264680875
2.232118967376123
2.250057363306241
2.2311066437037246
1.112828912266858
2.2315668783377776
2.1910073096058866
2.2385945770954407
2.254992164660764
2.198783074758622
1.341548708336105
1.3543643039363213
2.218246219884064
2.2359573059116347
2.1956877126051517
2.2111754841056395
1.350372173882246
2.2146586234848105
0.9773943301168807
0.14049632562023492
2.2004795126099586
2.1758621703222385
0.6437191789248117
2.234578066589961
2.2097718884025808
2.1775698239550514
2.2146793582086026
0.20145798162688908
2.2226979584534132
2.2133945316944716
2.187812478499646
2.1963754314220734
2.164591138731005
2.2541093389780533
0.6339823430737515
2.1911974332027473
2.211464949701798
2.21652821146217
2.231264881191416
0.2827029857766812
2.2313621070879055
2.2311413816507906
2.244844095240472
2.235254700685534
2.2072378826191255
2.223398217594269
2.2452408902963272
2.1924382604351873
2.253832685538823
2.1888723886680044
0.8229208550859977
2.1851080751605263
2.1924726981591873
2.182286258937123
0.2907138228424596
2.1626617305156017
2.193306526591254
2.211933021721582
2.2127838117312324
2.1935739526102864
2.2196273614900415
2.232775415659109
2.169090633739379
2.2189136885347684
2.1920643362959735
2.1762824649968326
2.1296151621873682
2.206163253931302
2.240734454066028
2.1383459112844285
2.1818022577144105
2.2202395383961924
2.2368112029136507
2.2357206053000693
2.232727540648203
2.214845637301087
2.1901831907695244
2.1876622399363725
2.1937095789952545
2.193950857178195
2.2553270183044147
2.175722928110554
2.2255573925728442
2.1833389647442534
0.28304335522549995
2.1836755430494286
2.180577777330763
2.2192904980627506
0.879150995671309
2.219313142162334
2.149766323308664
2.213683207562027
2.2187271883576134
2.233513757375559
2.2128662174938585
2.2200380090939427
2.2160637098230285
2.1883443265427047
2.223621082539853
2.234631308329307
2.199046057595882
2.2373403616662912
2.1981896121870546
2.1906469354104736
2.186820921306345
2.1604215208367785
0.9601399973213814
2.217745455434688
2.1630536592173844
2.244490527779888
2.2385592578668847
2.2147992343917298
0.2775250201059086
2.194247750423404
2.181135636028132
2.129286292495048
0.2963438882368084
2.179710149740745
0.6347345672620163
2.234220746658835
2.1857912335857774
2.210266514902853
2.218921955671986
2.226149018326277
2.241584732552317
2.2010586675185406
2.1890226077821846
2.1869563274949915
2.21480882701831
2.192442898445006
2.1672986022344296
2.1991464895152895
2.1959597104077764
2.1980766979134327
0.7283318411693988
2.214340347059702
2.1946382618166713
2.2123263343768573
2.1673750717013274
0.5261148943730536
2.2481009110829473
2.2349675241874447
2.220037333091784
2.187378211490606
2.229866520554382
2.1952615125133557
2.238902798683388
2.214590756052525
2.2180456787207143
2.1661750510931554
0.45799477981710796
2.2450556799987926
2.2349498871378963
2.2297516799594903
0.8109334917466783
2.2223666456451463
2.1948850072599035
2.2018119030190344
0.29186755620380345
2.1729260874898184
2.1711068721176785
0.8571136285690251
2.2320034790022576
2.239930825030026
1.304243905037172
0.6322551395074241
2.2042920404527253
2.224023834764574
2.17616678599667
0.8164624844882138
2.216222349937885
0.35588348805567016
2.2141594834221676
2.1763631345400185
2.209786095097873
2.225651809793825
2.2244558449092535
2.204797702074348
2.178633235983309
2.188605593722138
2.2330365489533333
2.218485864297355
2.228381555615617
2.2200710393140497
2.2223663200286845
2.2342821624041336
2.2085311122783082
2.1850118133373058
2.2070589394902074
2.234522579982827
2.2168049955208478
2.1969383692121722
0.18098978899667575
2.1496781883016336
2.1908228991074052
2.200926107323447
2.1591635396201747
2.1916869435774355
2.230073948491965
2.2047257568173224
2.229855566227828
2.208184090852324
2.225192479781719
2.172832894357212
2.21169940130607
2.2167604387398048
2.210167329233128
0.44225662131691235
2.2121448040831324
2.221113415748997
2.2110927962012634
2.1839408040336217
1.1109826539121164
2.2316319174476904
2.201285807712401
2.22544836440237
1.1975053915473066
2.1749892865645983
2.20707014561887
2.197094044860554
2.1938900962747874
2.1955840738585537
0.6186090402427465
2.2390699507835454
2.190489697741227
2.20638877086164
2.1791708556683753
2.251335480509149
0.46036261521510924
2.19920427534946
2.2407965576776934
2.222212809911787
0.5894623656143155
2.209669949662206
2.196720261481767
2.230987828253334
2.138305173648191
2.2205648807300093
2.2264294243137304
2.197271412425841
0.7050252023187095
2.236259298157823
1.3425492244868578
2.236774604553039
0.27617306622264837
0.8616537989838109
2.2190141426722394
2.2113430367592124
2.202091938478967
2.194381270185019
2.196027437012739
0.9094967612403946
1.3728933090941526
2.2425605398786583
2.241754496942709
1.0403965130790185
2.241771781724173
0.45157274624875376
2.235351871658544
2.1852357711825374
2.2021326331786577
2.2324917604930308
0.8131178128618285
2.232861671649661
2.2607558666295455
1.151490735532001
2.135635476180802
0.1953512858669631
2.20461109290362
2.2240658216019447
2.1843996686128437
2.1803859548411264
2.1975208607222863
1.3189982431832141
0.7549510429591451
2.1849329275640184
2.194154824282589
2.1560774783624623
2.2098552134003233
2.1777617006985737
2.2037535618333712
2.2210793153515667
2.237423471035793
1.3552234338384177
2.220264113156127
2.243976354747625
2.2088967356415496
2.2461537502327324
2.212194819351583
2.1964020340213244
1.109189963012775
2.1977120239593937
2.2096606155103107
0.38960063313054494
2.2280377367488176
0.8080093114638502
2.208714066595997
2.2127401330597474
2.181356044683419
0.28890692800869383
2.1770006148651815
2.248029864852316
2.212203346486882
2.2020105213997483
2.2234534937319976
2.2162374926550172
2.2262342270125384
2.2065857915636298
2.237328940644539
2.1824020389258134
2.187637136146747
2.230627358621212
2.1936590804493146
2.2406837923212675
2.17932036393535
2.2124683420213165
2.2203121807920208
0.7500282645729842
2.2335902247538812
2.225833259787346
2.2116892338185883
2.222873218029493
2.2096424551620237
2.193722711008631
2.2412891042491543
2.235356220949751
2.21295111120381
2.190823741633911
2.190863581696518
2.1946173333989005
2.207974016313276
2.1148898819222826
2.230700605788056
-0.16893742953822563
2.1994617907867644
2.1734254165000526
2.228320345382708
2.2322848907339914
2.1876253054236035
2.2360792420426003
2.1944814021478805
2.158298118938859
1.359029163816824
2.241813852132557
2.1990102223565486
2.1910175604267335
2.1973652224134894
2.1809494424546756
2.1521711434467052
2.2069850541827396
2.2115140011282746
2.2217168718384688
1.1179738308872151
1.1171189487843587
0.29220835793713484
2.1964113245827965
2.1511929114941624
1.3163038711319603
2.178994004754072
1.3762739582558456
2.1841492028929825
2.201548244645617
2.2076423611255613
2.1949541862211577
2.1993043973755118
2.1920717111773236
2.240290136371141
2.226348653035436
2.190429566725289
1.3857234223584842
2.242220256603245
2.2001160388178764
2.2227194380757562
2.255194490257572
2.1890043414659672
2.210837333919499
2.1998729667012915
2.194131151652787
2.271195289490556
1.3288387365137757
1.3364767242636408
2.2369668320276395
2.223403976543384
2.230913576902627
2.2064167340405656
1.2848791331263925
2.1916939256093286
2.2531551709734234
2.218283173975266
2.234202728416461
2.227779795859747
2.195060291617839
2.2121058542234975
2.192426059623478
2.195299137349446
1.1213665572530176
1.323012069916703
2.20157742040173
2.189166222807513
2.2160714105197927
2.2415511011495934
2.159139173745887
1.1783362004362767
2.2317059735960667
1.2808502002590936
2.2131881319723767
2.1885600766520588
2.182050968736842
2.2136913749247786
2.174731314696256
2.1792503024647027
0.6578974845043812
0.29204421013830556
2.2372106768775235
2.2334676162526916
0.6893480006930699
2.2215117749567495
1.1432813001128568
2.191543371129284
2.1795488166033414
2.2000634723735204
2.1832638425924524
2.2257713631953635
2.186900624102025
2.192931316468647
2.2222964640737253
1.0168837716324284
2.22220137100245
2.248235279880364
2.1991031241513674
2.173085831503765
2.212491505510733
2.2628200833351864
2.217342844597484
2.2148020715818246
2.202447983744308
2.203625724039897
2.197266770166342
2.2274221854746736
2.214446045889993
2.2328069600117253
2.1809923330402263
2.225257788481061
2.2429741474602776
2.175956146723615
2.19531991116634
2.172826460964524
2.198396910863015
1.2983940671817709
1.136092454074315
2.2061189174875153
2.22834842151836
2.203035946555073
2.1839983527925315
2.2037163957186543
2.179907798487478
2.19310606067207
2.167049467579148
1.3486453668442135
2.2065177031648244
2.1537174676845794
2.2435946114073717
2.259923995929185
2.189573496772478
2.242590689987698
0.9743691027422903
2.226981599982481
2.1823035786489555
0.7641377544646832
2.191385250257701
2.225661523196942
2.2042470686250315
2.195848620930955
2.2383013658852273
2.1983259082149225
2.2534321405411597
0.6712561320980794
2.221281636070044
2.2246519540301515
0.9998794420575008
2.209959569507019
1.2341431864753896
2.1768592305788848
2.1844514767137015
2.211215168352144
2.1867905637633984
2.2091747161717974
2.1921786255530513
1.0646944635471434
2.197944008074863
2.1948752127595017
2.201516502314047
2.173120900724183
1.376113382413069
2.216521341876153
2.2151886323935672
2.1827899690401162
2.2376794998437286
2.2268988816724047
2.211864317053675
2.215283948358083
2.2257082693751817
1.2754835643462266
2.2604968098596343
2.208428485226995
2.1677834904496933
2.1773696615119045
2.217146537009685
2.2592379467750052
2.1931868544347
2.2181268637783482
1.2002234765589415
2.241652008118594
1.340902072405569
2.226867985394252
2.230213401596546
2.2187407656106
2.221605205437672
2.2192857970454662
2.2185606726102653
0.006071293022894941
2.208303585867448
2.2134833168537082
2.1666951026079637
2.2275351710723417
2.203099515137385
2.1786364789189547
2.2203145159854083
2.2385618451566387
0.2867304092028477
2.1902732122904522
2.224227202735646
2.2245380963876498
2.1803641294473524
2.2549687956816022
2.205488129007523
2.2504663575356565
2.1655509645277724
2.207830138223974
2.203960915940445
2.1791438683991258
2.2064375616309024
2.225362640168664
0.14753824729823212
0.6259730419029753
2.2287075315171223
2.172037446183106
2.202954731019851
0.3356423060013452
2.172091985968899
2.174404501137259
2.233056977134675
2.194432552550089
2.1780420707334263
2.2053946316738124
2.1655554134636956
2.233797552124265
2.1730016982624827
2.2327363474464623
2.237059064520169
2.205369230226837
2.2216365341290163
2.230993005459672
2.229053319206188
2.2382211260339866
2.2095665379666523
2.2128843530107156
2.2253862129939117
0.7831781678528008
2.2042081117347396
2.1567918585167343
0.28525256633405444
0.2801915975820167
2.2059131865500063
2.2284599516542083
2.233667889942914
0.3529410939078089
2.2057469276990433
2.201139003853023
2.156835816976038
2.216057241600618
2.217783743941764
2.167907804074428
2.232778685543852
2.2292189592026137
2.229220363165264
2.1908715992408876
2.200148801152688
2.182512513461665
2.2377430592189786
2.1670055037164513
2.2293486964944544
2.2259660500985863
0.789911323626864
2.206824848611827
2.1752819765474447
2.209112281055173
1.2045568093458123
2.187955496597364
-0.1687251550310287
2.1967604339161624
2.197122865252468
0.29555691294190234
2.1925964722568034
2.190861595384644
2.2086918423373207
0.7909390565941062
2.2359004683263857
1.3000786757336658
2.1772062601765656
2.2191812023133406
2.2091592389683368
2.190156463692029
2.209802182762946
2.1930300860191294
2.205344565441279
0.6382697281413439
2.1791387844930235
2.195688002576924
2.232796881602491
2.229939094896852
2.2053322066528898
2.24561303843934
2.2411219319329216
2.218014368961757
2.202705775692507
-0.16300703998760147
2.224988464965422
0.292004848698144
2.198038239039432
2.1798412697442537
2.204420492432238
2.2410498487933292
2.2330554182738735
2.2232624004786823
0.18516313731734735
1.2564302315958238
2.2398346797278537
1.1265702868436307
2.2310807413121814
2.200209391858759
2.1938392806695037
0.28600809920124415
2.226207356641081
2.222709688903084
2.1836186470169894
2.1862931266277106
2.2286575952015895
2.209245802833969
2.2188062369084474
2.2078707805827147
2.1947041342077247
2.2361405836054464
2.242674554774515
2.2286219509426752
2.2320221498460575
2.241005936111506
2.2511582463339312
2.1701203238149507
0.2832866738124382
0.8185144249676403
2.206154020093411
2.231623595708796
2.241568919012521
2.207044360356307
2.182716118722265
2.201664965303653
2.176957056268174
2.240774928462972
2.214102148270176
2.2143131012475106
2.222416413867998
2.2092869909060897
2.1928641096562504
2.2593839996226666
1.2442071022663708
2.188744237866237
2.206960214490235
2.188268122104727
1.333470856663001
2.2404838188275935
2.188471026553693
2.1839636479339313
2.2246753468634144
2.230123844593856
2.2319642495506358
2.2141021937729084
2.19868127009222
2.2174238474603056
2.211076953873783
0.8150439256816847
2.197236741662423
2.155830043111295
2.2313006713483037
2.2210742675687536
0.2921148238153639
2.1942477882489477
2.1943105179179794
2.2156186903399835
2.240573650166433
0.29096656890405953
2.201417362973227
2.199409563371309
2.230956885864783
2.2066882486169748
1.13014570777265
1.3108494461783158
2.2238517756346923
2.1997048754519857
2.19239743081903
2.1997436634331615
1.2974444107941678
0.28355874517413626
2.212651834756441
2.225844002843652
2.215106215967968
1.144730987595272
2.247713058068203
2.2301775738291547
1.1147667024891907
0.5152056873312634
1.286540613192968
2.2147330945082286
0.8225747465652834
2.212367564073465
2.236682496333709
2.2016361258048986
0.7538715947536297
2.2089871026927206
2.2317844116755317
2.212968789575175
2.17423817947441
2.171167431633885
1.258322604641642
2.194493849692975
2.2462338835803406
2.1797950043983403
1.2684283236270468
2.193470979764779
2.208624860626144
2.1813685922760313
2.195992820342031
2.2204311194709403
2.210047595033091
2.2197641498545875
2.1868366200317793
0.4670167724358242
2.1833991186375252
2.183781404803772
2.2329252009738765
0.8056251834379118
2.1929195180306644
2.2506244292611353
2.2162412919579566
2.2169316147582796
1.2895645180054307
0.9176933044214058
2.1651698559690136
1.131397995122633
2.2352913317060983
2.2151926328679434
2.225179742063923
2.2423666305816488
1.051664676013798
2.237479229838267
0.2896762007511749
2.1992874515647207
2.2177978438619936
2.2045005560684414
2.19419955280922
