0.29315234699096215
-0.16091966053959098
0.6124795031018533
0.44514897532664205
0.7698160912855874
0.8532731862505465
-0.2649770595621902
0.5757518987353198
0.3520437223362898
0.10378363597445543
0.09370060457669971
0.35284132833170334
-0.02985892810606733
0.9110350354865963
0.2188067501553836
0.27893110033806523
0.41052971000131344
0.5100722733000793
0.045515743148965004
0.31903678076206177
0.6193778516773618
0.4239840999603589
0.10412021808481925
0.11028668882497983
-0.051349394896086586
0.23386715930148133
0.24078034705107443
0.09955456163784726
0.1366422487003276
0.7555505850771419
0.04002045962893401
-0.24378843370756786
0.23683929327316539
0.04645000141704021
0.28463163141723036
2.12043783359522
0.4362350071057461
0.2727783545618265
0.01918470889384305
-0.026203368180302555
0.3706193061412795
0.5721897062875217
0.5056897138714633
0.2524271621454245
0.13133355312943026
0.6367181986051552
0.16997874034253505
0.12623061494542934
0.21029035740355262
-0.43334207942867053
0.8873483114614356
0.0906669681266966
0.2502522088415897
0.23586421318603912
-0.24493929674787945
0.3817191815417865
0.21892558079817667
-0.043252576755023975
0.2535964570093333
0.20732252981336613
-0.062481729094930855
0.6484528021983306
0.19041494691426858
0.22791769657163882
0.25676985720997647
0.016086959917392396
0.13067266829401897
0.548221479055634
0.2653911489374844
0.7595940095875555
0.2798843483321471
0.23443506222712945
0.38621695144770435
0.09781835321932719
0.22665835563945522
0.7704827776073597
0.282924642427842
0.44839460908039186
0.04701627284810249
0.46297781165002727
0.4193934351025007
0.2757425112973126
0.21105828560670928
0.20223258773866917
0.027269306022437406
0.5484065810353016
2.0384831385177824
0.40461722196715516
0.46691647846733264
0.08150812790807142
0.46545744593320315
0.44033335223383346
0.033438014438956665
-0.39615071719967754
0.1485321556297982
0.6454138134990867
0.398173549689921
0.7512925612183704
0.6315774436651977
0.16450038619357651
0.43224671296028006
0.5164374135254814
0.10539787180303116
0.9930820091259667
0.4432875196154611
0.8480021752685081
0.7551988974207
0.0406165097292811
0.4494495827439786
0.26654665671011435
0.4155954033701523
0.26979564569836895
-0.03173272088208601
0.4154044316035627
0.2586922091382846
0.24740162365659457
0.6073882958880521
0.5689745988983561
0.12739475668693173
0.15364859930356473
1.2483220692169323
1.233356808857009
2.128184600293064
0.5663714418004884
-0.3104064522981777
2.1335595999153645
0.27473568627908707
0.45745780599493147
0.2729728005975166
0.7626902183299387
0.274676083167366
0.21886541461526343
0.7403196828145141
0.36738212042831414
0.2831190030109007
0.27472389223679405
0.42644955056587036
0.386301379714575
0.6141967029012182
0.28354914081345295
0.4955545477632556
0.21272847845902865
0.2644055281186943
0.030624478177471492
0.2749371992606296
0.15980587813644487
0.5886404741467142
0.39670356823656777
-0.0392390597311682
0.5869304940372497
0.36908923791905296
0.49927849558325144
0.7635360872544632
0.1374702517199225
1.0334275531960306
2.1320488075085224
0.0029814792255374867
0.9252346500715561
0.4454676017858563
0.04913039112287454
0.43450734461184015
0.1660078468250134
-0.023830879243619263
0.26326180008470146
0.2540031748503286
-0.0933046650268107
0.12923454117971037
0.40706388573111607
0.16079344572240895
0.42040927125916405
0.2715924724297506
0.9240679048867171
0.400443512770655
0.5312171414485856
0.26469406696557596
0.41733844735361114
0.8541536779291673
0.2710988522316607
0.2835083925885367
0.2759836985911028
0.46602057856029533
0.5521431318852327
0.09692669036689057
0.6999841778376519
0.27316998833584316
0.15419923373390315
2.068360333996938
0.4676750004114276
0.19631084737305254
0.6738562524884083
1.1623736282522745
0.27930402912073204
0.28327401369815
0.271952102127087
2.1368751341714507
0.7039988399327536
0.17183255513020723
0.37535923825711637
-0.17459293084961097
0.2286501137136257
0.24291128071470683
0.6365834954779763
0.42688042462095094
0.606662338251889
0.8126843194607731
0.565030659654417
0.2603073113796802
0.45322020293603504
0.2803642651384006
0.5169740395560266
0.2703013124398739
0.5640512366318056
2.1195677494779526
1.0203308745108655
0.5689230988182029
0.4975006722120117
2.142746444224902
0.092236036939986
0.16392390601093357
0.28167671142294076
1.3229608137750755
0.2737821085906282
0.08488563066604962
0.06933886996400325
0.269741118654343
0.12694169550413476
0.46365844879023
0.5194785110785519
2.1091931421419545
0.2719790586112292
0.09509057268412895
0.20665602373576816
0.7476113325143373
2.110158358806168
0.16996928010383427
1.134914417128208
0.7485955767493867
0.2880205761987063
0.1954572264704234
2.1221176420634906
0.29487769635671635
0.37707885679443087
0.4847123178411544
0.20294470396429293
0.4880068576731947
0.04961802740086535
0.571792409334304
2.1135418135203494
0.2933529861674602
0.8223537483731018
2.189507384825508
0.5923614576837818
0.2852062160676586
-0.1383609876518675
0.2852176542017137
-0.05920922137461773
1.144855769494949
0.0006661052847110049
0.9065058686511924
-0.16172510512694008
0.7129372529130256
0.2026656769528447
2.173338569088414
0.1825597269174748
1.074587139722003
0.6246243457351247
0.45617621089738103
0.287141356573434
0.4104529495495983
0.28257456852823293
-0.41081942488103207
0.4343649727092977
2.141490639774684
2.107636897259152
2.1062613593772577
1.1130570864306473
2.182026417877855
2.121289533464707
2.1460183103105193
0.2755168558650337
0.2864546769602944
2.101721100939163
1.1304408181505627
0.29558232174659427
0.285454518634466
0.03591146570260828
1.1028266723123776
0.3160480465880538
0.9920725613738806
0.9658212448627276
2.133623019760686
0.2767488060771115
2.1576362076118425
2.1390412739869253
0.9535781570528049
2.224196309766887
0.6419544167302301
2.2142838180056743
0.9019986042328079
0.23205046950337171
0.45011733470179915
2.166051273627095
0.2895691335901289
0.4511240021432901
0.2876729413672961
-0.04531030187108567
0.14049581738828876
0.5315683892460707
2.1497909450545527
2.1215168147723293
2.1688346422150167
0.6242984885355405
2.186628202897247
0.46109839236545214
0.28800415415210223
2.1686477302741327
0.2874144719772229
0.6413731087916958
0.7911150085014327
0.48953082575248535
0.44127055822813605
1.2327255160018944
0.29782498303654786
2.2184310476798395
2.1693874689838513
0.29787027677048916
2.1863553366515385
0.63688583084655
0.27496667936944436
0.5296427482502343
0.7896470312396308
0.8658089836152894
0.2915531572111724
0.2870017644931496
0.013834487485181846
1.2700391027296516
2.131965108932182
0.27149844288018826
0.5072373716050973
0.29541351382997794
2.1750683452763435
-0.3329625361170988
0.22835358336549103
2.1806756561806133
2.1802757436509532
0.9372067033440945
2.2039770601569324
0.5371535814030544
0.8469050554712273
0.33291818403298135
2.172497638235547
0.6468267516077559
0.2854911500558338
0.9779618186331043
2.205818406353103
2.130972254957807
2.219949826560442
0.28335002426882083
2.130676212732247
0.2843379696278081
0.2849225169824182
0.19548371753252225
2.1896590346552918
2.1500896395712124
0.28710266632876935
2.200990931563129
2.200942670614863
-0.15870444204668555
0.15423157297697868
0.28655386429206237
0.2958505939757922
0.9597603246083326
0.287027831322425
-0.2163421025659501
2.253582454128659
0.591687745836313
0.6829446809720947
2.221605525778223
0.2998753896932073
2.184443191838861
0.28994207563767427
2.1695740401603447
2.204030721977041
2.2312766384599274
2.1413179780033875
0.14408160470028303
0.3220148740978478
0.3011213669635358
-0.15646056658127375
0.28737473343962167
0.2892784066918298
2.1971178007989343
0.44076292796181915
0.2307233657297466
2.148123646673107
2.2077295968345503
2.1959574138761933
2.1256722606504344
1.1459492813816818
0.2879908410579977
2.197975446149764
2.23150694730199
0.7037729389187699
2.1953300171847996
2.160190672172365
0.4595826645923895
0.5625794613503666
2.212938560107041
0.21481047031895964
0.2862588463374668
2.2096807842774
2.1228252794005433
2.144952732145099
2.1322300038541924
1.0948811807977603
2.1689252826714034
0.2908717703286641
-0.15891934657483234
0.30445382964456325
0.35825402043454
2.181331108348415
2.229884059855842
2.176455874164938
0.6316253566771626
2.1634409970636734
0.2886431292974039
0.35256542456120066
-0.16198330357363044
2.1761739820587738
0.28048548422683267
2.1623477415921215
2.1766713153443074
0.27749162558096596
2.1685789492156755
0.29675109737664174
0.477538393956242
0.28507602525774234
2.215165584171761
0.2937280342961397
0.29620812500370663
0.5637471012743894
0.13059604096357713
2.1923166180671094
2.201526927572019
0.29053593012565493
0.2343999309016005
2.1896072179530153
2.1546805075268063
2.1725844140544783
2.2203735313923634
0.5186116158257099
0.3014310602682525
2.178875183683429
1.1087992026685005
2.1784574806407857
0.6593067091951919
0.4624185320522231
0.28912846294659844
0.9385170392288169
2.1776458846481965
0.2961222552309234
1.1179884598178003
2.1536760644100115
2.1804369645660104
2.1471698485961053
0.2935424610593659
2.1567794863607697
0.9470258678720156
0.2874602619022396
-0.21896204095263366
2.1794087998818004
2.16024996778974
0.2928230070150202
0.2978525740399241
2.1675516614061046
-0.1570051864520621
0.28518134908335835
2.188337524679884
2.163248132983319
2.1453414906197663
0.29607938322683924
0.28498803113086024
0.1028751768873253
2.178018901756767
0.2903013740445034
1.128661033653128
2.141801676391513
2.206084466446245
2.153782102105928
2.1754440492411975
1.217881224832253
-0.12857139636935316
0.30088707074085447
2.1864691895731374
0.2885968019429188
2.148981380025335
2.1699467835645843
2.2020307943237785
2.1718990783674643
0.29069448966257094
0.5995452420019537
2.172570263508209
2.22970529385961
2.1883262956727347
0.5034805359275307
1.1085281771359188
0.24940331976348185
2.21316325105953
0.3216764153180046
2.205243211914941
0.6637280885096044
2.1839812858595757
2.1095146841847603
2.202186737032826
2.1840052877740908
2.1758058254648738
2.226011088702359
2.1667336435981017
-0.0036450276581538876
2.167899251939516
2.2589440517006385
0.4904204190346425
2.1794277291219157
0.3409630490916784
0.8165014130642079
0.8526897460397505
2.1923342213035713
2.132853747674067
2.167096458497847
2.104899498211817
2.1862444109502315
2.2185422347324444
2.2251584260745796
2.2198786728630076
0.6234598650695402
2.1699806982678846
2.218800895192831
2.199514364135471
2.1584850326664653
2.195318780229729
2.152411817658404
2.2098714029228197
0.9161839197645107
0.3624602493214261
2.1406455167248213
2.1715622129668843
2.211560125684295
2.2016489955316243
0.29449798412776346
0.2891297657261698
2.1870666424160223
2.212381246389702
2.181394549693449
2.2261820064890196
2.1941197389308162
2.173979050916601
2.164594914589584
2.2014666194125003
-0.15983857562208256
2.2326583520361942
2.1986627078008025
2.174398798112251
0.8338104946720998
2.196254877835573
2.2048019425558616
2.230183093736879
0.6748861708622137
2.2173179270450634
2.2405588984455127
-0.15579558509605768
2.2227793549788903
1.0378600521633115
2.2232527433905807
2.2096868807196026
0.2989522795329689
2.206260958716764
2.232057253489115
0.37836262705346
0.2081585365389487
0.6927298609500075
2.1789099534817797
0.2966743950812477
2.1729978599451765
2.230181430931209
2.2018044018474394
1.129875858248325
2.2125653552921483
2.239125845926878
1.0086648747896578
2.2165262057748105
0.2950145206561122
2.2103444295755392
2.181235790573882
0.34665790483966463
2.2020661321523702
0.3327419264370507
2.1570881644682194
2.245484890907068
2.209973631978583
0.028276798427054772
0.38087564264763696
2.1616810231045784
2.217310410216501
2.16841875871548
0.7885408393887662
2.2062712737466734
2.1645661028659906
2.193744465693858
2.17991401911036
0.510333295093568
-0.14747478207536266
-0.1515384259768907
0.37761088234228934
2.2063990142495435
2.181587041984077
2.2140199653085424
2.1935767606478667
0.2958199335597693
2.1902367786285577
0.2999241845560575
2.2173499807581223
2.2407157025484863
0.29647965485384076
0.3501866776862259
0.292248612162321
-0.15107529408478876
0.29340086627239365
2.222152979182516
0.7078242647602762
2.2079827241426226
0.6389426003241803
2.168240914352835
2.174392515526422
0.2954269872538521
0.28815555777614943
2.1949529328659887
0.29097855079487966
0.2939487970880146
2.206092349912396
2.2221687208449836
2.1792401350111383
2.1924922847281336
2.1733879652359853
2.237030557897379
2.2139629369893927
0.6363738421227356
2.1782924630879164
0.30473805861161096
2.236431842564964
2.1970302972853113
2.1871893974489582
2.2260391060565103
2.2280369674662754
0.2906561723122935
0.3008325750210685
0.6378518041745325
2.215803537357437
2.17834347064979
2.182076414596229
2.1773944722030394
2.197792240458127
2.186438559969177
1.162379659352562
2.1868950121958552
2.2534074487209486
2.25062142158933
2.261506844847682
2.155850376120556
-0.15756821198711782
-0.15474698136490936
0.6881768473952261
2.2488442172301397
2.175825150321675
0.8069469257109605
2.2428488643741833
2.1982500699711673
2.1999239977220046
2.230452470986708
2.185681315900051
2.214617245654264
-0.1540359800756005
2.222770542125769
2.239871600438309
2.2550026183275396
2.1950449547965105
-0.15731166675677688
-0.16336087241944258
0.29750922230784993
2.2559748032016236
1.3404149604207218
0.45625215748819586
-0.15140507913973328
2.1779074400966216
0.30242830090845874
2.229218059703214
2.198781639658358
-0.1596632699996486
-0.1515991911506695
-0.1575044796906877
2.222129618604387
2.237445386900667
2.2163705358386165
2.161814642038675
0.6413889185618552
0.29255937521137076
2.2180335355006036
0.30114458712203845
2.2595224118717745
2.1982190856414294
2.206797936082424
2.1884436952822828
2.2134453986727305
2.2132953417259635
2.2345896613246428
0.015786346476048374
2.2329287492465015
0.28955262527247694
0.46100314112561136
0.4719264130723212
2.2236264663929433
0.6750950607549114
2.1999283877465903
2.218287001214877
0.29744852298921937
0.585823966785236
2.176070459135973
2.2434785750228454
2.183634372690838
-0.15639103328812898
2.1566651917679467
2.1969452286172526
2.259708465683683
0.2952580435961484
2.1846472167093607
0.296065132374692
2.2423804526501616
-0.14438369787371869
-0.1520512765854898
-0.14445174297019214
2.1889638364488775
0.8098518760603962
0.2950412116408375
2.2306574054134023
2.1883934918370374
2.179330773827548
0.2972278284233856
0.18609214714866706
2.195582681364271
2.215751576020228
2.2078490623215634
2.2371036018734904
2.225939492026764
2.228092746552571
-0.15497248352046172
2.2165413209310616
2.1845611140760726
0.30087892136913696
2.2130309649470186
-0.2078196338141563
2.1983687013760447
2.207210432906986
0.21404262653183703
2.1719832123914755
0.2979865702479931
2.2324418953862404
2.227795567193836
0.2984650305135563
2.203140994278389
2.18751083057643
0.29673108532780357
0.2849919114102863
0.9915529039972134
2.180137652430334
0.5253991174592023
0.30139904306435994
-0.15319117302643945
0.18935714051350916
2.213464202125452
2.2082303772953
2.1684329384703807
2.1911183601175113
2.189790175590057
2.2173861857303576
2.240661093359413
2.2132530014608793
2.2060554866559174
0.47311712565594277
2.239390844632386
2.220091544785017
2.2083826695211233
1.28143266368759
0.8465323889118741
-0.14843948508484017
0.29443645614944114
0.2920084898476386
-0.14022141651933712
2.269292899200785
2.2233677337905258
2.1892309997496304
2.1694706026422295
2.14882261222182
0.8142764588574024
0.4703571388338862
0.2949638285574361
2.1512558005044338
2.193428604420009
2.1618944143923544
2.207079929745515
2.182041284385599
2.2165233518609644
2.220866445141389
0.5051022862666827
0.29502172026265516
0.2935889339539696
2.2013612973981265
2.2293851180462116
0.3865085652632066
2.1513853684793824
0.29800862776341797
2.1984063948976824
-0.15585587311964275
0.2924469649159728
0.827830299036306
2.1167339541226515
2.1716877335003515
2.1933994787392708
0.29725206892123035
-0.16002145321290465
2.1737317616528893
2.20078133301769
2.2260860994798506
0.48752108071479994
0.30639567819697805
0.29738675062725844
2.2518452293286972
0.9678741909303514
2.199821738539531
0.3004121351968965
0.17820337643114517
-0.6532931581731856
2.2244466272110825
-0.15683883500395004
-0.14897636517536714
2.2577097644136392
-0.1487495227777008
2.197601589549543
2.2106446957846724
0.29706501293586757
0.09500612797152712
2.258598687048178
2.2104079160196584
2.229454765221304
2.195170657486835
2.196137691390497
1.321991765233278
2.224586532148809
2.1757224038183214
-0.15171711883137257
2.180593424657964
0.675169346268861
2.170558724483766
2.168381869836125
2.2229309941974087
2.2577841093360695
0.29047440004658537
2.222279564847089
2.2517098347840188
0.2974092748677152
-0.03334667527701907
2.174937617211402
0.30326634440747374
0.3005007534451355
2.191257625158058
0.9787357939804329
2.209275619132809
-0.15622092967237314
2.1640516441648905
2.200937659427317
0.8760325500223975
2.1708437316276
2.247154953890692
2.1260517683103224
2.2236969611583985
2.1639364618168786
0.7080079759863968
2.227741106176857
2.2382321385903383
2.2056759535907076
2.198622356860784
2.2394574514710426
2.2084427271749982
-0.14782698304574302
0.6393323491434963
0.303638834331307
2.18985513093383
2.2242806393859262
0.29953259717267483
2.2068185078086673
2.2477554424057904
1.0528509459721176
0.30117237374023265
0.30057990089324477
2.2445641316823473
2.2314110848505866
-0.14301074799081248
2.1802416142633803
1.1541488689400092
2.2219959991525347
2.2066743637352926
0.30762156691159814
2.206346543708741
0.33297748787139725
2.2143818092821332
2.2807386140454895
0.29928951961558725
0.3226266917280042
2.1662023731384563
2.2377602643529744
-0.15540034106082637
2.2255804210689236
0.3064200378447251
2.2208137454798593
2.1983903552489057
2.247239494962452
2.159349344908283
0.29774069980031403
0.6644284142138583
-0.15830069803719757
2.216734064728765
-0.024275857776100362
0.30504729868805314
2.225938651191939
-0.15695954124047712
2.176350164527163
0.2982874102447535
2.2251142069175405
2.1672689506479044
2.2208100412428395
2.2134554297707334
2.22307930906052
2.211148734654765
0.3016415086689254
2.1900738861751474
2.176713239593387
-0.14743152853114871
2.212473361170924
2.232479785322006
-0.1492780450558291
2.1958184745692675
0.3000627111545307
2.262035203165402
2.2637482037110157
0.2970018553667951
0.8000026440077237
2.195186228384819
0.2991773673197821
2.218514421716768
2.2153809465899696
0.3028510768761148
-0.1492919127604891
2.2252185791082333
2.2446404803422
2.20753205827502
2.2478279014435856
2.212867423090085
-0.14191771471569878
0.00550837468801213
-0.1571435130145382
0.3021188535653919
2.2329298454223965
2.2113692167637327
2.2047190663508713
0.29644300609882507
2.2699208886691737
2.17028120948199
2.1624889631104134
2.2726942884402157
2.222898896713079
2.25194086650189
-0.14547992055880124
2.2143310655325186
2.2540049248452267
2.2168200222752095
0.3719414535442874
2.2094475183753977
2.2625766499416127
0.5506470854438312
2.2926424926897018
2.220575338202332
2.1852313613695165
0.19600123232159755
2.2049318855780404
2.200866192400754
2.2125252042208956
-0.15781858963753315
0.01940719402272012
2.2167058231330032
2.2925696300723772
-0.15223446717516328
0.47473974122549545
2.203380914086096
1.1727360604814798
0.34661536941397625
2.2091336493454863
2.206313508885943
0.03300868922626221
2.2048592301965364
2.2133173072240275
2.2335252306342133
2.250337978792623
2.209244284331584
2.223050382566909
2.1968234455023503
2.2947617614516043
0.6423280686444899
2.1776466447180978
2.2411705216937685
2.2056946093201555
2.2636845607235125
2.1863452623824133
2.1638655197113503
2.2536980412365137
2.1773012784154777
2.210898211866693
2.181859004459355
2.2756546167118685
2.205583903106751
2.1907782064132757
2.2419804966165384
2.219744993555285
0.4423352481329191
2.2324508152581855
2.2168236569828688
2.1782248653231773
2.2157471394208663
2.2464263168427854
0.4775476776311852
1.1249285725238978
0.3030299779157701
0.3020323707322502
2.296287356559873
2.26812471621017
2.2656800173070404
2.19587325091459
2.2574993078435988
2.2393220228632433
2.2659086681101206
2.219736037672738
0.9951267458548839
2.2250116548108805
2.227688991993227
2.179834050375452
2.2532059134367146
2.2353736992108004
2.182476217325857
2.217405243225635
2.19836927640807
2.2180202850731465
2.1804096985002266
2.2603327595402085
2.1941690349098337
2.1765860361917464
2.2613699009912462
1.334857888729378
2.2261725072545415
2.1793825888780143
2.299392410050322
2.195774087672648
2.194894178471305
2.2166668570367074
2.1874686750644488
2.1925827679742236
2.1933474831326003
0.17068702325520047
2.1951245834537723
2.1953110592398275
2.2149160502701664
2.1928216870375277
2.2954176804578665
0.6712406734192539
2.212909241269838
2.2416302859574246
2.2383350969215026
2.226167165405502
0.465290030669522
2.1955977632707597
2.1971900386265393
2.2332776044017475
0.8099701005451428
0.35429527538775996
2.210358664576555
0.7886181560690103
2.2213834525830984
2.2360625899256954
2.171907909042398
2.238524321129222
2.28968283693598
2.293997107176259
2.253871930868079
0.29513948429055514
2.175663865751024
2.2069925359842975
2.2213610375329034
0.21859686729896716
2.208870015909638
2.1868980916722345
2.239321067194093
2.2055412261975804
2.1944977723994885
2.2219196824454785
0.9798886800563259
1.36703778596137
0.3041248798836075
2.227678243544166
2.1934483750655644
2.2337002890395805
2.20806729028802
0.6120906330360404
2.216002596310184
2.1851101380081106
2.185116126645422
2.2933068136524346
2.239146500661528
2.20817420199063
2.291489274667516
2.23816665284504
2.25666523245034
2.2612430468564506
2.2309974740548144
2.190623581437463
0.3464886909061736
0.5251601497635561
-0.06658991768505806
2.163061551757366
2.1880674111976433
2.2042232206750723
2.2544494978982312
2.250543303023812
2.220275097454456
2.250281904565897
2.1888881976233883
2.217455718814426
2.174995640490278
2.202277083222198
2.219929460592252
0.9669569279456641
0.9629633092606739
2.1954779095329746
2.197416594269759
2.2642389770464786
2.207642148532081
2.245901294061208
2.194234307745326
2.2059139993576125
2.2640650209421613
-0.03132235615191781
2.188164340178479
2.189122601498562
2.229795617954713
2.2077617659936437
0.6938783626281065
2.2640848711426313
2.238967032374334
2.2033596541318285
2.240136029507349
2.197170665677416
2.248520991348551
2.2160839409060804
2.237176252775159
-0.14855296012881825
2.208121487458431
2.2412171341042573
2.223328347307547
0.8062241293198857
2.221954734429376
2.2382543628476164
0.2997686185981872
2.205379778645947
2.23245766132996
2.241158850799332
2.216632397775742
2.230091280548817
2.1803156077923473
2.197324428603542
2.2007633860830333
2.22177858887426
2.1626824048634345
2.214245986983827
0.721657166778933
-0.025923678517765836
2.2010448282522734
2.2517513811706853
2.2244079675722346
2.278152099155412
2.2697704872284614
0.3010020466337451
2.226525727294215
2.1926611705922823
2.263616799877643
2.2478080275102323
2.275693958308771
0.4793931784912966
2.1852438512277095
2.2363077884797224
2.2250041928798048
2.1990687418775607
2.2073803961437575
2.2791756437677035
2.266139181627211
2.2076658026461606
2.168846351125235
2.244424506208052
1.16897108011979
2.2934937937282345
2.221393253643583
2.2392852384218696
2.2900340020477175
2.254110595177743
0.024063881455675395
2.2791162122182076
0.6779834741707954
2.2266990660938495
2.171523430738132
2.1743939780849066
2.203408291028822
2.295024199288928
2.247586207268115
2.2643986986950733
2.189658509753861
1.3557943570367474
-0.14387900676253884
0.3001823357197289
2.2094196411252716
2.2162444272482418
2.203397706562869
2.192775950678367
2.2963403277559675
2.252997898644624
-0.20321107489539494
2.2523469868530555
2.1873366506390086
2.202791589987079
2.220772082419833
2.2031694042768466
2.272307437815324
2.2125209940513977
2.255301717226986
2.1920685453091813
2.195885474601077
2.2940648096404086
2.1977531569152884
2.291114014376182
2.18688728833016
2.268789487699812
0.288311838822736
2.1550582227638793
2.163881495950405
2.210520563451266
2.2120284350487296
2.2244176278747667
1.3290766080933962
2.1715847020277645
0.3099342437256602
2.237265084358272
2.2272034939411034
2.2588932139169744
2.210875726691439
-0.13903435846046172
2.2333236209804066
2.2146941562314817
2.2703956104524674
-0.14203828980757796
2.1894195253322133
2.243372276190974
2.1803315944504122
-0.6525401539165037
0.2996168903299247
2.2478285438708303
2.1995416411532296
2.209119523262559
2.202829036056409
2.1794327066983827
-0.20493902859818666
2.2097524638163044
0.5346030130113945
2.2406467379330692
2.2211995112413714
2.2323156539419324
2.1723876865370855
2.208761675849003
0.7890441907435929
0.3009862939636254
2.2073945757739772
2.2405830719551028
1.1565281226279929
2.2159963827218254
2.215999816799749
2.2313265290664037
1.060809275976847
2.2190578878289475
2.228129197114626
2.277467980583573
2.224821091913567
2.2549687192826244
2.232358618677962
2.202225329172871
-0.032890481320085985
2.167514285232139
2.200650124523831
2.1471452889432747
0.7751255588296665
0.2914174050971836
2.1853956733122977
-0.14453573564863573
2.288718779989911
2.209335154182866
-0.1543740058123192
2.197227646825346
0.2454289740730056
2.2233121436745824
2.244182395166829
0.8412966782772068
0.7036234086661779
-0.15496460626871308
2.2462185945174102
-0.15434427060274894
2.214074190651646
2.298564194599197
0.3090751563738052
2.174474184861195
0.7892467296229135
2.210923547121947
2.2325297675904805
2.1783147594566605
-0.18775305511689278
2.1796802987818533
2.2009321813455736
2.247064511949959
2.1734352973969924
2.238567062773478
2.204907183135891
2.2142301390871992
2.215556315985813
2.1941061720044606
0.30177743928955963
2.2622190405333775
2.205801980099993
0.9648745207803309
2.1624754215326503
-0.13733557916340436
2.205559941033636
2.2249957268474825
2.227376294759468
0.8943687210999645
0.4702410502276739
2.1838918991470604
2.2634381080773496
-0.1482224395624766
0.4750732737068447
-0.1491541825913455
2.229879089968403
0.18915087681181103
2.2811645135249115
2.2256354909004465
0.15131952960934744
0.306621815829787
2.2220132973464235
2.2102257904526037
2.1765794003523515
0.3090560123821661
0.9874557382681466
-0.14567313151375594
2.2456069816427426
-0.15827739624432616
0.023658970975883875
2.217953797676639
-0.1514542889018292
2.1844208045093714
0.8008752598459064
-0.15370714577650357
-0.154008795625784
2.2223745229721223
-0.15014248634473232
0.3018620651868823
2.211396788011929
0.6560178298103988
2.198965460219225
2.218779478231987
2.169309633429439
2.2716711725597407
2.2680877782975086
2.2242945636217772
2.198013945939676
2.2064516518362973
2.2087035394913244
0.29304918159880994
0.3060434579782054
2.1946700303866744
2.234000915287944
0.2971406571394668
2.254927086865478
-0.14676197640198063
2.2005229913936417
0.3983592894666304
2.2021465637592197
2.2426554354733588
2.2719204122203758
0.5271573828698056
0.30665128765558114
0.3035135918642068
2.2424414610918877
2.259438011389261
2.240001956265406
2.212179030777652
0.9584507075527071
0.18587095058029446
2.209461283140567
-0.1406886846796224
2.199663580103478
2.210250808602656
1.31869634791777
2.25348662673317
2.2114814113934673
1.1521143223422046
0.2945170594934007
2.231773025227256
2.2135386758097404
2.1917778833439203
2.2555457855531214
2.236176080077428
2.190079030249169
-0.1425111848815988
2.242944013146438
2.2022942035688424
2.2357098503028836
2.207860738471777
2.1970624081565346
2.170667004093227
1.2677298355825481
2.253541183586676
2.174368497422109
-0.1414925112793793
2.184311063941693
0.5454699454699588
2.2029181066576506
2.185917823114479
2.1481286783796305
-0.14554900711043217
2.2366849720445163
2.1706843335451387
0.6281101196160236
2.185391351304755
2.2999412551232994
2.2309946548452118
-0.14324092339143515
2.2008846037610965
0.36035944002671927
2.253587037202517
2.1985420936035407
-0.15229275053885247
2.1946012948815223
2.2639129212456357
0.2963989382573359
2.2410607161564338
2.2419393438420485
2.295612584979845
-0.1480984907286078
-0.15615613212860613
-0.15156360071314234
-0.14202230484658604
2.2170150994400313
0.2952309866054323
2.183290514911829
2.2635730646790355
2.2069531416345125
2.2640737734339957
-0.14356216640383035
2.2200952776821596
2.2045642709217583
2.2600751945990627
2.217908972058524
2.2007384999570596
2.185594604699067
-0.14724866954335378
2.2351695349321665
2.187803615234557
-0.14949080617135485
0.46384697909724665
0.30836930604139956
0.7872282820776605
-0.1447874334153151
0.72787779360288
2.2206813440115103
2.2173695229697006
2.224677561371556
0.36306660111655364
-0.1446349054817667
-0.1478734224130052
2.205045313173712
2.1947020564175093
2.2124642270763486
2.209386718847204
2.169856800047147
2.209613658055562
0.29319925237778244
2.268406247370147
2.230723865665569
2.232170425717344
2.160879468529041
2.189676930659442
2.2469698418380277
1.3235923980137863
2.2077217072209754
2.2625330206494043
2.206426654628342
2.208659133871641
0.11765916264227061
2.2805372447878596
2.1798514036612975
2.1931972160809567
2.19939923806939
2.1763554101698057
2.2231789887066897
2.278131197337019
2.193550153787077
2.1824555204041896
2.237455035415782
2.2056735318224816
2.1888544213827457
2.1804702816787165
-0.1524236416274764
2.1802511747553477
2.2128573895063277
2.2192973452757765
2.248058558195932
2.245817781747217
2.204680413333016
2.244461511162143
2.253725052201357
2.2781172012794264
2.2185058831144624
2.300056853345613
2.2914137358807976
2.177912800716966
2.2622274423005098
2.221058054883918
2.26479659010013
1.2032857095775151
2.231687823019714
2.286091142835804
2.2540655711256985
2.302088247877585
2.2322189663581695
2.213653070330945
2.181690332065079
2.2026273495932442
2.2342962939687148
2.2016083121927292
2.2274470103990875
2.2549504069105035
2.2202721716618785
2.2189106537911263
2.2226873881038873
2.2067889022740528
2.1706970227107636
2.2161310976091793
2.228023632765387
2.193285139188239
2.1904540174916987
2.1753205379748843
2.2085955743805297
2.206534135951948
2.2951208131507204
2.257243777292864
2.241854504883828
2.2860340070384093
2.1971704030595403
2.210112624172711
2.1791837667583875
2.275433761874124
2.1981417855808076
2.2110218047030723
2.2619589434438385
2.2672179499874083
2.2313421014999415
2.198098619520183
2.2083728753912997
2.238581925621864
2.2610722685086913
0.18592928179755053
2.242586812124493
2.2029894666158505
2.2139864310019077
2.1926752664827953
2.2267775742199953
2.229079624419459
2.293997298124368
2.2188300325656316
2.212509268912207
2.2753424776847786
2.1858206753348246
2.2021885771435232
1.3210112763455355
2.205717351099075
2.22414500889158
2.176479085888217
0.8131172533105253
2.2216047326360453
2.2605623952003002
2.185831761736438
2.2270532799175875
2.22561811903197
2.214678206045871
2.17194875077546
2.2482302442565656
2.1976797912059203
2.200774888963804
2.1925360928475754
2.1928382607994283
2.2753151125800253
2.164274479015278
2.161558311694211
2.243051130931849
2.179068621086212
2.1713642206661348
2.2776644458828663
2.2491861488408165
2.2405984377137256
2.2930839368187454
2.2717961664335293
2.255999690725314
2.227540242850711
2.2720596372377644
2.2194190275652383
2.1470221376322787
2.2055291104866956
2.185790293964947
2.2347667558929145
2.219522118728138
2.2545285798909513
2.2435788842495548
2.2222092018210686
2.2369907069491792
2.2418093902574254
2.200061747986908
2.224075173365369
2.1890870202258323
-0.020158128898331185
2.301971834637726
2.2430240933998036
2.2087133818887557
2.2420372131770305
0.8061374712410154
2.270980786294785
2.2113663429575827
2.2302970977335175
2.226661674813581
2.19771322618817
2.2258012005825343
2.250134092523281
2.1763824284953746
2.231139864127251
2.222689549843225
2.212632409699756
2.2322332220613594
2.1990614920058094
2.2210926431536193
2.1926294693678363
2.1643853503739328
-0.1479145938365117
2.22521235202221
2.17859372490432
2.235315972037685
2.19627741304172
2.234754256337014
1.0421392656689474
2.2406606849933217
2.1788136692461624
0.6410068899246313
2.22760975627763
2.1915299051844315
2.1957180328312424
2.175774888437612
2.2799174446410544
2.2415542529571435
2.2729726060724533
2.276845144092491
0.7456223353990405
2.2014148189631784
2.1821375184903173
2.2940677454364096
2.2203180940224856
-0.14305631496354804
2.204401250048459
2.2573977277150767
2.1806915513898133
2.20535517590615
2.1833920694400955
2.1981515174325335
2.298662668201451
2.2169809590525342
2.1883820760070143
2.2392011478400247
2.225540718576396
2.21856103047577
2.2594432284050217
2.22848661255488
0.5270501654147964
2.2394568761779357
2.221681619846982
2.2520280123516705
2.230807167953781
2.2826315630469276
0.09987460486475636
2.2176546855572417
2.2298878091143286
2.1754018254207863
1.1321949648772995
1.1574197836418014
0.6417510136030368
2.201686028916449
0.6390811310721286
2.2567298029414857
2.1707326736200176
2.1883585804568266
0.5930891741146274
2.293904972395969
2.235686813211829
2.15781355020459
2.208361743736182
2.2298982138750896
2.2359043379191195
2.2482539110827036
2.236730537250245
2.2177077360544875
0.8073237173380716
2.2033402672635467
0.31050230746522534
2.1919535708118616
2.198361255477595
0.15587072524333187
2.2588295350334535
0.6558287495509175
0.2956301512949253
-0.15323150716755696
2.2006867359781
2.2017413483602066
2.2277887395771145
0.40115827519440017
0.3058114968876393
2.2722462015195326
2.2590567616973933
0.21181538459102944
2.275952583136219
2.2057136955064305
-0.15389361333939142
2.23541825094
2.192032258839617
2.232568342488124
2.191153629705138
2.2253177181788786
2.2390273210826166
2.158984683512623
2.2143189498276445
2.228659035093529
2.2159380531960324
2.188268738558559
2.177950089349448
2.2008481940368028
2.2750822306384126
2.2020095668095854
1.046239956655809
2.1663192255634036
2.2133549024206802
2.290589485312043
2.2217718961024877
2.225213182882176
2.2321276414761257
2.194303870181734
2.1995482556562
2.195506330056217
2.2143120106138836
2.2255519360960543
2.201126328471807
-0.20445992527591028
2.205069533267327
2.2494104827921837
2.2620877195658435
0.30603782990315753
2.2135917633590543
2.234693654137887
0.30778568686261853
-0.4179080933160233
1.0005405582847067
2.223833142356148
2.239358331036088
2.1571319879170403
2.187413422249953
2.2442931056260993
2.170269849456364
0.30192261299038314
2.2594252767679808
2.218872221152477
2.2302470905906677
2.227419559522107
2.2321701124035482
2.261570081022731
0.3017442496558774
2.210571311115607
2.255673679274085
2.2367603556026765
2.2782437604284795
2.219102529011981
1.1785553956728152
2.2299505207673955
2.204577192834268
2.1946362364502705
2.2690490009389865
2.1974870690314443
2.1656840036370775
2.209149856331238
2.2097811220017682
2.261055886177859
2.254660000667074
2.208199612472089
2.188550756741063
0.29898708159970094
1.116991636503323
2.1808797463544853
2.201567658704165
2.2513829606432902
2.2398327381458367
2.206661659952319
2.2196986211236043
2.199405797629031
2.2223440066493083
2.2197395664910355
0.5523434323591194
2.2316789795788985
0.5151193933739837
2.1979163197047114
-0.3162289970834221
2.237004518359605
-0.14793239662850083
2.200747914471369
2.2270990332167564
2.2378385401244363
2.2835612239817387
2.1890971583451275
2.2088247824268725
2.2476154432107966
2.215562593837772
2.216200526919293
2.2206613737004988
0.2918537551837619
2.1916755421988583
2.302330243990247
2.2381162483326698
2.274884338893532
2.2727950415188976
2.2346748894955075
-0.6554804028065443
2.211314562065052
-0.6556097861807908
2.2770116381200105
2.2227068920594766
0.47096013712536805
2.2144038652444618
2.208972365139806
2.2673660519872607
2.2353563944982566
2.2266580470358996
2.199158429896155
2.2374126469304527
2.227591179579289
2.2207950481979832
2.2267352653387498
2.1891627322327825
2.182590355446784
2.1931483401423466
2.231573629327461
2.193439795440195
2.2342620702547187
0.7155845016331166
2.217061163163713
2.267140548326423
2.21051103124738
0.1821960131250006
2.191961819029523
0.6034870198106292
2.1410626295816493
0.019567489598898757
2.228562558648259
2.193168831225037
2.2526302797112385
2.2912264925317243
0.2988860501530469
2.248339112031587
0.6564353300768389
2.193678820307678
2.1855977025566666
2.1924862171713175
2.1987237190826177
2.1950387921977463
2.1800949216868597
-0.14729260660105586
2.2426022127387766
0.30670139256654216
2.2987268364180067
2.18512296276619
2.2023306432661913
0.9946332432188234
2.236338101140176
2.2320210833131178
-0.1393550426155935
2.2418639107528233
2.196771272249232
2.205951661728763
2.190066541894262
2.222692647530971
0.02457917645456198
0.296725091805352
2.2109245151793164
2.225796851727197
0.04376352677356102
2.2684055120655007
2.2426484946898118
0.5381542059166202
-0.036354507131627745
2.232653812852884
2.2259199665994704
2.19854211604747
2.2241190030739233
2.1888160414397353
-0.6541353964212778
-0.14664551673147044
2.209051940109892
2.2540840891223324
2.2281844492462186
0.30837627852066557
2.2061463947097373
2.1824434799128003
-0.14970962863064166
2.2122118288830426
2.2392381527519283
0.442719801275395
2.2001576801497182
-0.14301351187427636
2.187414398018774
2.1466309690961927
0.5406152722042724
2.250946118363074
2.276515553654647
0.3002375975749127
0.301330216635275
2.1943502408579887
2.2037876187110683
0.2939419317436148
2.206470960325193
2.221972571397977
2.185020621709592
2.2571123442782124
2.216327213117604
0.3016323770024651
0.2950512448599505
2.174102917878443
2.197753770134068
2.2348480194416043
2.1774008108666587
-0.15114622408391806
2.238639132478708
2.208543471943172
2.2129720868867633
-0.15442194197517453
2.2341838999682104
2.2411102159893908
-0.15307620073244688
0.1797279148142736
-0.15306011318430962
0.2974893938739901
2.202615133924388
2.204962889139896
2.2172658215971124
2.2186469815793206
2.173557103301193
2.210300511226351
2.247073129589814
-0.15698668889482104
2.1606315918373067
2.1600067967476377
2.2930625972657213
2.2142402957721417
2.163307103625862
2.208613378180404
0.478282146438316
2.1886061984804845
2.209353803903626
2.179318126833662
1.3398878333656128
2.2874008673427118
2.2050837687175706
2.229237616604143
2.2052803802876775
2.263370802058393
2.220007432053874
2.214335638869788
2.1863202392251866
2.1905549043968744
1.3721091221617419
2.2258794251328426
2.243755399048096
2.201527611352221
2.278796246559068
2.257989119170872
2.1706621606359686
2.2272146241966455
2.258812424967977
2.2582865001489196
2.213397601565408
2.2072932472603486
2.211777755835868
2.2161350566749016
2.2637901749972382
2.21934741673005
2.271333654755756
2.240247310287432
2.1804153767092203
2.246586587013805
2.2399809585198405
2.2090687352202023
2.2685819620827177
2.2510876293322575
2.2029119924738128
2.2148688554854115
2.256583620902716
2.2515809630289145
2.2261341795302805
2.21466494899913
2.218062182142953
2.2462733118754987
2.19889728787036
2.2224753599080502
0.6933833623089278
2.197719688004245
2.303258042079992
0.8022017521517726
2.197781826211994
2.2035180638424885
1.3309448369255419
2.197572190977936
2.157093534452386
2.20230536498209
2.2080187451662203
1.3096583916897968
2.294580718899406
0.8585314606264712
2.2440725095927805
2.2970009653889667
2.2456407784317705
2.2318198616697025
2.1788637328547606
2.195434064698521
2.231395154793803
2.193761749622075
2.2039337374676196
2.2423369760782688
2.1989305050308494
0.6751734373471078
2.2644761292072486
2.2923863188047635
2.2364691136531714
1.0636364841970303
2.1600101361942436
2.213005032721636
2.282226273652075
2.21998877057829
2.254166444986576
2.284290484811627
2.2375941652781393
2.2180569674275463
2.2609676944258164
2.2187804912234577
2.199215755848247
2.192617539802556
1.0558014058626395
2.300069013883183
2.242444030145394
2.23568157322025
2.2817856468883586
2.2482308385704632
2.175915643061581
0.6501431770516461
2.1860318634598324
2.2283453413422762
2.215275535066464
2.1980462906968112
2.1952972905645725
2.222265916201806
2.1912276528076395
2.2216828637277812
2.238489146787269
2.2990700453267205
0.6578198246908172
2.2934746750423844
2.2254713087455715
2.2119738740857082
2.264968727537894
2.232570299325533
2.2200817632398087
2.2188597672242736
1.3424650003933198
2.1706612866762893
0.6307057056215897
2.2064879801245993
2.2194685030768215
2.1980426505951414
2.204364731998358
2.2488043299530394
2.243490216064407
2.278097723613479
2.1655623130946284
2.201217358439426
2.2121894037816956
2.1886936923394895
2.1858131838857053
2.1923736840110166
2.215827308311159
-0.14305303902740374
2.212839841461133
2.213997918084826
2.2059737070904095
2.191296414725158
0.4121459208380111
2.203068043790563
2.2527595697157112
2.231517150478921
2.199381287113033
2.2127182741563303
2.190679432832704
2.215534691163208
-0.3572607269953092
2.1906528048973595
2.2559056095602887
2.301619538061129
2.254779345847208
2.250922887349582
2.297563763970821
2.1863083021318293
2.214655145067397
2.215681297788376
2.2878779104141973
2.1917769619203966
0.8222750150877125
2.241170296118388
2.254698819749539
2.2130970430453187
2.2021588894683854
2.174235185828042
2.215209321290829
0.963786145390872
2.243722901428939
2.2624962153889943
2.2039738587296767
2.1906767744777804
2.296370382155102
2.2765867075090656
2.230152740434403
2.2501744339955234
2.1887374677319325
1.263941906126681
2.220530603844141
2.1808370829502213
2.228094609105739
2.200487628655683
2.290088966523601
2.2104873690529434
2.225392507629437
2.2987929346236062
2.2303660553660887
2.230764205640189
2.2411590931719747
2.2137873729837505
2.2387188196579153
-0.03291778078125138
2.2543883026751184
2.2901660533615766
2.301158200941966
2.2430542803548157
2.2609888340056576
2.246785498743784
2.2849403823744483
2.2997417337732005
2.187616955086181
2.2218535535201216
2.2648399900062213
2.1880777921233037
2.2442421643335533
2.199383542051881
2.142300950377369
2.248782643450624
2.2145512710225748
0.2980594373221993
2.2718789772318497
0.5041274929577316
2.267823705815993
2.1957648873385844
0.3036478066504812
0.307827009796782
2.1840838988808455
2.2834476877615217
2.232486474808793
2.2401414406772973
2.2073350836008405
2.233333412868399
2.229862699326474
2.2232818216085946
2.2905574774243678
2.2000436322999803
2.2357567692038494
2.2299887685139805
2.184865612226132
2.2802760863918317
2.3011744078509215
2.218113065822718
2.218087322424209
2.2283409510402477
0.04986472721622981
2.291368732553755
2.226880863786806
2.211041771557523
2.2272045030224197
2.175687514616036
2.1592698525047203
2.2311787712957285
0.29805780636998613
2.2337810139695664
2.236297250437684
2.187822909658938
1.0046579471535042
2.2264933083988567
2.2581784568959926
2.2460134164917918
2.2002257292509912
2.1662041935211547
2.255402859375002
2.2110217174477906
2.2529672355703028
2.190640873917517
2.159241964343269
2.257047711309286
-0.20921149585659687
0.4840596520048775
2.1828608722032987
2.1928820198582333
2.225738258459927
2.1975553757911683
2.1626150874335917
2.1599888344475424
0.3015978288940086
2.179652023274099
2.2254708600342648
2.273399215320155
2.1810856521992212
2.269935592371106
2.172401393574427
0.5691736651444614
2.207835371394985
2.1743779899414184
2.1938983688306566
2.232926392389247
2.294824838338481
2.214498599121085
2.20568823382524
0.30264326564077093
0.30212879545557964
2.2118592562019073
2.273339489460998
2.2587384801893897
2.2387931880433265
2.213292663056885
2.215988332296136
2.184144011048904
2.211122885687642
2.2046759557950137
2.200390659107569
2.2945913699724656
2.1797149112203797
2.1934636951024866
2.196495666236369
2.1735698408615534
2.206919024858716
2.213135554719024
-0.1548880848721957
0.3015059129039325
2.2622724966717866
2.2618338709579584
0.3008166580840539
2.1924011342876617
2.290281822620627
2.268443769872042
2.2183205090383464
2.1770504291884967
-0.15017644388894907
2.1842960315762783
2.2109901160359717
0.3031686376840244
-0.1461643915604062
2.209148019010655
2.1869608346699847
2.2436099284634063
2.26675593636335
2.2180578800168105
2.2560727236732663
2.208741694178189
2.2372065738247997
2.1929835441106
2.2896946889775993
0.7562127746861661
2.190419792575688
2.200006861363362
2.2500451001816444
2.2677288022686115
-0.14294574921351677
2.1812076590713536
2.2136070828750425
2.2564527776116816
2.1967144269377306
2.2414820644792792
2.22015375046323
2.23775580848259
2.2438078495932414
2.2016353549239085
0.46652351107226625
2.2112115337900464
2.2394228963757543
2.2415224083995486
1.1002046545423387
2.1883377254501335
2.1717758761484642
-0.15769917202149508
2.19035010560268
2.2275986583686045
0.6472558081683443
2.2336768071187887
2.2280050258146247
0.7105006284015807
2.227192203424604
2.1333710967205226
2.2207048324534093
2.165816292891846
2.2302441254210525
2.2026228786810638
2.2357450278845166
0.3005480885475812
2.2994658174093394
-0.15331133376277983
2.217290586365248
2.25731688395613
2.21690731897011
2.2137852204830066
2.1872935204945065
2.254940018014302
2.2181438021059248
1.3001260920586013
2.1982399156588803
0.30389513960022957
2.2526752033848254
2.192612926720675
2.279006646341708
2.1885630984742424
2.1960899704336505
2.188096801602276
2.175044766004934
2.2178135218573405
2.227047939586807
2.199208420760269
0.9271988656185439
2.182843025124807
2.2206645025221157
0.47692297857114857
2.204215031816789
2.1804462329602003
2.2121542299509303
0.3028875694112449
2.255054906734111
2.2020917850614583
2.2329835658528143
2.208592540863665
2.2028242161759213
-0.1475575885314749
1.3534545601958416
2.2346206231131194
0.2911986661036529
2.2167800727170026
-0.15780525228267742
2.268009202208307
2.2329300981845237
2.2276408100805165
2.2139480955426682
0.016570384325901077
-0.15150316064826927
2.1956461091004744
2.2031763179688992
-0.14645230304173068
2.2253129553754003
2.253278318013881
1.1754855793337828
0.3029799006707212
2.238154789673554
-0.16207953267343295
0.29210140900526793
2.1996940671488376
0.37208417129513016
-0.19931405936299235
2.24501725646473
0.5452857687805345
0.632293373051344
0.9206022247821224
1.2757207920466036
2.172561301429312
0.30338428394864914
2.1759217425320214
2.270403926335666
2.182864120419648
2.2659390694060146
2.1953275180230047
-0.14864663441997192
2.227930963303611
0.2955587013721103
2.2037103958292277
0.295019025415042
2.1964320864599722
-0.1439268332679614
2.1839979376583867
2.2206739646414455
2.2179504515683597
-0.15549871679234473
2.278009377741425
-0.1429596170075031
2.2214626494330867
2.1643178142651527
2.2314980221293674
2.2507557637558175
2.175134884508723
2.1894020464697888
2.2315176133481094
2.1949118270369885
2.2388034026435806
0.28436357607175244
2.171220007635999
2.249267091348284
2.1827639952962965
2.262568205128251
2.2146102530807665
2.2238331934433293
2.2222589033768485
2.2143236011581595
2.2087861918283336
2.1610943396008437
2.1922811574511343
2.1825012443080167
2.1946659079634205
2.298728939947712
2.1936214321412364
2.199534511454776
-0.1369139806660614
2.199657691222318
2.262225389041811
1.274201669037438
0.2916021910557678
2.220376556095233
2.222213317064025
0.012078547110868643
2.192146523446942
2.2149026322541747
0.1441164712940218
2.212321939722715
2.189940066243968
2.158524197643145
2.177934999384038
-0.1521170645805861
2.2094963025660763
2.2264195810681677
2.244859058524548
2.212046988480319
2.3003710286988706
0.3829451783769758
-0.15258913495678322
2.2328492027687523
0.5205419883206683
0.3084352704398074
2.2234103938362955
0.29435346976753773
2.248904383152076
2.2249796508743236
2.2637255211060516
2.247673150286694
2.2500266680897782
2.2424345592685793
2.3016900909418734
0.5443399336883867
2.2290338275138435
2.2171960609388908
2.2511680850708435
2.2754766813687013
2.1965655421143375
0.6668759051326447
2.2295416758637088
2.207870337358507
2.2214408191921944
2.2271464420310076
2.217796859553541
2.2186404240845694
2.2139218155859623
2.232691431618738
2.1821369032499587
2.1827602707114986
0.5298347506137702
2.220839417449949
2.200854202544381
2.1608081989516874
2.195487089043812
2.201250886804685
2.263249164942198
0.503868153630593
2.243258458447086
2.2223012513145246
2.2295009411404854
2.19188880990485
2.2465515854962135
2.299087935972084
2.220443886922533
2.1984529366539323
2.227863244022771
2.2331448527945956
2.27702456776651
2.213544553552736
2.2543911100620546
0.9289884338679528
2.244270772705313
1.1179146841203893
2.2262765581464867
2.204986691639062
2.23928266718504
2.2632762276791434
2.2217903381983843
1.2724114506803217
2.1769260251668126
2.255133136114242
2.2085143852162883
2.1960324810640377
2.1732409811727047
2.1955988956857695
2.224561948707106
2.2900092679710706
2.207308936274841
2.1919916339506886
0.4157285435639655
2.216872256875872
2.188450280124737
1.1223168817973663
2.2309379577081074
2.217563160306613
2.2129713164309797
2.2383329508247902
2.220446904744427
2.2376796462649127
2.220690381341897
2.208720959623652
2.192459149954676
2.2738475034801464
2.2671576824403634
2.271163403277013
2.2321519985215152
2.2445412968666947
1.337683355368604
2.1844035099063412
2.254219628171577
2.260358412840203
2.23038974264017
2.2431594081611688
0.6592941178571328
2.18808790373566
2.234416748441925
2.2420335266136293
2.1993760957340998
2.260680170160213
2.2061064086349678
2.2574300112928043
2.2054992825088298
2.198698559451815
2.2594799064117694
2.178901761340744
2.1780011942283792
2.250153425800522
2.213770465446486
2.2011578834054593
2.2210614686707606
2.2461752915605
2.1934018033832094
2.249229262173731
2.2188958018241363
2.2706574476898345
2.2188072783120236
2.2693227617231497
2.249803436510298
2.1944488900908157
2.240238453881695
2.222380713352516
2.1874237325871393
2.231106116013996
2.207505977331774
2.230504854700172
2.210814583789059
2.2602930276493316
0.6431828922213931
2.223128110539121
2.2330543392565936
2.166380541123872
2.211431996012532
2.171000718661389
2.1968631652052624
2.220283273251745
2.2988949060896635
2.21792848296291
1.1783894074225427
2.2351404909777597
2.210553435715007
2.214620831395405
0.7258648588170986
2.258595334734755
0.3039012011520005
2.2468211597949383
2.169506408429091
2.2044687252676924
2.2331372135093464
2.2676566488166676
0.4770306058104655
2.2448794000918495
2.237196326985534
2.214788230236299
2.178932647647532
2.227769523410332
-0.14383793638938724
2.2052830404694737
2.2629594681148486
2.1766064679198034
2.259591025293083
2.2585952651086143
2.2142467729547795
2.16834115337607
2.1948364198075665
2.2044442078894746
2.192716303433095
2.2413806963366096
2.266650976256715
2.2838651135920243
2.274296119071707
2.2992008047058055
2.2513560731059687
2.217044479813379
2.2691146549720282
2.2250266556146836
-0.20540340982245484
2.198013854863448
2.23963518331934
2.2107221865719087
2.21351353988874
2.261483746942919
2.2091890574998
2.3025234061072277
2.1845237204709056
2.209646753973152
2.213768538841189
2.2995109798389963
2.2046193453346845
2.216852230720125
2.199463711056815
0.5303335475126632
2.265721653410293
2.2057889827018093
2.234947023933768
-0.5281061896929133
2.236915567057328
2.2375989454471896
0.5610430733781135
2.181970112457816
2.2507653037296382
2.2962610765804197
2.2583139253722946
2.2062383304843483
2.1890630241311873
2.2304344520388506
2.188738879970675
2.201040618568771
2.199568419100988
2.2973535030080017
2.2823100934699525
2.3017665556361036
2.204868825063609
2.225291025239608
2.1693953240463593
2.1679847184961076
2.2483935225689686
2.2766323073775894
2.2941960826855565
0.7871384106987692
2.1755747013492948
2.183544046179044
2.1893727081911836
2.2268207721722484
2.2130688076433214
2.174246058064451
2.2981506448681435
2.2173775272871827
2.181210887427855
0.8540893775757203
2.2505046960843984
2.2183402643613848
2.2042704037205034
2.236872734849496
2.230308021517186
2.2145053656213727
2.242115091612858
2.2168753322608112
0.3033161605951497
2.2010816735586363
2.1923156460026663
2.206467403132076
2.2632856952407137
2.2617980031874403
2.220310863820144
2.224436053941658
2.18672564925664
2.209989199401173
2.1743450976939718
2.1607535258753696
2.1962590866680665
2.239482006782552
0.2961602696484952
2.2283664696373284
0.20631574254576013
2.205454291596074
2.2011107368107643
2.2702264712097437
2.2328106396899328
2.261054504943674
2.1748021683790064
2.2585161932538123
2.1629143913394273
2.2668274653633484
2.2538367303018
2.215489963819481
2.255543340492863
2.1803421525549496
2.21571433907799
2.192849817571136
2.190606966781515
2.259388365089879
2.252444490702551
2.2246353032509334
2.298145648641697
2.282248249163013
2.20964346047987
2.175269620823805
2.210896788914538
2.226911435424495
2.198346295109029
2.237197434297068
2.2231904073263014
2.2685933173175172
2.2421740756712065
2.258071172571335
2.263152581735712
2.229640190069443
2.223654303067209
0.29736178755078463
2.2153835836210174
0.1960850774187995
2.219632312384973
2.2938755237159976
2.1789684480764313
2.1808780531677305
2.200163364562485
2.217450766924684
2.2120259194724117
2.2240570859133784
2.2182144374980455
2.261599009049702
2.215610722525216
2.1822323630860962
2.2444365190593087
2.241051677402356
2.2048897412011366
2.1728089153201466
2.23159125624172
2.1964866074549985
2.171353724131147
2.2030482695744813
2.2139051685286844
0.30368375592637403
2.1866918007089025
2.2280295159713113
2.190908060384679
0.5087538056784335
0.3000089200502668
0.3024405139661526
2.247454429352251
2.205114435939721
2.2404709521464135
2.1966418608540437
1.122572323167954
2.202448033738606
2.188654208213303
2.259775893525419
2.2245093009332897
2.198099446023167
2.2067863513820294
2.2301743442702637
2.2959948773451346
2.1894349534239654
2.2336776438608066
2.1878783135136395
0.30473360827806567
0.3016559907416447
2.2103320297717763
2.2206894735411287
0.301925080103802
2.2580102184144586
2.216178913046217
2.2472561757322604
2.2310798032323964
2.250737132532292
2.1867610180945523
2.2582521239498194
2.20622472903971
1.129074300018246
1.023373625805122
0.2962097158536501
2.1667349508355542
0.2890128876930835
0.8167148735249594
2.212924580742963
2.2599220739593573
2.1815329434600734
0.02577093079076892
2.2345318240298515
0.30341785477316247
2.1954578504929083
2.2247837318650445
2.2465504020474762
0.3305328415942155
2.2472253202027996
2.201999752823528
2.188854572669732
2.185960819220035
2.154738214636507
2.204905987604535
2.2372873443851127
2.300063435456858
0.3024485480061278
2.1880549802110796
2.2009561128421984
2.2079304256188057
2.2592719341086487
2.2093936153850624
2.243139324393476
2.1661256847916395
2.1966172795835748
2.2701733561990975
-0.14913771070210843
1.217195825570844
2.2115482616445297
0.8423353421309492
2.2282334746247203
-0.20292889518823315
1.1449778801971475
2.2115383161549764
2.1932424236906387
2.224818356875051
2.23222727483138
-0.14747740844485557
2.181372346920829
-0.14566090745790672
2.2191980299473446
2.235527132879529
2.231646809937854
2.1931448109624276
1.0392457969323043
2.187161293997434
2.223970245309679
1.1655393391408146
2.204773220249136
2.257956445549142
2.217847073078134
2.1957821324546636
2.1932924628399397
2.215993470798418
1.141772869745228
0.47970401811538704
0.2907222763040508
2.19971635840929
2.2428700077161023
2.184558259274947
2.197429405365834
2.2169518720290555
2.174112542987074
2.195939504513367
2.1860967408687655
2.2470413183664437
-0.14467522268510047
2.1786413665106092
2.1939794882610473
0.29001315422366414
0.16734826097897382
2.213467216776619
2.218785448755785
2.2615817122021724
2.2224846859680567
2.222473328238364
2.223891962581595
2.268764782923985
2.213172274595298
2.216529346224646
2.231518352035396
2.1604363658162162
2.1964356700435954
2.243439132882286
2.21828988000716
0.2807390672196291
0.30097243533838336
1.3114248103307182
1.3295702952891595
2.243547629039613
2.2087361671010566
2.252886318704609
2.2635958721860656
2.18759114345299
2.244805235600695
0.3017326248559193
0.301704867287979
2.239324353911485
2.2431058305541747
2.19762024976969
2.2890868281553014
2.1856764862504985
2.28178433637951
2.2337074119486138
-0.14967095762232452
2.242104798709943
2.2410672555562083
2.209845188563932
2.274823370207555
2.2159629081710137
2.223400478349129
2.2307783755977924
2.239692974844319
0.3034591338224032
0.2993713139180181
0.2992962525665333
2.298397289550782
-0.14940902042782403
2.2264453146571506
0.4644164546820648
2.1920365410651836
0.5280126640757539
0.8246551269351508
0.30586744342352734
2.2425703227352534
2.221425319678462
2.2190978753219786
0.19402880215189322
-0.14734846480652708
0.3040000324908713
2.210933267135795
2.195536437768208
2.1935083034002165
2.230993575294864
2.2064435554814112
0.4572057674865035
2.1999450946402397
2.2277798133845463
2.1872989203925055
-0.14905668470879097
2.1724741089084185
2.1923924744942704
0.298079690400419
0.30246841398457736
2.206208837928117
2.2421664149580507
2.259436003453118
0.30066682504784437
2.2681473863666377
0.4592785857160735
2.1864147923824193
2.2612196284069395
-0.15053530264106713
0.8038070255745359
0.9022575428358651
2.2139353042389787
2.2644918074295775
2.214173103465712
2.1663452118228053
2.2565909320364095
2.2452229050892445
2.2124526455003837
2.2100816727369783
0.7010690992603522
2.264422422735283
2.227250829434605
2.243652517378287
2.241262078201917
0.6467981675930297
2.2083503394422257
2.196498544582793
2.2989152180557495
2.2243215828605
2.2500551820142647
2.2950493512166332
2.2089085135093076
2.2228088067454217
2.184174487051965
2.2135429827072253
2.185396283560172
2.2712448666778853
2.2412795079931405
2.203091878859477
2.1969774221951983
2.224019560328487
2.213763307211403
2.1537605123279757
2.2593467346827456
2.289628660008582
2.1893105341123436
2.26185610342465
2.2500076764219763
2.231621437922086
2.1821865007051633
0.2973068018367149
2.295147116250979
0.16043333272755075
2.2883619832153217
2.1841693374050206
2.2104035802243587
0.33899656006048384
2.1828776016814526
2.2661309170877786
2.2669223334790036
2.2178892750860135
0.9736020932219842
0.5164710208463565
2.239928163668644
0.5396711871728679
0.29955329291660604
-0.28672690748322
2.2224420840351553
2.191060140717983
2.155109226931285
2.283336322225444
2.266661810772388
2.2190312454340484
2.201540858875429
2.275453614868507
2.2646539541971293
2.298365087351484
2.291183054936904
0.19725665697331174
2.2216982804679066
2.2038929079710656
2.234753353316665
2.2020231455271544
2.230010271393189
2.2339567370153963
2.214406857548366
2.260521358242205
0.2931880269913273
2.2614929650892144
2.2014835055559123
2.277944924897218
2.2945637970278225
2.268411375449765
2.300832849046042
2.2811767298025996
2.215926983407467
2.1913593684526154
2.211354868846021
2.24996045337119
2.215660323695105
2.234686879256871
2.220334131470146
2.211089867032657
2.2162264758747954
0.01539896686359743
2.171097137125786
2.244358503193947
2.2004949326117584
0.6965015053189862
2.2241034176238013
0.5768804037388553
2.1948047274227127
2.206686930539408
2.269952337618787
0.3601032580216681
2.1761861681532366
2.236525892615955
0.511593698295306
2.2343462052874585
2.2993009337139934
2.175221409262932
2.2510409651579795
2.2382572285161935
2.2897382482426116
2.2384871226213985
2.2162496497051904
2.2322155515951545
2.1989762241363566
2.274944198989533
2.2914088966852737
2.2456514397945466
2.2170640929886876
2.2109260346575175
0.4010542953600062
2.220171523839002
2.2449548122349006
2.2873372806801875
2.233448837624026
2.245290979799728
2.292146933872723
2.247028427810168
2.244126241641491
2.198635479646197
2.2381700844318098
0.6861104665304185
2.219060386792206
2.197112264895627
2.2581520036553577
2.2231309917085977
2.233902424973154
2.166400285677333
2.1945409236421796
0.3518506603673505
2.203372336984719
1.371716056777081
2.2216199746410554
2.2341780370696975
2.196701798882535
2.2815882612095013
2.2315188346435884
2.204396902424369
2.205659322051412
2.2990168117777317
1.1455127259746825
2.211663746154734
2.1849165369325823
2.2786624541256035
0.9281525916821813
2.2076331183552083
2.194842225854797
2.2091745680136405
2.279852642208315
0.17070701048090675
2.2398983095505662
2.2193782294469826
2.1867693677873197
2.238631932023401
2.231467106097849
2.177152671395389
2.195616898814971
2.225882465909826
0.6091351331326986
2.300973726600226
2.178461621456813
2.2113749253050283
2.1949601371775325
2.1987873849151462
2.2555541613069736
2.260600456879005
2.2422875124796464
2.225707598716151
2.295740566463281
0.5730357006135891
2.211234285142985
2.1995837111879832
2.2000051594532275
2.202978756879232
2.1440395369428
2.210642631480811
2.2902510004994507
-0.14089121804301974
2.2159447530868084
2.217333538707911
2.228897375345616
2.220144349272114
2.1856509725674353
2.2231132466125727
2.1929001328903097
2.1945279936887347
2.2823273880192603
2.255586199083637
2.218325417115861
2.2568104279092367
2.178040697278468
1.3734909750077395
2.2307377916735147
2.222956221365199
2.21523478483946
2.208800849536586
2.248086420603763
0.16356310047380967
2.156002048184453
2.2622236118250143
1.2462952676680847
2.2173961980184065
0.3056413246467275
2.240507641460553
2.1710753363428306
2.294966466300047
2.193585739710457
0.8084407926311016
2.281822349519341
2.2147465619753093
2.2080288576584843
1.2320809532970403
2.269568300897512
0.5061177695442975
2.2185747795751576
2.1947319975362416
2.197245475747592
2.203947070830825
2.195155265592411
-0.154242640359943
2.222616161384973
2.1877551445803594
2.2255176465371074
2.2410077718294894
2.178432298859714
2.2231922441545673
2.2752855980242366
2.2145434148900405
2.1285308575324478
2.202659250541388
2.2199281217675173
2.1733203160439616
-0.1468366014027751
2.187014016143206
2.1994044526117493
2.292739177289233
0.5040266426025756
2.2767217618439357
2.2365701714013126
2.214714262683416
2.216370304797035
-0.19966574089524983
2.2197465381347277
2.2144433502655545
2.289196241512201
2.212988734892742
2.2217678928440185
2.2230362029148854
2.2250981514298074
2.1969666335040348
0.2992249201875033
2.3002508999701154
2.2126546385192105
2.2368183125988077
2.2394761871198936
2.2030574640993716
2.1653471197946668
2.227999529484813
0.8027332440009085
2.230701539344303
2.229665227289595
2.255662781762112
2.1811994773877172
2.2249592499277533
2.214701356784307
2.2066025045711397
2.2051511454834483
0.824076738757507
2.3011783883570462
2.2443602392172624
2.1913779984812978
2.2668542654854043
2.239937922421226
2.257294460722866
2.197115963335234
2.181245953738534
0.6447641484351975
2.2148372099477394
2.237232204676507
2.2630573970386845
2.191115436933927
2.231269541806446
2.1227436633197323
2.219462596237798
2.2396245124549465
2.295075164040184
2.217288070372762
2.24945513656876
1.320092930190182
2.280751315576965
2.2283329615338574
0.8046300209103965
2.225816317823838
2.162984656928633
2.247741674363819
1.3005906115235863
2.180627687885832
2.2169287049234443
2.1716273145849785
2.216104169284586
2.181642550191399
0.557063201150472
0.9063984473060136
2.249562490665833
2.2415750742980527
-0.15265314085094334
2.24913713850225
2.1999341892286632
0.339440990746533
0.8768111067180111
2.2052389236346412
2.2137391294086814
2.271245369746126
0.030295934108766576
2.2398865325336867
2.2451357772047675
2.2064910738405765
2.1992879811854094
2.221891144390681
2.2872013594022675
2.191516887109466
2.2770598288014927
2.183347061895457
2.245443382736525
2.1871178178400625
2.217988107950859
1.2904747993980215
2.1652785490425974
2.2644800273475467
2.240862078833417
2.198590341939953
2.2029966688035314
2.1724049320547074
2.263655144457044
2.281412896750423
2.1947798755417303
2.1836800246969714
2.25791714535055
0.30339077044724166
0.2970278343214198
2.2019149658256465
2.191207234261548
0.9844177483318792
2.2200759388384594
2.1669113734539858
2.2241445789862158
2.224605967714943
2.234330911920069
2.2637576907997756
2.2264602899508597
2.236360350779943
0.6496733581564478
2.2333125202136346
2.2136503255785716
-0.19828830355561314
-0.15717587219007273
2.265165143514668
2.2242963881221725
0.014420628900454147
0.7613157326738684
0.2944219759948866
2.2062916534446257
2.188780588669105
2.2585378325496532
2.198759278738
-0.0870215063678001
2.173512823811177
2.2561229553993827
0.3017553319940457
2.1804330175262634
2.2191656576968124
0.738455727387638
0.5254262139640219
2.2630651285497065
0.16190498013677906
2.2304592708373345
2.2239290301890327
2.1392304399310094
2.1872100670553483
1.3149203337698756
2.187166682980653
2.218522384046896
1.1930749470771866
0.4001733151346395
2.219087807864509
1.321247718662149
-0.15624620797648364
2.240357203517554
2.2187689009704035
2.1672210412944866
0.7391762583924646
2.2026497840752772
2.221922234947491
0.2672873329904982
2.2225265347769447
2.2019598605071637
2.2322902875416144
2.2207715325533712
2.2986241022180285
-0.1583559811696557
2.2968758651093397
2.246343519115603
-0.15675345771223206
2.236814314281382
2.160166696976214
2.1964428552193955
1.129726003707098
2.2170982255180474
2.2304177602788577
2.2550717602999297
-0.14805079501246982
2.227191944490091
0.30007483964009674
0.24769840620001476
2.22227920379619
2.208522200798512
0.298629678704865
2.2150155505251723
2.20412323168659
2.2251008450002145
-0.15094886389765133
0.6648360831934865
2.2274319193703205
1.335421388648444
-0.1464159380289783
2.211350811704271
2.2101678512542215
2.172396856783366
1.2432030187212753
2.2053914534290846
2.2492774958994293
2.2408534834421725
2.2170341244381637
2.20818543064508
2.2091018320861133
2.2175865142019893
2.198031453922783
2.2502539187486166
2.2303920403455155
2.2570184686372246
2.2077268655775164
2.213097431822923
0.3011581288112945
2.194765753969716
0.30045581247734593
2.193155763419124
0.6854218374666514
2.1861142568704985
2.2199771016826877
2.1967799389097724
2.1965969231766187
2.199770684334112
2.26772540577132
2.1883148067955087
2.1786034241901895
2.239642001033805
2.2315867853458484
2.241203678512561
2.223544517944613
2.206715139640303
2.20419911948557
-0.15476456997626004
2.211131566220865
2.2123877059911066
0.30175523475886995
2.2127434049864316
2.2473227831897136
2.228053666908834
2.211264695728611
0.34890344912114746
-0.14786595115800028
2.185255609708448
-0.13966727445878113
2.2540206336100357
2.2122518304246785
1.3176796677065465
2.2790268151093587
2.211578483004825
0.02176797741274822
2.2792511118875463
2.206508578483033
2.25775336923323
0.3053154425560184
2.2776232429220915
0.5584055308620205
2.250192758579468
2.239669259189615
2.2258381913264644
2.2184357247633937
2.2111413603330066
2.2137386756998967
-0.2488867757117894
2.148681565611775
2.221616977118257
2.195648164573301
0.7139927340507617
2.2478798927886037
2.186599370655773
2.29905836200052
2.212747030875937
2.2215380991400107
2.2276557289237697
2.181601283529645
2.240263301374707
2.1889812487652773
2.1928565879511837
2.254812757306158
2.2445023012371657
2.272724770246815
2.2025075816310844
2.2155426795885935
2.2109554827868507
2.1938125946317815
2.2173266502593068
2.2266541610225454
2.2167795769488983
2.2797200320914177
2.216061267562246
2.203450798857986
2.2855655203824625
2.2185617307509276
2.1891890419254976
2.22782100283331
2.2748384762527785
0.7109119126729952
2.1738890466422824
2.209256637088572
1.0097429185164453
2.2014133558039104
2.2395524077234903
2.1463573112657706
2.271297439691039
2.2051962236397826
2.215345209180792
0.33672077790875937
0.035669721194068804
2.2748663020898467
2.2583717523914864
2.207944918559436
2.1861788038646646
2.2289099089950017
2.2151296898596726
2.1851550819837433
2.2559065871656685
2.235341486126816
2.2429589631806706
2.2092095316630624
2.286316466218775
2.197856681098883
2.205075559080163
2.20907696841331
2.2284559063262446
2.2923434088468486
2.2209422084046624
2.2388251691127112
2.198957147151534
0.36906796497009764
2.203758728580567
2.200787519070998
2.244163086912173
2.280345721361404
2.214121155293218
2.191494705061463
2.2215391388471386
2.258623724953318
2.249720513792595
2.2431034021453913
2.214628875497426
2.141460002639439
2.296134596406912
2.2221061530533044
2.2529774683190005
2.224823366689057
1.296586233889891
2.2961876931485032
2.2287271024935054
2.2327491235339654
0.3712213596113345
2.2242547965995594
2.2296726663166555
2.269113458458226
2.2078770420246894
2.253497654534741
2.2082410677482818
2.216448765889046
0.02364939435300739
2.20417576165163
2.200544395730144
2.2172576513584876
2.287332049274415
2.2046894050960613
2.191286191675903
2.250133452205835
2.2166187174521887
2.185136862911903
2.2825530905055382
0.37840672364112926
2.2961687315699226
2.2233915208995416
2.2340774079026544
2.195937358518259
2.201284204116329
2.2562637409388033
2.2390804332602094
2.2132181435722673
2.268979297947748
1.128796933817155
2.2285072013127296
2.174560247986488
2.2332334596169368
2.198126543152423
2.265099827227039
2.160446237264064
2.272701445926323
2.1820400234688413
2.291984654666017
2.287966878268517
2.2395188902015954
2.2094492919877853
2.241315798920988
0.007397571585478213
2.1868342976780832
2.2519953131539507
-0.00022744350696551896
2.2268380714896754
2.1446067979706447
2.2016295669655257
2.26630497234236
2.271181373480977
2.2918780935815866
2.2171577430535514
2.185551550052003
2.2127559542916555
2.225463535226559
0.29807923791738333
2.237011243925532
2.2573790627895427
2.1985270508705117
2.2621109474226975
2.2014784627287316
2.295078813357113
-0.14462331465014394
2.291668806095246
2.241320665929447
2.2922565023361003
2.1729933357772797
2.215725384617177
2.2338958133829414
2.2620237083307675
2.2466637222532526
2.2045447836504746
2.2320334091501772
0.7738088913864021
2.2456010812015226
1.4138283736548638
2.241437070831647
2.2290761762523594
2.2562232707131598
2.2408122019878185
0.3531867913215183
0.30051252442461224
2.219213735156556
2.2292780518593194
2.2318824433626605
2.212986890134871
2.2093978499772593
2.221195190242042
2.234175187942879
2.2016398687557723
2.24106513215006
2.215701021814774
2.276693732964722
2.2202869468626534
2.2388376231772664
2.185595289777604
2.2489433147328217
2.26115812624778
2.260683777984523
0.8130382619601807
2.2564887001877616
2.2244609896039247
2.1611269894832352
2.194087023172672
2.215368409837852
2.2989225191925646
2.167825531822416
2.22075859457275
2.2159392535678437
2.226123170092703
2.21225264838538
-0.14066685917825716
2.2947965035391866
0.31865247981374634
2.2136096664281597
2.245151982582951
2.2528170927880904
2.26661416472664
2.2178997360593704
2.2071002060573885
2.2295332773077163
0.5858380032973267
2.1799916784086757
2.2469241118911363
2.227606816084915
2.205602752899396
2.261857009240294
2.193863848209042
2.2025827748144575
2.2175694197640468
2.2366802704894266
2.24691428770648
2.206946445822126
2.1625472400995087
2.1919926371707295
2.2542845290991202
2.172994317175392
2.2366031715845303
2.244116126697042
2.232236644410694
2.2247833414262743
2.2115162699329263
2.209583865245455
2.297894867168681
2.2077610738660027
2.204110774910786
2.2167936294497066
2.2852576957044404
2.2661347571576256
2.218025572287249
2.2647731696778353
2.2290708155977517
-0.14996534215501905
2.182413590372373
2.243480883321747
2.2587323226654443
2.299559743536352
1.3453324612881041
2.2012203797038565
2.2358382600973687
2.196429798326786
0.35799770533895336
2.1884906517947957
2.2928420181368274
2.2088941597339824
2.2119131956274294
2.2282731685693564
2.2379496568831363
2.2695025322410087
2.199454286660397
2.181001989627448
2.236948566713732
0.43871496913400754
2.223834843254007
2.263377999568565
2.235794708905967
2.171083920829756
2.222040064612673
2.233886471931174
2.2134967334357007
1.3120147784535843
2.2579243644566276
2.227761106474575
2.1852521299065586
2.274022807762292
2.2359432049105576
2.2069809262182494
2.2277081082638395
1.308775925381237
2.2018978722095603
0.8482036814963874
1.3288681127561026
0.017803478901007364
2.2199480235165083
2.175515087279197
2.239897125826026
2.251654205472148
0.7713675910308363
2.201074292756219
2.233762982761767
2.152936652490829
2.216660540348385
2.204108107541175
1.2155713420686227
2.257301647220049
2.2102712384149235
-0.18188525402155575
2.212244063804642
2.170578980290928
2.229104666670891
2.1990291916918703
2.20664741250083
2.1914830882077645
2.247868894448941
2.2280202708082206
2.205530459310071
2.2332962810390087
2.2684305066171073
2.2341967992714884
2.2173302327331843
2.1987521247364405
0.024426927379659957
2.206893583461105
2.235851894915478
2.190258163207261
2.210101575724953
2.1768026423318583
2.232148766320045
2.171012582721776
2.1848696969574055
0.19380204560567393
2.2449273408000456
2.221878715778952
2.3002618651934594
0.656627991334927
2.2116915217145925
2.2534120453052147
2.2099511886934575
-0.14798307674996677
2.25507305282647
2.225127651784491
2.2821886023114546
0.7232856117583283
2.1902123438803978
2.228154425928265
2.15247665454469
0.48013106140697365
2.1746491722971535
2.2776061746896463
0.29996295466990314
2.178826159530023
2.2068981046817377
2.1965326142274777
0.19818324496290685
2.240796397697813
0.019972501300557055
-0.14028555663422348
2.2440763722528527
2.219313838072888
2.2014185038553844
-0.15719038724681061
2.2520526446991282
2.2299552724104617
2.229112207548331
2.2872264462328626
2.217991160287442
2.239035793092024
2.1831721239484123
0.2984815036217413
2.181685748893488
2.1984684295811863
2.226469970635071
2.2051747667391184
0.3007748902859266
2.2215661719661464
2.2120798702573534
2.199154674461054
2.235001091185723
-0.15565921163506036
2.262603270830369
2.258605093413415
2.2234282891450445
2.2200602368122913
2.2368560722121655
2.2128308024370904
2.1983068476794037
2.211788424444565
2.2519173858852937
2.2037414657366536
2.2738097397393116
2.2229862841834556
2.242147406959405
2.239192982575826
2.278673677711889
2.2198489122571416
0.47056228457029675
1.2259559928026533
2.1892949399507655
2.287287224129099
2.1771403475636997
2.165488124614118
2.203059595052393
2.203255256606499
2.2004333736103745
2.1894741827184943
2.2243163089258506
2.210654778994149
2.1801817944950628
2.180717729059424
2.1727338672417256
2.1769238659093473
2.222715931637031
2.1839193555067875
2.1822751068337327
2.1913418319376774
2.2292106080442067
2.26072116876181
2.2164220577773444
2.1782885960171043
2.204180122452916
2.184361878170282
2.189292733389657
2.1858972144261513
2.2440916508175386
2.2336967815095363
2.1704056360300363
2.1936577032975526
2.217786197111498
-0.14050506999440215
2.2394798352517755
-0.534565646006035
2.2684130064975028
2.1984252178232024
0.30069281334377607
0.7929703720529896
2.21061642498913
2.226060796589194
2.2203954348860715
2.294474235590549
0.2964325213698753
2.1726855009516877
2.2117146187609777
2.2202949214275454
1.1205374892953623
2.200978662427157
2.2223625583654965
2.2235917930534126
2.293490208447995
2.2276829728939758
2.1900441999360254
2.249990932578217
2.2011698319090205
2.2213933664694037
0.3038640284285289
-0.147381489471667
2.168011208605444
2.2655548632828806
2.227149094794985
2.208052752561506
0.36727586664295414
2.254783748427992
2.185958813922288
2.2204064599091566
2.1904839304225474
0.8838371818765176
0.474419114953618
2.196365016229082
2.1858582726611253
0.8531157673693779
2.1747694216713462
-0.15704211216961705
2.237089317618659
1.2916664287751727
2.244144329491763
2.2986393155430225
2.188648393891592
2.217046731709467
2.2191501162586436
-0.031122847846274504
0.4624159727133803
2.2153579247696467
2.178741684307531
0.4705109460129877
0.640571397686774
2.2477424276164353
2.1989788241856494
2.2354013778355584
-0.2011205496934953
2.209537280640215
2.190477902953813
2.1848236087919215
2.2201470113170996
0.5308287730992656
2.213613594417959
0.30166326925709597
-0.155152948222841
0.29469950324579464
2.166933660935813
2.2021515647916923
2.2940139415494727
2.271769651699514
-0.1451150439305307
2.1919330255014113
2.1635830648353385
2.194251392842708
2.2319385929758466
2.2144373117750398
2.1989028944993647
2.2370967623959115
2.158164888513851
0.43532342425486636
2.279157184311662
2.251513663027922
2.193337301963624
2.225083660833765
2.1747739426914388
2.209727771160377
2.209023385657516
2.2821648964335104
2.235873865662959
2.2979617274262347
1.210284792782848
2.2271237394029315
2.1987007477836387
2.1976641915774247
2.1987842260226174
2.2969133444743264
2.2778256731004336
2.210717168607187
2.2724819494948374
2.2136394865354716
2.1928427725629587
2.2278792488974
2.235455827166693
2.293943066138082
2.209092808445474
2.2312659939243065
2.1979495804683316
2.18593851827172
2.2380803097371103
2.297665703434775
2.2479751203957123
2.225402374851637
0.3712016859378087
2.2437121631106622
2.2150807706876137
2.2315299285710557
2.2243462891871033
2.222909676799942
2.2393307923764567
2.1874724641155114
2.2137731978511885
2.2299466675628743
2.2741954196917424
2.226744897045811
2.196091633645171
2.258599974779258
2.2988747392102784
2.203433933491191
2.181298177826313
2.1910441569999355
1.0107152236995063
2.1989924679344814
2.2137751955693794
2.260618630088426
2.300242573634399
2.232419395375059
2.2936644188324773
2.2947503332856054
2.197183611091659
2.2581296091274337
2.2944998175162095
2.220246661220683
2.227193492289764
0.3168631332011993
0.43523515702357485
2.2239578528920796
2.1764381058420357
2.2360709355406767
2.2971848254423977
2.2295011901036355
-0.4744723068173344
2.240736539568147
2.2955072142992536
2.1768126833973342
2.2224061231566186
2.253809688091624
2.261791389180555
0.9936254512150955
2.24761139099165
2.2363862558096876
2.1842727670952558
2.23489198193947
2.1791512261073924
2.249833987636004
2.2240995961121954
0.6187452625430198
2.2779438567364347
1.3488788541994636
2.2411041203559003
2.2041166055764525
0.512945415001658
2.221263199008358
2.21195604000512
2.1943041770790708
2.2689569159995053
2.156184840782845
2.2128350752146666
2.2367148366746896
2.201763042399617
2.204103422575697
2.2104916948302074
1.3130829826306165
2.209243291948517
2.3002462075022634
0.49007920092803015
2.279446234169148
2.1675365375804647
2.2319901697508153
1.0658499502138925
2.2892952203093566
2.235431856905762
0.6272641715288411
2.2148134783659934
2.1935885275938127
2.2186711592888853
2.232735099204073
2.202710977816083
2.2333192771522428
2.1732109764003926
2.247361695616093
2.261817972200618
2.1916881858122466
2.2708778048729332
2.270413523938056
2.2416557313607655
2.1677212881977854
2.1919397412366486
2.2177091033867717
2.220310905710468
0.5900328200845095
2.203210424941618
2.2239335052944176
2.1979839411005626
2.293727677482651
2.296659608625335
2.186894847110599
2.229181278073639
2.2293142729973914
2.2093616407245937
2.259609399511806
2.2231175472316282
2.2418660113401505
2.189278452996073
2.225829774017613
2.227163318772038
2.294528690459216
2.2585867634147823
2.1873155484378013
2.273698996482386
2.229601974428653
2.178365096767013
2.2628961049039447
2.281348757046489
2.192376599219184
2.1897422754972844
2.2174578491715495
-0.15509283661572304
2.260042444941873
2.2085979110554463
2.21754174412033
2.2529150949200885
2.1795337725444273
-0.15568677278003876
2.237486216679962
2.203656121460231
2.1903136044659783
2.2145567909160375
2.2887438342059485
2.2582736745939025
0.3038974211631292
2.1647407017519145
2.176721931317309
2.270998822506501
2.2523829629255667
2.2607853295379634
2.2246701882956517
2.259652423410728
2.177142842025548
2.302243617152264
2.2164920814641613
2.274617721696614
2.2546552178249
2.208310499870226
2.1820386255639357
2.277120069458529
2.2779358811744697
2.2660533109413104
1.3791184457632055
2.18969169930887
2.191366114439153
2.294922390955205
2.2895079575667108
2.2769621621988776
2.2260376925649084
2.2019169472248175
2.185462659828777
2.217190756126321
2.179965546547094
2.1773314777500046
-0.00980884171509347
2.30409026839461
2.2321159973847746
2.2983323608273345
2.215824837054661
2.1752426239386717
2.2253232846519726
2.2061503195365533
2.2321246481027983
2.224211306998786
2.1769394554749915
2.216865368373953
2.2213095763249937
2.186058601509102
2.248498544632171
2.219590605874018
0.3062279284350327
2.2350176418489145
0.8073924982510692
2.221030945398333
2.1813903547795257
2.257397285480503
2.2116010990078605
2.217462312245601
2.1906457957004477
2.218887499016855
2.188117540037274
2.1941171370711414
2.2898622565987097
2.2135888491927673
0.19565100896356158
2.248526352084447
2.2433567307881006
2.2309238171941583
2.2270995693537117
2.227107482604039
2.212004295608528
2.282715026757904
2.1952592872934003
2.232946420133226
2.180730765288137
2.223896747205928
0.2996506622402654
2.2221615297740738
2.2075285268036566
2.1881681019948775
2.2349072698840056
0.47035142259667423
2.214216597327674
2.2083931354691826
1.321752418041915
2.19436194646467
2.2685162156092487
2.2314429383719734
2.2331050470591083
2.263230759820652
1.2366997025806987
2.2999575274787105
2.2539835808200825
2.2244910388244006
0.526399819506352
2.2465667122252233
2.215306350019719
2.197627101564701
2.251745929499457
2.1809703204415767
0.294836640491845
2.1751266887510443
2.2242766486310135
0.6494671674345541
2.200320210052269
0.5206329748009371
0.8224687089681679
2.2004318755227157
2.258852504502343
2.2502443268048222
2.1910990019117027
2.181866848271193
2.1779724305577375
2.1851461407075092
0.1358123203389801
2.1675220478852184
2.2152959424331122
2.2977552837784567
2.2021237045591886
2.203790916408607
0.29600755430908704
2.1772635366739417
2.2672561969367155
2.209703103834487
2.229796024172712
2.217084818306267
2.268532087105795
2.1991974194528243
2.2143243751651496
2.287336968250906
2.2950889587433543
2.216313079802184
0.1985699455748598
2.1938220795416257
2.2020087937371993
0.35487183725821075
2.2953456521603277
2.222989999870656
2.1904938551408284
0.9766372150341222
2.1863418090619273
2.2486938570885764
2.2163239310812672
2.2951175227989813
2.237379726245866
2.191472230451577
2.216504861690896
2.2205147688906415
2.2397152650084173
2.2047189144180503
2.2160576845527236
2.2367362542853266
2.2297686273203814
2.215687539519666
2.2047201684251037
0.3789959413760356
2.2117777209434513
2.2614902357284095
2.2152068841892287
2.1781491167124374
1.0451644100693338
2.233420653112746
2.214893890291072
2.202278526526917
0.30238234402623576
2.233138545590511
2.2808699886773267
2.1845687478379876
2.177782259053993
2.2213538461045648
2.2224788837720846
2.181091013818144
2.209444143505661
2.195193979797038
2.202477821935662
1.0274715077578245
2.185811839101955
2.211924456898326
2.191123873399227
2.2127680559686884
2.257190483683512
2.2336007384300474
2.17234711636286
2.2242137751793996
2.1812383246413294
2.1894067642930017
2.19519822622059
2.214277106604193
2.1964169693960747
2.2955434572329
1.3337799867655245
0.3264554922201188
2.1801295052567475
2.227795972154537
2.1603520293002414
2.213418355366563
2.2072911448126646
2.260150792788486
2.2071477791629466
2.1898728590414205
2.1847251323059744
2.1822648685390726
0.30048161268159723
2.200761645850715
0.9451254143338113
0.47338816403891926
1.3227744937479562
2.20758332600972
2.2963302664345537
2.2351782952732795
-0.14352063834539897
2.2045778307153294
2.1857558630099074
2.1961417477134972
2.173302748673358
2.2182589224905573
2.2253903106739146
2.2942353365957935
2.205342600676037
2.22552018047686
2.2174977890700465
0.30069256430905844
1.314609127029497
2.2591756796694034
2.2234926007939064
2.2364949794047937
2.2053761417291895
-0.1513305255978583
2.2024098960548795
2.2027204372936913
2.2220672521670117
0.7586147219266463
2.179749577329993
0.2982448921029296
2.210395338371357
2.2194555756370806
2.2612006535742912
2.2968169320328116
0.3078885605827582
2.190762510511464
2.231647638793114
2.194251472285674
0.015751208978282694
2.1793150781423654
2.261230385274259
2.2612062209659847
-0.15186830609797328
2.2229781607175796
0.30421109377515954
2.187135018106652
0.29482704162681317
1.1911338666403608
2.2193773121577562
0.975624664565641
-0.15344691837939303
2.1934829612087365
2.2347292835072614
2.201640360290294
2.1999820157557917
2.203555547360489
2.2196233504176734
2.229278548694366
2.220454335323505
2.1999027783333585
2.215501377582523
2.202725843146384
2.18418613224539
2.239190034041826
0.5900554110012767
-0.1527398862368523
0.30690268342537796
2.207356270743119
2.1835444289285757
2.2178417569352957
0.6005247376444768
2.2779030390218145
2.2242989612402297
2.195758676434159
2.2054217583421645
2.2055745153571396
2.169114327975282
0.2950004008143822
2.178544435269344
2.1711064752450633
2.2129136393815134
2.250988428439979
0.30170384944677536
2.188434944434921
2.208537407755551
2.184280314573538
2.221014479541023
2.22172861707908
2.219244803231203
2.2213562057331324
2.2282916563340858
0.7147669900381626
2.1868959039044
2.2334023198285458
2.2613381451588994
2.2974307178466677
2.210672018220941
2.2133538159187864
1.2563193272764162
2.2342878610487498
2.2723632416669357
2.2427114751870034
2.237687971123071
2.195709987685931
2.243749704117114
0.0159601916296655
-0.012390734339153636
2.184645209106239
0.8558835580150224
2.2031736877474475
2.2062978456470814
0.3694480133813061
2.2647495684213177
2.191099103684823
2.1935037618962303
-0.15678105568533857
2.1809683262179926
2.2154692707329335
2.210361532620105
2.2121696602562517
2.1970877102703055
2.22021050368222
2.1945302806359357
2.1801985624912055
2.2163513195301774
2.2037987336897054
2.2123122450913404
2.1869848800098683
1.306123036381233
2.2994738475157557
2.226013958666852
2.241551102580015
1.221623134283945
2.1897074310153135
2.205696651148806
2.2691877345224505
2.2665312808341227
0.3028728479988356
0.3008830249130068
2.2328414902303133
2.2321231450217147
2.2109328422072445
2.2377385242021473
2.2330027334661398
2.2148506642400605
2.193870566154111
2.2078801641334147
1.0865408695866297
2.182317380751525
2.19833043335671
-0.20328148461324894
2.2112583363238647
2.209973226988119
2.1838077817798833
2.2309558846247852
2.21198945078203
2.2145659162103883
2.208905980977463
0.558354532024118
2.253930900087315
2.244898267305958
2.2213119564618675
2.190273589380574
2.1839093959737967
2.1987322078352807
2.2133015192926218
2.194806937774723
2.2282929507864875
2.21757774230452
2.1967641701610603
2.2552087824005826
2.2911843713141993
2.2016807895599193
2.2061830295676232
2.2202162827983143
0.658813885073614
2.245851189322992
2.237453266567341
2.218494148974213
2.1808602413734097
2.281026363189933
2.2994583003663953
2.1921063175258353
2.238250776736537
0.4709989179120509
1.1884262799034424
2.223736302606137
2.220138010562097
2.2410914907794712
2.198974074770854
2.2724462236708947
2.1686307036494226
2.3016514018222676
2.1993203457850505
2.2137781862921226
2.2709733335397932
2.221180810862305
2.2025371399920104
2.2923764606822874
2.217454850848044
2.2711007477103706
0.358188781522295
2.194466779600214
2.199024009531762
2.1845325716468347
2.210766201003036
2.210168562672831
2.2440806844129266
2.166637990237155
2.2862696605860835
2.184289491307905
2.1916024453838894
2.2766445068514773
1.2711359212334283
2.2104769585155344
2.2193165273193336
2.2116454724031738
2.2601380525663504
2.2642968844066163
2.2574933433976003
2.2477623647424574
2.218808617070605
2.204893399964305
2.2318945294013304
2.228873682075686
2.2226064247240953
2.1855317631926043
2.175650063836941
0.525163267750324
2.2205656688236894
2.2175397189055106
1.2883669585149222
2.217148267988271
2.2512546365464896
0.3937220416696653
2.2007251805888552
2.256871446668906
2.235139199757212
2.1784299519971517
2.250656384730031
2.211766359331064
0.015291618694243725
0.34135333195268835
2.3003981358130208
2.26646389043709
2.2265971036215184
-0.479495823618705
2.1845506728590722
2.142305428757833
2.2005278985132883
2.301048738150112
2.173303130066359
2.2364122677803326
2.2025259483103645
2.278866288644842
2.2058452824912207
2.232003399646953
2.220348653747559
2.227661545775912
2.1945453099194117
2.252538341488024
2.2636192046441046
2.2726712260059236
2.299046076883095
1.0042348354102313
2.1646461962403087
2.201440783373351
2.2244214483707543
2.235581206849848
2.224461195788485
2.284209488449795
2.210447905853743
2.2276024671085537
2.253055546058687
2.219823881870979
2.2317189590375843
2.2126718953732416
2.2493296693291933
2.198184299808604
0.6256624195377727
0.6632602089702723
2.2265411112173314
2.1795749382979746
0.29464639202517784
2.1844143103767064
2.297428563930221
2.192694799620364
2.212209352596374
2.191511370297238
2.2436111883383214
2.253669192617238
2.2166440063551764
2.2222645342221536
2.273251944593288
2.2134612610618456
2.1784703688934224
2.1643159520520965
2.2983762798920573
2.1796536023981865
2.2489251036597877
2.248323443389528
2.2298408058075
2.2100110667913118
0.818021346375432
2.203349545275405
2.2421396031982725
2.195943695779025
2.1999283837764754
2.25790025681784
2.1825087077495873
2.1930673069892532
2.2285164826983785
2.2485016289543647
1.1094979612697577
2.2222000243383992
2.2478440188383972
2.233952486243215
2.22094436817027
2.2674717997487135
2.242026068231453
2.248306641259281
-0.4693179909667971
2.1825047883446906
2.1850735587185186
2.1689262561532345
2.2165115657323735
0.2935843820853268
2.1751377257138182
2.269573399633208
2.196273163770199
2.2098474617733674
2.273299318612126
2.194229080574999
2.261864813635392
2.2148681797163117
2.1912051594031663
2.21193944064457
-0.14577811794632198
2.247230238958273
2.2032099766237634
2.179272540493468
2.207402590509278
2.177195488155928
2.2691557731751586
2.225028384799546
2.2725506929654893
2.2012561986341694
2.1973670566876082
2.298581062166515
2.2311366636407026
2.229573812342121
2.2988086778833727
1.1155797123917017
2.233577007814766
2.206419013966335
2.1337928203149508
2.1895829958358393
2.221233732022001
2.2162767221517945
1.1988800008592915
2.136222708287434
2.2078725920551134
2.1862477985771394
2.1904561560213613
2.2498664453786317
2.2405952605831425
0.9797097380626507
-0.1475607070359356
1.0347483549423198
2.235714241278218
2.2011288490679513
2.233699433302777
2.2267999474585407
2.212853816755622
2.217967615655091
0.5084261003174211
2.273489328384841
2.2532940033769098
2.301234699747436
2.1423050991045836
2.2330026897990507
2.193145316106239
0.17434908420043516
2.1890918050959822
2.201855322821101
2.1724660475800404
2.236718881490276
2.2416997370564875
2.206839736046311
2.1501992157964303
2.217627071727716
2.2332807145510585
2.220780512351963
2.253780639640061
2.2373485502201897
2.1916158462950506
2.2713719011832376
2.214696165082728
0.2957264344606498
2.2527786493537976
2.1873966770930346
2.1915799743780404
2.2472597589307344
2.2080100115917114
2.290301698947303
2.262751281468553
2.2533071103701134
2.2196831540772823
0.6633190950805241
2.2953335709907408
2.224978055226029
2.296010277067876
2.2476527066757113
-0.14201300489807925
2.185363091044393
2.2915736748191526
2.2215236120356225
2.1930193977362338
2.204145279323197
1.1547720445896834
2.2083416684626305
2.2101432192620587
2.2094605783369836
2.2113107782351706
2.2222189684165636
2.1960660232830502
2.199997475309251
2.233114791801979
2.221722363403087
2.238741505485459
2.1834213068764923
2.2115095333576313
2.282758724522862
2.208926365132146
0.8374102762011952
2.2461534040630355
2.2600600589048043
2.2241416001008663
2.2237154389616363
2.23137127632909
2.253224833840712
2.2142109435208175
2.23832316338801
2.232673779307232
0.5802914034964771
0.014683998778961316
0.7597080829155474
2.178932896849539
2.202157078805919
2.2044126728181284
2.229365442280241
2.2300760616580515
2.2365776037604332
2.1854018722734874
2.2233579251392053
0.8605265852123724
2.2357860266784506
2.3000168418043345
2.203149808989674
2.2727848038548966
2.192822455860738
2.222442053848316
2.1957576442774798
2.223123463994185
2.1794185254420517
2.235761387230016
2.191168707548149
0.031749556269884516
2.1978595515684916
0.4707932020508993
2.1868761531390035
2.2526310242016594
2.2212240058099093
2.2186425515988106
2.2490761213295074
-0.14705647016954307
2.252629253003544
2.2081726564304116
2.2145447926059276
2.2041985665222867
2.260919879530583
2.2203782788861255
2.2964679927605136
2.290699207790246
-0.14849578416027576
2.209390100826718
2.241281392917963
2.216204091549062
2.1915988611867876
2.242070187212928
0.5640201215194562
2.2939392709049904
2.2428442812392477
2.199198407284856
2.206212995786209
2.204731670751293
2.176520733013813
2.2136092124158226
2.2349391724540055
2.163775574523232
2.22275833118862
2.189254885323537
2.244187654083391
0.9897225810748593
2.2413754126615375
2.1766424090115266
2.217784431724813
2.2196214573005846
2.206646146418354
2.1975310224626856
2.2036848094430352
2.173130437657485
2.243148638202188
2.2448254157437555
2.2299550164808046
2.2945694634719116
2.200448882372889
2.2251520890498555
2.2426791117659484
0.30445074581443277
2.1972998176496414
2.2973345396278373
2.243478103241892
2.2671455191077667
2.2539998870808633
2.236203625146439
2.209528376288836
2.295001577556384
2.2345726451810037
-0.14739270042798847
2.2218083378081817
2.2310675864469554
2.245241411330751
2.1836945342215337
2.17080153160025
2.2185843786683668
2.208512985555667
0.7117746152709999
0.9098347218719665
2.219216028922384
2.254801526399435
2.213787086584336
2.2583887077665894
2.1755564634008278
2.1904608091811686
2.1866751696885522
2.225700205724096
-0.13864971933639963
0.30170470413235767
2.2542809262291863
2.2084945001780034
2.2156695409335825
2.237935941799251
0.6403834622827982
2.22198203895528
2.2133169446268215
0.5232624837628115
2.164151102348756
2.2370655935172383
0.30551177659857554
2.2915453321598944
2.184041071607293
2.296577848649257
2.2181267893764742
2.2241354534927695
2.2786822245274996
2.292783389250847
2.221811023124177
-0.1409663719387115
2.1966789948261507
2.2569255979175296
2.1947128488366694
0.7071588758612642
2.2352224631529047
2.2346761222731946
2.1952229265541106
2.2042751340367395
0.30447634553639613
2.2136890135699696
2.2407110671428017
2.222862280740631
0.29967782172450796
1.0191062996102351
2.2405189725326746
2.257892866546515
-0.1569421753660524
-0.14099526882511232
2.2322344874098015
2.272807595503287
2.217109132270233
1.1218168533890076
2.2275155805663895
2.207821510428267
2.197185995085774
2.2585362016103
2.2003278442850336
2.2255946727694282
0.5517100116968002
2.211093044316857
2.187274028279827
2.1652092663666025
2.229294898894529
2.2349453800845813
2.217361502459619
2.1541718823271543
0.03645271446886411
2.221006239322251
2.1957098372942063
2.299549175724459
2.1788272853748283
2.2316371397808155
2.2951011200922156
0.5723618631387981
2.244632647528868
0.30216415887498277
2.216473394502348
2.233344398415232
0.021727237392456078
2.2246576149911554
2.224941468934095
-0.01887459332146768
2.2122810060193876
2.2039072889775735
2.246216456744159
2.275521970116441
2.2532311332732653
2.298980470395844
0.6607889569111056
2.2266261554617075
2.2024478656907576
