0.05230129499465505
0.28657438977978306
0.09305055894053761
0.3094102189677726
0.3941392774780963
0.3039951542597553
0.25406094293016024
0.21537054651306545
0.4017469536730812
0.2847947712794353
-0.018960551568980744
0.4492109764335602
0.31012308049531595
0.16694204878001576
0.5116151573826394
0.1566803242883047
0.18425588535222998
0.44881567243528675
0.2866337101317269
0.17651920366137155
-0.041020678162329266
0.4676494597651558
0.7397482665025142
0.9639920793471397
0.4364580586461269
-0.007834977990305081
0.8307659766728412
0.15031164634988714
0.6468840699967928
0.30240209531799833
0.2632669769288267
0.20712626775926743
-0.03451581540323262
-0.0957478367980667
0.6017157093121941
0.5340427630821241
0.047594659729869704
0.48279571928835674
-0.08593626932595
0.9726391070649567
0.10166861251545811
0.18483986767937927
0.23471261575772953
0.38083292257321066
0.326060941123637
0.10993257264933298
0.12502775965322294
0.9224232414392243
-0.004322015854073935
-0.13206093509199046
0.48245371465043624
0.4471371301518752
0.6586543126338686
0.6543578288069015
0.9169800740267858
0.2652046676146787
0.6337067028647162
0.6912484457605019
0.5517704863848403
0.5843296765489079
-0.33743320360484796
0.4404416249751778
0.3089978528869328
0.07566819893121202
0.3343394869492593
0.46721622712950317
0.30718092817059695
-0.03898424917541815
0.7707347668438488
0.20331820286869148
0.22155652005801416
0.04161773615503367
0.31458533678206246
0.7753997365276953
0.4797118833507877
0.08677680408852996
0.24872975193324778
0.19586862737190033
0.6877056977524744
0.48702575505765
0.20163447305954843
0.22897794410889225
0.446180366615847
0.03115857258918961
0.24769643103242317
2.125811969311024
0.26186774822762426
0.9105361041896913
0.3284661223019141
0.6290464765823798
0.6311358392115182
0.09338560460246394
0.9443510953378491
2.1705626253218746
-0.5371471967606634
0.5651478892292178
0.11431308527887299
-0.23073301407497765
-0.206109563272533
0.9450723159629362
0.7740744946585317
0.7447974117838457
0.1475829312989141
0.15588858032497532
0.1736982084778266
0.4422723946188702
0.06908887599463859
0.5628195819453968
-0.23642431510009074
0.30121500031525417
0.8522528630673624
0.6097849035373475
-0.09958635403402338
0.24051176155098133
0.38785013086890036
0.25444531615279764
0.0742474154510499
0.7409219661752078
1.2110051958245998
-0.18302176788889563
1.0835802530811467
0.5883759674250869
0.39964322951151754
0.22761321048051758
0.38818711596011135
0.8903407265086503
0.6734236266431197
0.17836496317509398
0.8929780699838702
1.104820839260221
0.589002524477712
0.2396788814393162
0.6000020245806481
1.0350560892037837
0.7901677663483495
0.3878851364717024
0.28002770100872604
-0.022848348771524418
0.9974712276896098
0.5102887378541983
0.7209608079641459
1.1335311746849739
0.18762368646903047
0.5683274837349996
0.21680308306427482
0.1995494941494876
0.5825328549168511
0.9383578517953192
-0.08866073922639128
0.7507117742659348
0.7986948465131855
0.6389426371271443
0.5407862672433811
0.9660476989821238
0.7294426284928969
0.4691715891527344
1.237710071430572
1.2573040259317807
0.8542977577437245
0.29696214874110416
0.32212461139403314
2.142715011087644
-0.22639082267666918
0.35976071624324873
0.2701863173136037
2.190533324173363
-0.0063591121452112875
0.4960758984219954
0.9561716589291736
0.5352478968635316
0.8924910408779737
-0.18199305794953258
0.14270949715840744
0.02340520305380367
0.30934630189873646
0.944413117796099
0.16294911287460387
0.6608775165483058
0.9150941436109671
0.4566854868681437
-0.10516943736913872
0.8533908776182288
2.2086656014178443
0.313373442330551
-0.5924245507373467
0.6729963325091696
0.8397385297019313
0.8550985326787596
1.1018041438655097
0.04814951695527292
0.7667675314024931
1.224761724693402
0.4444037435737222
0.7820161034202923
2.185590833772744
0.44585915955334043
0.8246173991470913
-0.10453245995569505
0.5638978906479007
0.42981801005907116
0.19748090480776537
1.3162061376252672
0.4744991370422678
0.7921259682670151
0.34775896360723746
0.76414848597155
0.373481706034126
0.2850848789850086
0.9494482449727593
2.1720784260024657
0.6947624350100107
0.9917824120679631
0.04149891231965963
0.13636363271961283
1.1327162389408956
0.8946439664424642
2.192661970820302
0.624929707044453
0.2802224759514632
0.0299002608130107
0.3068975135651589
0.3331990944578186
2.1549693943535604
0.44603067220748827
2.1380131968713125
0.975836664229674
-0.03082538938728907
1.2469340716801325
0.7917533932854053
0.5456087020579001
0.4773826420491594
1.2135055487613224
0.2770544010539417
0.7986015920490777
0.22014105846709758
0.6595276647716277
0.30036322009853245
0.7394644209780058
0.7904045419666874
1.2552037793995807
0.9769239841220649
0.2481647808778022
0.875666512825067
0.9248300088095864
-0.07119161214430758
0.40944521515200827
0.9929570270926286
0.20762287209479346
0.5668799178851256
0.4398242804632403
0.41413031481504553
0.7334087919608325
-0.2260815306801576
0.8447307125605525
1.048900692483522
0.5520507172464846
0.795953236856664
0.5162792470948143
2.211695871013374
0.22961991717560798
0.21949629519718644
2.197421324937314
0.11435560102737816
2.1842697250732277
0.4780212591759977
0.9089656063960158
0.14169282323084184
0.900029361128704
1.2592593551871814
2.182897549336098
1.0989252190301302
0.7009947881928671
1.0569245140418966
0.36236420514536566
1.3039780967781682
0.48158989491740856
1.2020589581352497
1.0978590519480844
0.1940355688108009
0.27097285936506155
0.5127111848217022
1.1141669333878066
2.1532861574603923
-0.02377109850206735
2.2168309106941377
2.18835874181823
2.201725891227785
0.596796262872824
0.5853359555513414
0.8727326786434153
2.1752913690839137
1.114679685377285
1.3201518819645242
2.189490369235797
2.165527421023377
0.13522664413601815
0.9284582964162867
0.24159930738693328
0.46127133241191054
0.39077534070371805
0.28786019818412306
0.3078758974289212
1.0011998902985457
0.846315753682578
0.2556161740246666
1.2542703067086105
2.1608175676735835
1.0296247766998958
1.1385471264010176
0.4933972659063083
0.2085113775737259
0.8624123509364341
0.7413799968045005
0.5888339930739785
1.10410670660797
0.20477086521951843
0.9376147915737789
2.182881781290977
2.171868326276141
1.109599604553329
1.3054491892215678
0.9444879536168739
0.7719081530621252
1.1524287732456604
0.7920448491365496
1.3234699005794988
0.48377540906134864
0.6484874027574845
1.2003494271689898
0.8140314195463644
2.1785185549892865
0.6712824186576815
0.8038486361881199
0.9347762307465635
2.1921288370931356
1.0660386996516424
0.6320900117476604
0.48431802282820235
2.169001696613134
0.6961701406808772
1.1184030794910502
2.162304067069065
1.161711310794368
1.1704510430157267
0.3947271747014764
0.5909734231798681
1.334163247829058
1.203859494057107
1.2906077938867024
2.1727064548172303
0.20811252849532685
0.525299922328559
2.1586630856196596
0.7791564831742609
1.267004618411169
0.9818285562368492
0.8638768046865946
2.160246359335445
0.5296563892141235
1.2577090341528188
2.1818589825770376
2.158841059602733
2.1762551142574647
1.0593967838038023
0.7769049125745884
2.171390349574052
2.1659977295870334
1.167335209552385
0.4459868225403367
0.19978334684174753
0.4522793944994641
1.2797016308985885
2.1932961471951633
2.19375870497325
1.1602162987231233
0.06212575457780381
2.188225337181466
2.1332674709614383
1.0707262912007054
2.1733138752227616
1.2885464969661984
0.8098903728835347
1.136095910844269
2.1989916876006985
0.3715324822744497
1.3217282506123247
0.49234931620415384
2.200897211647222
1.250187022439285
2.144989256539919
0.09665451234190596
2.163667977117555
2.146144214054009
0.8129634766239904
2.1265649756232112
1.1527227215667266
2.165486624940405
2.1463076629146585
2.18720623356184
2.220532995924648
1.1351581724977464
1.0030740694760243
1.3368034170006153
2.127662168469202
1.16371427304898
0.7430221295187882
0.9686511393767312
0.060427485317294485
0.7654733093754187
1.306656514964429
1.1108638619162194
1.1381628645674073
0.24566972007716945
0.97518774897484
0.8386764772878502
0.6075986565829896
2.200827303055379
1.1059976389647779
1.0380155086663014
2.161128984799766
2.147486159870934
1.154952886544937
1.276193245530959
1.2548289984332723
2.1662985508790538
0.3086228006468309
2.2114854039439753
0.6679975291454117
2.1789168653113027
0.7674067196754977
2.159635263686539
1.3132226078747928
2.198234680083271
2.157503810215677
1.108545381229089
2.207847372598497
0.3634220265700043
2.186289475796736
1.0425856580503217
0.9747888331291472
0.6499814573277756
2.218999626925529
0.9474849548950013
2.2044953817032407
2.162130639161511
2.1875408316565914
2.1974794295766973
2.1732143379808355
1.3098013783517624
0.8968351875099057
0.4972001908481033
2.1943127618164833
1.1305042945294714
1.077690157357315
0.768766199567153
1.3239077923538005
0.883257429186399
2.158342622897142
2.1464585815182424
0.17098959888761406
1.2648794437406965
0.3490999498375429
0.22298407866464517
1.0969130401513305
1.2625237132969231
1.051120725171018
2.152422270680573
2.2006810126383565
1.0937021961099027
2.1698142529956197
0.6291668164093439
2.1717865661183575
1.2740422439806747
1.1256650500011744
2.1603152931504916
2.1663048292303033
2.1855502126758912
2.1949900308315855
1.2920817786589167
0.7657161471390713
1.294430161049678
1.2955479870465465
1.0138147215755524
0.2696889431027537
0.525074476337187
2.234658084819408
0.7243005196177751
0.07351126083157777
2.2069971846654752
2.1833766575648155
0.8103047315388676
0.1842054754783707
2.147130348680349
0.5859958687448557
0.9754866783025946
0.14201546988754532
0.19095907054358074
1.2837388365171536
1.2413810348211807
0.09288335938245477
1.0442488451072167
1.2247835599687014
1.1243438822834504
2.1553591402123464
2.1451472381814147
0.7618789742492387
1.0309021526667692
0.3346410819125515
-0.13951289577927561
0.4853202483675339
1.0430730105347885
1.3513948418905186
0.04019377813374142
2.1585117571938373
1.1605534024721857
0.9779723114340032
0.9770718265867998
2.203142230834179
2.1510427644163315
1.2896995954773578
2.1885755713920387
0.5993031251336327
2.127076613253114
1.1479325890660659
0.9276445024379205
2.1865720136629765
2.209095229640149
1.0305680474030694
0.6775367451414154
1.3241451492612522
2.1690323074644775
2.2046982995023736
2.1507795986271545
1.3250040535655623
2.195820262521395
0.380559680212497
1.301569980798177
2.1677948977326515
0.20223619274452537
0.6458843327414976
1.184971456016274
2.2015134555119547
2.187015402563713
2.1862526978995804
1.3468203022778873
2.2166867599315623
-0.02569031006818745
1.0544270149091504
0.9856178428687888
2.1579801456480867
2.2024776502063106
1.2814098665301754
0.8133800637583117
2.1430581291995954
0.47285068511008643
2.1762412791581474
2.174973609118366
0.7622639314003034
1.304095111577636
2.2072592101449056
2.1598224511069084
2.1884416096537676
1.3112900339785816
-0.09959015212329442
2.189859367786445
2.210353748875198
2.1954538320762764
2.1437954010465634
2.1786835438973347
1.3396848423499805
2.201670684011736
1.301868958295541
2.174811283888408
2.2330832120180863
2.2243991097267575
0.769659003302824
2.1472300050316635
2.1899167141278273
1.1753460132530114
2.14752421542639
2.1635314875258707
1.2982666347873082
1.3050501562824062
0.7906010473025218
2.1723985118185336
1.313432724654406
1.1010119962819749
1.2932979747929836
1.206780146363789
2.191973886497846
0.20172639271621137
2.1502191521266707
0.9996704126425414
1.2727734165974645
2.195397723704072
0.7991198894658967
2.1784401068745147
2.2384270712576178
1.01367517516037
2.1707487984675558
1.306457343404503
0.5708771123140636
2.1805325938078495
2.245455968330787
2.1953932969800034
1.0889416485140933
1.3661383073265887
1.0876554270841887
2.2283506492673175
2.169641804508643
2.2321157164382077
2.176627232694602
2.2104365427073924
0.9553005848809709
2.141433953046948
2.2031412658156246
2.1472067547949116
2.1721836227028914
2.198091011767074
2.1589848201596276
1.1353641866212982
1.252272221423176
1.0961031676420383
2.200866185465203
2.1717199286380517
2.199079516090876
0.16072140758864817
2.172534642362373
0.20165360333096266
1.3006598503357099
1.0961405257538215
1.3247414546111105
2.1580215516388614
1.1225372074075404
2.147149720232955
1.0695418234542906
2.1493881204087875
1.262985529789254
2.1608157875483824
2.1946183056008683
2.2251078107701403
2.167544072265651
1.2646869346555607
2.160762940710958
1.172570338612242
2.1802700297594964
2.199733172643903
2.2192231737472206
2.1890732287944834
2.1868277860990046
0.4482546466855181
2.2283158841458857
2.1505642405475536
2.1611301191054837
1.0938385287777568
2.154006807889649
2.190631031152058
1.3724013080189108
2.148227323955111
2.187296873920909
2.1970951143449526
2.1823620067467058
2.1757193818179577
2.1861454320809504
1.0982752908423294
0.30657962657257126
0.25594482153210674
1.0087004061193472
2.2262935158036163
2.22400841827361
1.1077516452281497
2.2007030111029913
1.2307745775773271
0.1815647843618602
1.2324335120368681
2.1924923646199295
1.2468529368822303
1.3446427582403797
2.16875874581533
2.1912382804910377
1.3122363447726442
2.2143282044704753
0.6226473523086098
1.1364762362595078
2.1994828266157262
1.0054378860243312
2.19856935831924
1.1414878045277237
2.2373644058293136
2.186904973760128
1.282217898320128
2.1793223774672943
2.2167139587909483
1.0795107065303486
2.181925337864099
2.235069754298281
2.1589794691278534
0.7809599725116113
2.1969201215212175
2.1936371037071076
2.20203198855083
2.1830094904365738
2.1992729799462496
1.0375834336393857
2.229144063890541
2.183222150833678
2.177084216570225
2.204916127997813
2.1724226771236537
0.8694292630271094
2.1971835946641374
2.2040911097437554
2.1574032768525697
1.1626184661050403
1.1735869567964248
2.2326820829579552
1.131709510060426
2.160299554862891
2.200029177465945
2.1834485100737635
2.194996955442532
2.1573355202159226
2.185315791308223
2.203211041543887
0.5231683531775657
2.164540908970558
2.1799790806956265
2.1877432997352977
0.261898306385057
2.1765189554020954
2.2071363418856444
1.2211146773520352
2.1914920741017285
2.170531255589684
2.143564729868644
2.16182039588476
2.198828110306378
2.161300623250688
2.2016135142407087
2.2584175422812884
2.170734155781224
1.3380285327008197
1.3266694828386552
2.209702634545115
1.289799048063415
0.2694127111775324
0.33766869200190586
2.185588835226826
1.3503955556896376
0.6212803372195219
2.220524338772802
1.0024937174155744
2.19301471473155
1.3430710823399798
1.3225209187366658
1.3166923633815422
2.1644215463808476
1.3471719656268897
1.3409789075291987
2.149081197998083
1.1811768415485204
2.2054295875150434
2.2040179303331886
1.2416580158321266
1.311356847880045
2.1312748027683073
2.1989632267340475
2.1587982961453567
2.1851377786113417
2.1722697589859137
2.212026306753801
1.149286504513306
2.1543433403637993
2.1685804711359626
0.9654765425263261
2.176656008828306
2.1874679107046244
2.2221364215218866
2.1509743992860155
2.1953797563084514
2.188524380562214
2.1987036327377476
1.1155044211021699
2.1991061553421387
1.2960764749981095
2.1607279635517322
2.178754750449479
1.191009080566536
-0.08891913880210131
2.1722707012397864
2.219105609583456
2.2002409350514984
2.172783932287609
2.2232132656263395
2.2183835730092296
2.1884068555281995
2.172310149885009
0.4224865797693864
1.2709109019378282
2.1740207152712294
2.184570813072367
0.21027596423366635
2.20624492807306
1.298544236021724
2.1920580858220347
2.214967512803905
1.2750855394340475
1.2788462997885006
2.132979391586181
1.129696251598619
2.1797055301585635
1.0335768178001135
2.20050475593671
2.1883485447076234
1.0931672048403065
2.1712284424705466
0.7243383378488572
2.2222064472405996
2.1975377497960986
1.3049943997664564
2.184575179763849
2.2429062181389545
2.1793720306626083
2.1396304110918716
2.171552850276899
2.200593565944043
2.1884438679560256
0.320345498210977
2.1999318934363266
2.1932355243846935
2.179112897047895
2.1774653378306534
2.1557845197928955
1.3308583365652717
0.5886675049163032
0.896331394902137
1.2838672171628656
2.187083790515294
2.192793266241329
2.2039974102926987
1.186980970929263
2.229540625938272
2.2165480244226696
1.2692718106846395
2.210698853432974
2.2145803517926517
2.1754735829101
2.190533620366585
2.1587959467868325
2.2209161251884897
2.1924309285476866
2.1638687034572057
2.1620339591606914
1.312672649862214
0.329574104453916
2.2015379420384886
0.2327335073659978
2.171457739234186
2.1577886587929473
0.29259824729443734
2.2046605867735574
0.7852943632551866
2.1920645592107224
2.17172763599335
2.15152826143848
2.1511478043189927
2.2067805458627507
2.2160431352378707
2.1791677261502747
2.1870358478956975
1.2773905034453745
2.192806514398387
1.1071571647703218
2.168056237079755
2.1915407125613275
2.1886112682193026
2.200834312448944
2.203712073861878
2.1716650334532197
0.2031348478790737
2.2016616028282865
2.1985064204615776
1.2888945020437093
2.1500218350941855
2.1742171055457744
2.1978604376250432
1.2149407324727477
2.2055157731301955
2.1606573268057074
2.1984904366589646
2.193022316956152
1.2786862314794716
1.149241566854437
0.8155662155556903
2.1921688105318946
0.11117410805626793
2.2100172535621168
2.162939348013208
2.190762654687136
2.1395215824287126
2.1870941819506413
2.1698534245362744
1.2582031518583443
2.203523607734917
0.8605856633804483
2.1499766881208586
2.1427373764167843
1.3342572216540658
0.8080341691799054
2.150076247579324
2.1940366315304187
2.1716903645691183
2.1596351727322363
1.1343195663425445
2.2245715487602924
1.1630314517887146
2.185283983114092
2.226936181098744
2.1638101678231267
2.2007997546169635
2.1715079094061798
1.1383181856616607
2.213436827462355
1.0342936213424256
2.2489321061852743
0.7371254245328172
2.167079429728142
2.203478179900899
2.190729505118627
2.184031147727534
2.220130729291565
2.1299555222300217
2.174294047526806
2.190341811693583
2.1955567333861845
2.203318328346546
2.1853619718241615
0.8465921652091959
2.205813850549749
2.171120087333601
1.134492146525277
2.170991597128339
1.318361307246362
2.216890623243371
2.204732408691738
2.2213531148083385
2.1641786640379204
2.180919214793474
2.1570247073504487
2.188637345009852
2.17525732653469
2.1728225179943017
2.1753536518135137
1.2931683147243447
2.1717968919617614
2.2116806996117653
2.196576273957544
2.1643373650252835
0.7442215681170047
1.2502335546573091
2.203510377367678
2.2014504841885785
0.758248882373449
2.218514634372256
2.1607071184143662
2.1672791271713194
2.2247246977185875
2.1816772556172035
2.220939965373082
2.201164544129692
1.2600561839124094
2.19103477901997
2.175823826579146
2.171472002011339
2.2020419601436685
-0.06458608390780951
1.0628662819269226
2.1622893549780446
2.134430348026601
2.1711305782274275
2.191644376666453
2.1677443759979957
2.1746197984115625
2.169895504342574
1.2931682141442102
2.169334486205635
2.247027342387695
2.2285352475767777
1.1443768640253187
2.223518592281657
2.2115664074113415
2.1553929929984013
2.1947170917537777
2.1954423101909155
2.120703282772901
2.187326022168827
1.0247525469409808
2.23686001006801
2.2184995782319845
2.180614685273067
2.1997998385603146
2.1979095320152204
2.161583824673806
2.1916845415443476
2.225194864223564
2.231930955177809
2.1752010508717174
2.1924365388420126
2.2117728032382393
0.9068473635941782
2.1969243343138922
2.2036339849010362
2.2381799569286063
1.310621926418417
2.168535675472168
1.300980987835875
2.219205268277937
2.2057614172278965
0.6366069271914758
2.1956652440895064
2.254040412752929
0.9492617372565527
2.174828580226407
2.19545123366879
1.3028730030384899
1.3132465543559673
2.163824880048512
2.1437540655806986
2.195482344848819
2.1907797886339555
2.1459673804334045
2.1936109851788945
2.227319905365505
2.1544660962518902
2.1904800238516957
2.1841569952563367
2.173449965600051
2.2056287149315845
2.2246761476257797
2.2022403091777356
2.1470062210678944
2.2054981489685135
2.1739657222989117
2.1376275299421508
0.8135602811223894
2.1676745567326057
2.198685172149908
2.171439594774554
2.2253865395519288
2.1376017943664154
2.2242284499277014
1.2495077353350224
2.1891991627320477
2.1732786759079286
2.150714048723903
2.181610554984891
2.1996720410442934
2.1861663576981045
2.1811237791361626
2.216074782213962
2.2372280289574142
2.231792180613373
2.231892390703328
2.2015189143907845
2.216854077063906
2.1412942168293823
2.2046710238222076
2.1902599007619554
2.150711391418566
2.19946196630745
1.1659633973287158
2.2048601924296616
2.1825897720533685
1.271702040945504
2.140607189621172
2.172126788407409
2.1837628752736116
2.2070420046722683
2.1881873311831317
1.3240311889140122
2.2310933607892895
1.357867130399443
2.2366602611139257
2.1583899951372096
1.0145277123018988
2.2151700014223765
2.2037741356683793
1.3258543781456584
0.7610994175114348
2.2301298678507084
2.2227166303792187
0.8283511289829508
2.224460351136885
2.1942465255348624
1.2810300657893527
2.199538312393279
2.178615114141625
1.152850410591771
2.271826331783932
1.1651265796622317
1.2885246950271914
2.235047373048003
1.2515338850713627
1.2635553130125994
2.1943441570861273
1.275805193495595
1.3129097443132802
2.2024429396425846
2.1905382005972958
2.186637360414832
2.1723258696770804
2.1859022571363598
2.2228126598835125
2.2350449524696416
2.23987956810284
2.194988086797992
1.111979579929325
1.270390539752047
2.1966738338126137
2.184312960436329
2.16865180782238
2.215334219661135
2.1685123025671134
2.2130333407244107
2.166503031940505
1.2762222999850077
1.3084986258554363
1.3204778301870732
1.269106865394438
1.1349831771918166
2.2175510200068755
1.1515918816858282
2.2065481268967866
2.1710120531626114
0.6251097042362181
2.2070318390922226
2.1868056278485275
2.2065773994464557
2.231103961482421
0.9622428400654679
2.205319827136762
2.2141757146179275
1.2070460006682926
2.173260974429398
2.2067456800873355
2.2104561406503898
2.2131107058027095
1.358014888804151
2.1955216873423105
2.1932486416449235
2.1513098697337583
2.1895448980127057
2.2404626637864165
2.205436940928919
2.2129563876168366
1.308378919264659
2.1644966425247794
2.20273940669931
2.2552372210904306
2.1785956229349637
2.1569179252602386
2.2226425576122626
2.2025145063835803
2.177481265769968
2.197302297249276
2.232019694489323
1.3264936750328467
2.218249223289844
2.177172857270942
1.3352148555181158
2.2028000299610038
2.203001946711277
2.172442743848205
2.2043736082633183
2.1946749825084773
2.174641143501953
1.1471014998274534
2.168711950325254
1.3576906416401517
2.208202842903775
2.1995451452733743
2.171882040022073
2.244609615339923
1.2745311399567372
0.8422372028525771
1.1278579180271477
2.181962995488337
2.180104902204188
2.233618507911224
0.5682247992907175
2.1890936087840904
2.193935259597833
2.1656328695949267
2.1765487576398894
2.1856595864641903
1.2824180855353653
2.1984185362501663
2.1879337097683704
1.4376635435872438
2.1627166868757843
2.2418018311784325
2.203567498540531
2.1690385261710468
2.1848062266651036
2.184531547325287
2.222840219175068
2.17838053344707
2.186623445109247
2.21024319503245
2.199132014340304
2.2101592021296224
2.217569915904483
2.200151984186726
2.180657517988
2.213304299002984
2.2141662389000736
2.200550792876874
1.3565524680500196
1.3298355927947956
1.1957786650055677
2.1756155299405693
2.1880419645234577
2.2211903974560236
2.2111846869021754
2.218805354067211
1.0591716365803767
2.2183576788179264
2.216198131658819
2.204836277701743
2.232161997231178
0.2839138157610512
2.2069399599186457
2.181147059599085
2.1984937414222863
2.1695862379211275
2.199263643294781
2.1811440268155398
2.2418422703410545
2.2415511317474257
0.7718781495610407
2.1861375130643927
1.3391010523062525
2.167058862907599
2.157855556928049
2.164244816519272
1.299417968523839
1.3159105777241549
2.204811230907497
2.247392563491884
2.2238586808940677
2.1938881188620316
2.1610368177317225
1.0101768724653204
2.1515139229580518
2.2573250411470136
2.223249161134466
2.19936231576582
2.23633442967302
2.2114818870455477
2.1619573995606967
2.2163734600053884
2.236446434313696
1.2382561412166053
0.982144603239453
2.2006163038936135
2.1411213959238453
2.165475769148831
1.2896032045712826
2.197112326822225
2.2171885732147256
2.231481626409016
2.2315802389346486
2.2327444125198954
2.205992923329561
2.207840616867536
2.1783378074886866
2.1687967748659194
0.47438921313365867
2.1965167288601357
2.1815180169288575
2.214785191708139
2.2227472000759905
2.245863779306128
1.1239920445601328
0.8327123433526616
2.187754258827102
2.2464051408527563
2.2144532857789434
1.1693130350965282
2.236210234835677
2.213762019438714
2.2478937875008227
2.2627399554356074
2.2282632258087336
0.7930868362245318
2.229426359574839
2.2171948001103936
2.2157771563372677
2.22229317383698
2.203979527361497
2.1901833837889733
2.225447369157685
1.3276290425169484
2.2175456830742837
2.1933866635417516
2.223638579946769
2.1895081408600294
2.194321792202157
0.9560864565889102
2.250904161324592
2.2183656687361606
2.1972296572154466
2.1866612921387056
2.219203500562619
2.2057713565885146
1.0338025618097728
2.234554021701484
2.2291137007363795
1.3305385924451334
2.2410051447664765
2.207958587271455
2.195261315917554
2.2123958677413267
2.2145721540097014
2.2004891071447137
1.11442847871642
2.184240530353892
2.17732074044676
2.197893821375154
2.1835405927348326
2.2419223156593704
2.16971656526684
0.23070290523804543
2.1987002212476465
2.2258404814676878
2.2195511771532264
1.1854933562687866
2.2596566927846635
1.1971305078495136
1.3533246915537342
2.225298041977685
2.238813302320986
2.196201887167267
2.221488386102405
2.1759371121797617
2.22522671931904
2.2133133340333875
2.2007890735136404
2.1980241535688387
2.1959368000201076
2.1728820629874432
2.217601775702647
2.213037278976792
2.232775069395757
2.2288016875113397
2.2163032886765976
2.219753349892812
2.182179853441994
2.1753901207855884
2.202186375317047
1.1012738384523602
2.206139051538699
2.2158964091984785
2.186430940811932
2.2234626460864884
1.1673985996179943
2.2048189414855957
2.212162869621512
2.187415868752404
2.1972875819802447
2.2355711357060812
2.2203175166462668
1.355657965879037
2.1904836778803523
2.217519342278117
2.1711125891199767
1.161789398297929
2.2248015199760913
2.2007260582682706
2.221160397197171
2.201011932437268
2.2081635711734027
1.3167091536742432
2.232769634815738
2.1877439480144147
2.215196054794056
2.2254080464618515
1.3619146796116057
2.1792481840506044
2.1778824684508535
1.3003987943407813
0.9649302243387948
2.223842300541417
2.2223723293716873
2.2183707242749313
2.1903490921137463
2.177509573541821
0.9853119301875723
2.1978117591643835
1.1322357801843526
2.2451987418942596
2.1831531361621135
2.2131474899462016
1.3119382027624922
1.1205348382020504
2.223986302505269
1.3110332726815772
2.1716262188674866
1.3344386713062233
2.194757272021193
2.1848552742481826
2.229430083991392
2.214108292949035
2.2328256064939387
1.1612739876510665
2.1711057101323354
2.183753297544252
2.212915259977306
1.0434438595085114
2.211235859585254
2.2075227349201
2.2184802064419227
1.1899265215839963
0.07814581916498714
2.1981159948456455
2.237289593395153
2.197287764869411
2.2115237672982992
2.2082857223158587
2.183878664232946
2.204043856612536
2.1888053327277834
2.177213494188429
2.205593065731649
2.1730070150331158
1.1791390296485267
2.211594530485074
2.19571870676673
2.253479565209364
2.205477378767907
2.18057529407835
2.175213554918754
2.168631673888605
1.3441034052206637
2.2125601693120114
2.212580749019893
2.2222803798252437
2.223669993232305
2.195079223450249
1.3018885801130249
2.2096733583771924
1.3004438901938653
2.169542541269686
2.220600487296381
1.288747857518586
2.2083740705301986
2.1797596075599937
2.2298666884692344
2.1918246345771286
2.255643586686073
0.9856035514223035
2.2124031765242815
2.2315290449532257
2.183086617001444
1.3025479141051548
2.219104142793414
2.266755448998775
2.2001623787511884
1.2868971813925556
2.1946323124622618
2.206604626329905
0.2778778821501228
1.281079791896312
2.2092035204247287
1.3113613279791108
0.7408958194697355
1.3275783379230917
2.2020400920977803
1.3513481386552315
2.20408757315247
1.1571816630296448
1.339957948349376
2.2160969103804624
2.2355595304296307
1.3279685404863584
2.252552892112175
2.215749566591159
2.233014728617895
2.2182634769236556
2.189817936977339
2.2459588223579843
2.1991121471413795
2.229479186149393
2.2083900509003054
2.1685117482156837
2.2307987961485045
0.8322533028740484
2.2210323048751652
2.1937269820057415
2.194283419204962
2.25485646480343
1.326584136205543
2.1992082400179447
1.1461470000888898
2.1945703462084243
1.2979956213923132
2.165162477143757
2.229723589747799
2.222345394410535
1.385282644930748
1.297180611009627
2.1991049053535825
2.175825729145526
1.2763418396125676
2.1639233219172134
2.212066488631823
2.2385615544659263
2.2083912272820907
2.198843292348923
0.1488814053941008
2.2139282621032725
0.8606318505623404
2.1659726676876385
2.160354642835009
1.1963672056896864
2.2434095855278176
2.208518025569663
2.188604420680604
1.3455066677314025
2.1651801879619987
0.6529856796752519
1.2812254182611509
1.1153646742822378
2.203946031680793
2.2471732080523132
2.171041196858441
2.228166508602766
2.2349470057435914
2.224013835658659
2.2376611820122427
2.2264438075960404
2.2047139387572674
2.2185121843534557
2.196970802195615
0.9879339199527472
2.165870261448089
2.2237765083539767
2.272224909148644
2.2269918266101305
0.3102922540159049
2.238002138596591
1.2669829653324787
2.1835115372588634
2.2205136557240426
2.24343668147411
0.11209710614822857
2.2152381552674645
2.2052650907310962
1.370449349277103
2.2159960342555127
1.2184924524001097
0.7501188772586661
2.2137878000020996
2.1757967051920892
2.264568396746025
2.2211640482985757
2.2257020142112456
2.1953568429095545
1.0074205443187103
2.2177845322132415
2.2500862553271337
2.22389161271114
1.3831327750954607
2.194397853188214
2.227563086628883
2.180964988979241
2.201336120944309
0.3648671060837626
0.5701587492894358
2.2021184225180273
2.196789432593451
2.204655342294848
2.219704057063064
2.2364836531415957
2.2132643467484794
2.197484381822226
2.225823651376143
2.2029464871535853
2.24267099746727
2.2481303647650837
0.13101083592961746
2.2151528981424042
2.2027179596286874
2.2010381262820053
2.2108877962361073
2.228450970648075
2.208238599367654
2.2000630774040824
1.3130216140990356
2.206526464864827
2.18883412861557
2.2293836913407485
2.2427537682055236
1.3380241556049939
2.1957679638665857
2.199212975025757
2.200881065676905
2.203338074555068
2.2797628490882014
2.1698006696529166
2.242401166524538
0.900876572665951
2.2025856023958252
2.207457409866062
2.1989499341073477
2.1903775426910372
2.2011158694370683
2.24138048147822
2.218597388868322
1.170420286282495
2.224588986462429
2.2074751993210597
2.202775773957568
2.1868184700978777
1.3707816035893088
1.2296470526799508
2.226171335287029
2.1994738353637837
2.206869668618883
2.2513347763628233
2.246516153127107
2.253770134844893
2.2471743744684165
1.3171177719534906
2.210780157765214
2.188420242621998
2.208208687893034
2.196038364247326
2.2097401362474614
2.238370426245215
2.2399315944851015
2.203947825478626
2.226984602837099
2.226227500454257
2.1947719599967757
2.214779602572098
2.1876093098855804
2.2202664714987286
1.3212044632403936
2.1930209121995707
2.1756864874047066
2.189778494108445
2.203922983186129
2.2432621606454246
2.229705142314984
2.2030364616329874
0.2546956225492055
2.176971040825342
2.223761154580577
1.1757399746835797
2.208960280002982
2.2262240017544883
2.2239175624211676
2.240959751558918
2.210966758683567
2.1977996115852623
2.2230132537535834
2.237014007432677
2.244290114233964
0.9282880120177343
1.1321483863183839
2.1991284122711674
2.205293759037643
2.2077155616674937
2.184792786396578
2.180478859020111
2.194297024550882
2.2072787186681957
1.1442188432352594
2.25840743625906
2.1995900911529707
2.2013987531566857
2.176078739939019
2.220409578660946
2.216970772538751
2.2232812667760937
2.255033678998889
2.23509738043364
2.211870502119293
2.194425502903264
1.3157325598768013
2.211705647475
1.3212890478189925
2.221416785776684
2.2128793002653104
2.1850211326648736
2.17712810121442
0.821329206692852
2.238334787868954
2.205987981295758
2.226698272657253
2.179639147096493
2.183870046356942
2.1982037205359486
2.2044700228875094
0.32808848359242504
2.251222032063839
1.3076666515725637
1.345775902998429
1.3469503690863913
2.1740260386232384
2.22140636435251
2.195701960397307
2.2236395317098068
2.197018450880198
2.2204549726163156
2.2172579176790275
2.1950918536548034
2.21630350026557
2.227511168677955
2.2589365360884037
2.256508979823556
2.269794548799155
2.191049066199257
2.1961028507920335
2.2055676008878597
2.2454264084506437
2.1976965582655668
2.234066337686965
2.181315627473564
2.2286850543739587
2.1993784832853485
2.236499195772319
2.251670363907648
2.189574923996906
2.2210215210186477
2.226327987313462
2.249148999260937
2.205217845630341
0.4693393119186827
1.1570224430129747
2.207705100741282
2.2212788582713467
1.2931560069762829
2.174624384862964
2.1805873472612793
2.231136280339391
1.334843709248579
2.193080395902254
1.1833195838030066
1.3404912961271103
2.2011429298897163
2.2364407171400185
2.2226149971430376
2.2211021270168865
2.1983615659192224
2.1786066510902886
2.2459526105270187
2.227953770926651
0.4809677054474415
0.9752459662364104
0.9811577965219859
2.2520452898263956
2.213590464257785
2.235194156950434
2.211356778235959
2.2440709573767603
2.202784675226842
0.8050891688631946
2.230897350772589
1.1337487025157147
2.18623685490401
2.2102951905486234
2.226529859564538
2.2003180986023025
2.1930161354613507
2.24148414364026
2.2354145290024348
2.167459388070399
2.227421627944897
2.2234838151116127
2.257679979679445
1.3399902970275817
1.3201187444170592
2.207081550005325
2.224942616287535
1.3812689436261647
1.317464081409701
1.2470969047053602
2.2005949576495714
2.250411376191226
2.269763292663991
2.2627321845669552
2.243988726364007
1.281700091755008
2.171563753975043
2.194598194488409
2.2020241703881074
2.222419572730929
2.226937387409545
1.3327394104137986
1.3055316948179514
2.239358848528741
2.19946379010128
2.214220774841973
1.149163878905308
1.3010295927315256
2.2065448781546335
2.251219385598471
2.1947447067877057
2.219192378564197
2.183415232305575
2.1790450685608076
2.21659856017103
2.2187403682736093
2.2717927966967104
2.207537860782938
1.3520615893600363
2.2055155633381354
2.2115192213155628
2.2197393178263365
2.230760654548751
1.3252344720607792
2.247820046449175
2.2431797796288273
0.7611387518805488
0.1559283286461407
2.237392629023087
2.21500196303564
1.332511626426593
1.3639577981761684
2.212967396762786
2.223830606348734
2.1828930206738435
2.1930261294166518
2.1999963711399655
2.1566815221059334
2.1912106944010796
2.2163739556964335
1.359584982342086
1.3413329919353474
2.216272722453743
2.1940487862618765
1.337065305532731
1.3555380711485023
2.1841015854930315
2.215113936626203
2.199738581877952
2.2030507293584916
1.069040324598808
2.218815216048437
2.1974214908590546
2.2023407254595933
2.2306130842929863
2.2180677951889467
2.2566387783744526
2.2220217791042693
1.290996775259307
2.190940180831288
2.208756913138267
2.2018081160085616
2.2025636196880125
2.1901953751334435
2.199628626697908
2.1893533626162314
2.1651735823793055
2.21614794082971
2.16816111317467
1.1822322298755321
0.7550708973845226
2.191322787074659
2.1670992259237174
2.1854755346757107
2.192765052682221
2.226211390757093
0.8130842616020361
2.1951575027252654
2.2318660456694364
2.196065878884766
2.1850181525545826
2.205285028562685
2.1951217275644472
2.2008051094859673
2.1821653041871407
1.3258466051819722
2.2077173743757994
2.1883075699158328
1.2832842201955812
2.213646570196791
2.2093213620196366
2.1777007217695488
2.2276641430504522
0.5245749802025458
1.1615310187945016
2.2242475202379337
2.187300182056258
2.198693845908953
2.1838539785900877
2.1968214042200227
2.20878202087447
2.213932267839901
1.325612731450118
2.2634603029522644
1.2699720578567868
2.247693218673801
1.3325733459751543
2.225372835703057
2.1906618702040763
0.2702974720780493
2.1971686061339097
0.844708123372619
2.182760442401306
1.0038125462965797
2.235107698441374
0.8374314325614106
2.194464428130427
2.2059386500166465
2.1941289623388815
2.220938555306161
2.254144324695429
2.2448309046147394
2.227534642244003
2.2122453252210463
2.186093234947529
2.21727042876911
2.1736054501791204
1.0126605815646166
2.248931818445226
2.191580297711474
2.215470418644686
0.19490996390998325
2.188018032124189
2.173256219933079
2.2111898399946917
1.3096406518458967
2.257700066407189
2.235343919793625
0.9127517786537529
2.225250776932964
0.856260775231236
2.2094710006079072
2.2593254321286196
2.277906904010773
2.2064640765935977
2.1854013914194557
2.1912778640652966
2.190851384372709
2.236063292077795
2.1889051513658995
2.2159317734668598
2.219880023931649
2.196046702057841
2.209538957924721
2.213604715879989
2.1792403598171486
2.2261343444325155
2.240261253544841
2.2401492746950673
2.216485468704751
2.2101142276173706
2.2283718950382783
0.4912767293330903
2.191880602308127
1.3375129896485687
2.202545251164376
2.220166647667821
2.2146166646948986
1.3312513174697231
2.213660267308535
2.2984191371016895
2.164515681408187
2.2039614193983725
2.199422017610013
1.3897140955943696
0.6722270523678251
1.0005802056658366
2.2481151798025913
2.2253706128355493
2.222373825757601
0.494957052788871
2.245159365306892
2.253990882956354
2.2375692004234757
0.8313560499516565
2.210540489505635
2.226725044372146
2.2103760786649036
1.072697066969566
2.1805518310211927
2.2407531140920147
2.203619870230752
2.1981075516010615
2.205556444833466
1.0686677705591228
2.216116213923652
2.2000590014215495
2.1964007770995813
2.2092051619503112
1.3304292702608607
2.2067639452204815
2.192612157496474
1.3255487939845805
1.3369915226171503
2.1802545373623294
2.1885724911320743
1.0872227588734154
2.2009365925604456
1.358641229599854
2.203922415964083
1.3567092800098695
2.1970825936256135
2.255539503796703
2.1781841631285612
2.1934071142548106
2.203743547981381
2.195185427114044
2.171624445669817
2.252091655451866
2.17314961860607
1.2555229095311131
2.220256543277764
1.362401518983157
1.3319153440171225
2.1934455989476485
2.2429435453339703
2.255442019099113
2.2179397778824548
2.187781773638586
2.245708250452401
1.0098258907541187
2.186988886543401
2.261941914321662
2.2679302304224573
2.207695533934448
2.1827926184634006
2.197183310740258
2.2107779026032217
1.1928164549588154
2.2044669058539155
2.1770329410295877
2.2179760594443336
2.1883038216097503
0.9651781639617416
2.179570074637682
2.1646915224237073
2.250529242670685
2.1802754437924095
2.250484521876506
2.2734045501318407
2.2084267852047197
2.2386398388984485
0.6899810227234126
0.5473978112920517
2.2376707344435514
2.2078156569462672
0.07611063303973853
2.180622800101917
2.201580593438595
2.2460984101262214
2.173917201288139
2.224978443760277
2.191886256369911
2.263995694374654
2.195535963510347
2.2431955296006967
1.310838086717562
2.2250918429468696
1.3313988255465297
2.230740444106994
0.9654521427766736
1.3379260497336685
2.2189767268150358
1.1779000611587551
2.2004227130469642
2.233298152841108
2.2367299547581494
2.2127699716933003
1.2951726004351485
2.199631144452113
2.22891147759465
1.0956407506065808
2.212587162921686
1.1859199305518342
2.1995792384338992
2.1959246405667567
2.187260590474375
2.2106537687584047
2.1903779669999235
2.2592301015908722
2.2357034907032975
2.2314109771356883
2.1913439269881256
2.185922120078892
2.2059720100588938
2.2369560341351757
2.2168452321432435
2.226342231161377
2.2437210862385113
2.248096130595684
2.241576998291067
2.275902461345458
2.2094298249579545
2.2434003259671105
2.2567140763515234
2.23819655709661
2.2495625074641596
2.207726052218904
2.2566151658183626
0.6724118212754423
2.221780352363622
2.22222365623636
2.184612772770847
2.219038180407855
2.2199188471015088
2.221119926205775
2.2149753014831006
1.2491915236450735
2.240603321822781
2.1725996459960886
2.2258392541871586
1.3803221598634694
0.8382252305934399
2.231667519277787
2.187031749567251
1.2948037796111804
2.2090313935166903
2.2187997811342695
2.204474125856004
2.19747938438528
2.225116153151121
2.204024821048355
-0.070064173787868
1.3578492741015924
1.0352944786469758
1.2153532371927303
0.7912618999377753
2.1946110520013304
0.6362272612269153
2.1982811375977103
2.246765362522506
2.2012948113123905
2.2060155551448632
1.3307881091148315
2.2498965949422614
2.1727848567691352
2.239000238460143
2.214565607249366
2.246424497269286
1.1611893531242217
2.180769172254634
2.1982975327458636
2.223533299441285
0.6136155797765728
1.316211530463863
2.2093662156235894
0.8929347552290385
2.200269117391278
2.192491257544713
2.201037589452647
1.0338276567500544
2.217028833217647
2.176828264286552
2.184234891268667
2.2103310019344216
2.2103429859682375
1.2974346703463422
0.1453734584270563
2.180659356553101
2.195401734830635
2.225812609149984
2.1901772689677617
2.1841505863477058
0.4038018893254115
2.2045581212833953
2.1951372080463303
2.2039768570234424
1.340106550743918
2.1976275340951883
2.2314888861727473
1.1876841929758943
2.254433424890001
1.1156688243274122
2.1984260643886175
2.1977591273999573
2.2147876475481247
0.7835079854053394
1.3103126430886478
1.3518028434235356
2.2595900526421033
2.211142069774751
2.2136408410218
2.193128424804376
2.204778195397468
1.296266555576455
2.203457192650331
2.2256199026184262
2.1935151255914214
2.1928074333539307
2.1823100959199486
2.172946404677118
2.229363689501455
2.216885129146206
2.2106323865943627
2.2125249685706283
2.183636992718105
2.1964398405125003
2.1995031941836776
2.237932447616227
1.262440788166842
2.2176984318594464
2.1966859657347375
2.240027613551038
2.191182701185957
2.2228088787054086
0.8933738692336254
2.2222763418088496
1.1019611575959019
2.220464080986793
2.2006182394314764
2.260141287872508
2.2189511750627946
2.171877870600192
2.2344480262984163
1.1329809671180622
0.278703705538933
2.211879232406391
2.217701163706222
2.2124940373126023
1.0117683800041304
2.2013037857624695
2.197998801627475
2.2368924991312964
1.312549306764052
2.2102524013048583
-0.06826426512421996
2.200855805690483
2.203722721193086
2.2099820662464458
2.1928083160151095
2.244561753211122
2.1987902982236407
1.225604172526805
2.2492147027309146
2.2091031665394096
2.253664976510749
2.221374354647427
2.2458764574100574
0.8388345731611339
2.2041470256587554
2.2009379818246977
2.195617353478465
2.2135592180705155
2.1765208427706906
2.1938803879834934
2.220135037623698
1.077134008118895
2.196310036375202
2.210136327066794
2.1951963111605473
2.2057327750133866
2.2220336364265716
2.201340174206667
1.339958393359359
2.189677316206834
1.2827530698495593
2.206809861265545
2.265321752622305
2.179735137223499
2.2076530348678194
2.2526514017994774
2.2535985077675598
2.1931752914058356
2.1996210179810607
2.2442205720371655
2.29461715519858
2.2226539992357033
2.2333390919828973
2.2296460203056503
1.3446536703227494
2.1783690438242713
2.2078211186280186
1.1907552048356203
2.2330573842835104
2.2725128709989306
2.2078733211297688
2.212811952030676
2.2524317027385408
0.9833765529747139
2.2239410730666425
0.7934841389312939
2.2278296172707517
2.2323419843002155
2.17531200276093
0.4524668941876774
2.2236102781006517
2.212953151485249
2.227850393990251
2.2011354670217647
2.2379273115267044
2.166996785712909
2.2849815057165914
2.253217797903537
2.236236389450127
2.2474005665631513
2.1978827837477835
2.230284715371239
2.218206291731672
2.2590064866929502
0.6372021780687026
1.3602423142937412
2.2154861821001237
1.387591455374486
2.205223716499056
2.2572658279246562
2.224722115010275
2.230729415638736
2.202545749314793
2.2317732117178535
2.193145080958604
2.184163390891456
2.217282577321512
1.2118881623784203
2.1938116899439364
2.213249634676827
2.1692461088459845
2.225293019608725
2.2333106518599237
2.2214118499214486
2.2532222450024615
2.1987806374980114
2.2500366838912336
2.169929808460802
2.226879562502671
2.234633054137502
2.2886522876262125
2.206068902583312
1.344490305182848
2.2049364562814224
2.2166936814340685
1.3544183637727598
2.2118214234476308
1.1816572293188483
0.26326414853044083
2.210545506548766
2.2554859481740364
2.188324604393581
2.1930983195137
2.2191030009694637
1.3223532862762961
2.200889802001403
2.2584371894974535
2.260235436841163
1.2170940289233554
2.213026597717175
0.935463167379899
2.1948169008759657
2.1894637519863336
1.3068803107150155
2.254845003468593
2.178681524380708
2.227160034994549
2.2041485379014105
1.0243493053860555
0.9219577241590156
1.2669193850966793
2.224175325788554
2.226075805909492
1.3456166292087532
0.9619457042475349
2.226733880290256
2.179626808727807
1.1043158089266547
0.7463930464933721
1.1816213769784971
2.1934935138436136
2.236552061615508
1.3371314515350414
2.241332901991462
1.137588063251052
2.2106980241823035
2.2175478856581536
2.2093006552201837
2.218306213467079
1.3687030873586559
2.2184679779350738
2.212396725398721
2.2256215226652265
0.6864091481445199
2.2096625414231923
2.187951775410867
2.2694304322946364
2.2426633567963004
0.9843352326575844
2.2563808437567276
2.246535425598442
2.21783911936663
2.186128507733466
2.1912544235595153
1.313190938905537
2.2297648517522806
2.187175635914905
2.232945834852476
2.2427982461147575
2.222442015126333
2.2314058276294633
2.2047875621921715
2.221144801591694
2.1856409438425795
2.2004579718266593
2.2382735138211047
2.2224884249568926
2.250996316406301
2.2111146250353806
2.2108250519357684
2.2137734951894443
2.1945596684835422
2.2025298679473435
2.1841105540301884
2.2161493581718132
1.166046748440374
2.2420295803012356
1.3568343435248391
1.3053281858866372
1.3326480891198829
2.2407315533782235
2.2183193622697344
2.182200039212816
2.1888052478121067
2.215848022079504
2.2406867630021146
2.2733003573808492
1.1672797578305814
2.2189962440352806
1.282115263326011
2.1695355700136334
2.2125175067034597
2.24588872100329
2.2104719101469925
2.2236493551831815
2.2155745061329997
2.2314280662053396
2.214524583662958
2.229819205654833
2.1965022271819
2.225155807935143
2.1941067186542895
2.2242921020894304
2.236918292525854
2.239419799023996
1.3727537847755047
2.2121594890221
2.242279618915039
0.30157842178128913
2.2458258764034165
2.246734509874493
0.6969206821529159
2.1991370195967717
2.2218879313159166
2.2238828452106194
2.2283174081790884
2.217681867097436
2.308562952966373
2.1906789583710378
2.2262135837721293
2.2738833216648686
1.0869879720525077
2.267940108560153
2.1979629200578543
1.3522108477172332
2.240767013997521
2.2100927714273864
2.189696374975175
2.2198975785578177
2.223860846123979
2.1818824230086147
2.2117590552271365
2.199494238624527
2.19629885437259
2.1864012642116593
0.8498490754998729
2.22036012513168
2.2694588337652055
2.177002676173972
2.244344435738499
2.1860717936182468
2.181917163431491
2.254041706038356
0.833678527616378
2.202395242735193
1.0538267064820392
2.2844211920288657
2.258524499750494
2.194601117729314
2.2013785697767543
2.2470287318978626
2.2030925789633913
1.1619284876110574
2.2077194082989364
2.23923030814543
2.188907879379606
2.226575514323549
2.161819184729718
2.224993733888234
2.20387812096126
2.24747697224749
2.2301550764219313
2.2335780606829228
2.2780804193100646
2.23783008362187
2.2556642066366406
2.2048458193566116
2.229041791284789
2.1816953430262345
1.3275495563537327
2.2844688977848424
2.215298701679088
0.13782158410013598
2.2374171245175822
1.3190226529338933
2.198496388618507
2.1995332010410027
0.9796707141641682
2.218017138252743
2.2791173263689952
2.2359327516490515
2.177081564826084
2.2395457691107126
2.23384968090257
2.2107196681586263
2.1838162289073466
2.2678825230094937
2.274933673731006
2.2176813760331147
2.1877504578250475
1.2983611316107728
1.2204961764600661
2.2072851804211844
2.1877905824144817
2.191565066877618
2.264317611542223
2.205501691092124
0.7967229888315144
1.3920910605430183
2.240315128998178
2.1733983783437836
2.229737351608866
2.188140262268921
1.2012495425672427
1.195753551425835
2.20306496246888
2.22705894128619
1.2688068969089663
2.2913140390512887
2.1767759039882772
2.198857528495499
2.2159521011653553
2.2152309077691257
2.235436119774199
2.2099330419702263
2.242488166676482
2.228050986537306
2.215820351349091
1.0187814523705925
1.142512187696219
1.2068002418808028
2.195428070207356
1.3244198282570023
1.18638696456976
1.3406596088830303
2.202167004221624
2.1867396697556902
2.2006073123691996
2.2366275994943776
2.239331191436543
1.2111378636293706
2.222041032205639
2.2184474621274046
2.252577480115015
0.7829543407591756
2.269498738271456
2.2485272321956296
2.217778366106166
2.2480378410059503
2.223000499396248
1.348560364573575
2.2173474083461855
1.3490363386585982
2.2000087905701284
1.1942383702300912
2.2022783366630367
2.2163600490000896
1.2766200946401167
2.224629733844078
2.2115814639482694
0.13181544333511308
0.9462158557940065
2.214473553368222
2.244012566291529
2.195990361855017
2.231986125494942
2.197932954451323
1.1844893233477383
2.211575664334827
2.2706737370391963
2.2060504256283737
2.2059884847549163
2.200407382691349
2.2041603625469675
2.220145195021351
1.2872703202293547
2.2139327896181187
2.23135199689183
2.192916210255202
2.2027655497519074
2.1840088119659145
2.23247718271495
2.195730656468796
0.9218553312577124
1.1877186387553524
1.1797711779971727
1.3934196370753378
2.2007516278980965
2.205658396672585
2.217892877191395
0.9540312644482586
2.2078122994036837
2.2550584172065786
2.205081481002391
1.2697779044626138
2.1850181849680164
2.19261984182677
2.2035516063603
2.2536292676657155
2.2016885273053
2.197239475993964
2.2063160686152505
2.2728288278074027
1.3285272977494123
2.2182458944505217
2.254770682176794
2.2237911404267328
1.298950936050103
2.2404654351587583
2.195476240440476
2.205749770385454
2.212125154352737
2.1987967416336622
2.2230486133529936
2.2164693685766226
2.20743094243194
0.6476598084536728
1.3705206290872438
2.233612070918231
2.203079802008732
2.1983747951400936
1.1725326500304014
2.262334756901227
2.1825910132425688
2.2098465877809153
2.2307583130837587
2.221918333028901
2.2242221215622227
2.195637634770584
2.2081814903343577
2.219147303689885
2.2266216758059416
2.2210380332101467
2.219884822914349
2.202097868422526
2.2576493939676077
2.272799682526644
1.3482212984430602
2.2287445819007425
0.9881802407371036
2.1984325876198847
0.5945568509472016
1.354273577722088
2.1883343152481336
2.196135672913046
2.197321029429712
2.2509169818240595
2.238724887908403
2.2221981384619722
1.2926079867651983
2.2291625626902807
2.2077482634718484
2.1946849492652594
2.1731386065738665
2.1740183645383517
2.2049777028236996
2.207460074463848
2.1958508900822595
2.211940164308043
2.2183720237618476
2.2262349870526728
2.1933750664631746
2.206350161195648
1.3380434337920217
1.2305456769553127
2.2050806529340714
1.3033773227139975
0.4616916819207594
1.211094333293172
2.1905529940466204
2.2515942667420044
2.2575865288856747
2.2175554942964864
2.2086866412220676
1.1693091641037858
2.220079775676918
2.243332860936164
2.188055664644648
2.2410413990917535
2.254592201720209
1.2765039022132272
2.2153749008376997
1.3443945860220368
2.2122678868892844
2.206744894980558
2.243931718103787
2.18507565815478
2.229776616933737
0.830265879679391
2.20561404684097
2.198283531635499
2.198039469326611
1.3406642805320321
1.3466002736917564
2.242656279700131
2.2272809637555038
1.2629999371834133
2.180787742100354
2.2448331408424114
2.1789204970464167
0.9706577639207417
2.2425998225236206
2.268969915101799
2.2046885232502107
2.267004478995209
1.299429236506688
2.273356614514438
1.3072027830160735
2.1973295949841614
2.2304555998457705
2.183283601847503
2.2488868446881227
2.2782081655848785
2.251478244084142
1.3083732625368865
2.215505692536015
1.1000266245545511
2.188178098622022
2.2035728213743133
2.242313103677739
0.8566019128181153
2.213915105031819
2.2669511913501283
2.252028681343789
1.3137929334563476
2.2215586851257814
2.229531389390364
2.1909812409092844
2.206076526997602
2.2269704282956493
2.187319719688222
2.22095919747309
2.212768638402049
2.1915915866153313
2.2255428913253206
1.1511519858441572
2.234014526086014
2.232360585077714
1.27943130241341
2.214708124322934
2.2386247124839027
2.1813261612150976
2.2132857234658836
2.2201055725519194
2.2135587019047844
2.204214562250196
2.2083205675023887
2.1954879795856646
2.2498094954071535
2.226148018367736
0.889848714953731
2.2847225497015557
2.2003514555088755
2.2725133931825434
2.189866171508765
2.264389420274147
2.231293031012176
2.188328464221677
2.222070095572378
2.2269064014697477
2.212704848770743
2.255409600041008
2.266258859683113
1.3527643166408718
1.3247822774344675
2.2059725528354015
2.192668196597552
2.202916206702212
1.3195103061532345
2.230619447569447
2.2115269288024164
2.2401488696334297
1.0951306153377593
2.2634464687385103
2.1765051834253413
1.1860212494474962
2.2257592742280496
2.2069564877544163
2.2238072404678992
1.2969537640461697
2.2681159577856453
2.212501658802031
2.209535793885648
2.1831319147128934
2.242228667636616
1.2784221094265578
2.233417775247843
2.2038971055348755
2.2056769646134824
2.1477251265424955
2.2010188000548805
2.2503178810073896
1.2883324316316482
2.2215159297752067
2.1732389856279353
0.24870520706007349
2.2300129722313367
2.245273225299984
2.198448287971426
1.1789624157708898
2.264962273404839
2.192007716153302
2.269612559361873
2.2440185917582207
2.2228677825205
2.172910473390896
2.212243383282059
2.192446834461192
2.1761985804827075
1.1080133258620855
2.1676018223430322
2.2244789125217457
2.1974027870901676
1.3233458114638075
2.273840637226717
2.2006378161449356
2.203880673241602
2.216257793149998
2.2340046327784435
2.1936132481534365
1.184759641777482
2.1960844831534017
2.2679368375375217
2.214903833587633
2.211490730705022
2.25575817699204
2.212252331908571
2.2569240847307395
2.2356809275162877
2.1756774643327574
2.2086272068792154
1.3081911658222007
2.204568054313473
2.2386905731648206
2.2523399106223203
2.2004716919360665
2.1799495299113865
2.2498794523774532
2.22826541758553
2.2763329446183542
2.202680706298988
2.2173645233146106
2.209186951899615
2.2232584057945535
2.193519090238645
2.217506924733148
2.1918869273547252
2.1969387291591578
2.2603184974017747
2.224132047787399
2.2310694236095934
2.227465264614751
1.3386459489736426
2.229414675253282
2.198762456346209
0.9979002324905182
2.2410286588968225
1.3389294631623452
2.2323761434646845
2.2276487381677357
2.233460081775501
2.1914878440746346
1.1321324240338597
2.2381408452760425
1.3111301811875546
2.2315725747029465
2.217746052701125
1.3237694798830952
2.199569838720272
2.219767165234763
2.197642413545637
2.2092102675635066
2.192668303815428
2.222358679161945
2.178843085866859
2.20694183506036
2.197633848237314
2.173306397413938
2.1833134234169185
2.1870498183100264
1.1969835234570023
1.1568917402997496
2.2213889690211737
2.2289640288116144
2.2400643582031847
2.21165180978058
1.3580204847697788
2.184011584478698
2.2399843338507823
2.2243428769195885
1.1895440254205756
2.205298874908062
1.3261569483759585
0.9256637762650666
2.1940140019304355
2.184640122989149
2.2347754423481208
2.189177800991742
2.203035748456024
2.2351817802666103
0.12697845898397755
2.1879202344565782
2.2729656667138425
1.294585606934369
2.185788230195866
2.209770002627094
2.2458829187090137
2.2017628511075604
0.8075478942457246
2.217399153193436
2.211547466670879
0.8389042285536547
1.1413515974488435
2.2389459306460164
2.2748311200940154
2.253916207226186
2.219432317165349
2.209612062557354
2.2157615093951146
2.2836837277203967
2.1964552839814804
2.2144633234207003
0.9892762676690895
2.2428814513569506
2.2406012148434216
2.2167786340953715
2.2249627145298994
1.2996604403684577
2.248772841357374
2.184858435767334
2.18744177859259
2.237814544108944
2.2662513746390376
2.2741900192543514
2.221310456733593
2.217435601043112
2.185119121917655
2.1747375965369793
2.199601235503294
1.0284821379153117
2.2548723822201127
1.283123629494747
2.2280633483172165
2.226913999905198
2.2503003841755915
2.1644935512306716
2.2799964536084785
2.225114506969893
2.2422555783375184
2.1790371348945827
2.235571782808397
2.264473819055752
1.34702711562161
2.2115289822389603
2.222035742260042
2.2765724836535384
2.1927708207198897
2.205840839145585
1.1931510008963075
2.2170761275157194
2.239812135583276
2.2287794122529085
0.2947560954880434
2.181479130588926
2.2413445413991524
1.384770682029171
2.2048465650261373
2.2081429392677765
2.196203009539962
1.3084081551511735
2.168449770274792
2.2159630314250043
2.2923588828313366
2.217082794268001
2.2023657214786136
1.1387520062146246
1.1927578988790906
1.2045845126050334
2.2563998056636994
2.252709531953535
2.2086993648928326
2.203707923052507
2.1984118437466798
1.144721353042361
1.3749244506534826
2.257835754082368
1.350749932637698
2.2124685727638522
1.3413178180660894
1.2522506836246092
2.224139288568279
2.226280695804034
1.1506033270959777
2.2133521356228565
2.2419660374732118
2.2428497679888735
2.218160593147287
2.224144826301294
2.210219790382461
2.2179002169246433
2.199462043485549
2.1926160616158423
2.2485721134780357
2.2461512593478794
2.223050434169192
2.1909118914946704
2.2111921371166137
2.209483887722595
2.2105639255617784
2.1900426191814297
2.213390625029181
1.033567405635948
2.227539950983728
2.2371610106824082
0.8530743261168744
2.236397412961867
2.2333971511569968
2.2214905030712386
2.1833801850307224
2.2141069870719137
2.2391803421218928
2.2609752302125754
2.267192580711505
2.254571864697094
0.9474743366974213
2.190425363642596
2.223248293584259
2.188189585225259
2.176989220340954
1.3351626337368354
0.7742301762621737
1.3900337267065486
2.214986769194634
2.201549390345054
2.20858921947341
1.1670775156762696
2.211699484364136
0.7950113243375916
2.2656307323910543
2.2075468649203636
2.2190058954695235
1.365623517313253
2.2091965851649773
1.311266400784488
2.2357262634670403
2.2350598161477366
2.2519168157160987
2.2364713307275554
2.205944229563312
2.2425585504218213
0.9852287021948518
2.2083924770861327
2.202345377781625
2.2557944350137804
2.237561749329921
2.234191653241221
2.2110689441627844
2.214872713611715
2.2192946600077463
2.2330477016524863
2.1928791706370334
1.1926845031947324
1.3539741237136473
2.256097336108475
2.2110785886703948
2.212162622152025
1.2907877385052124
2.2083277118627254
2.2058522912288843
2.2232228268090184
2.1760402185962686
2.219267706011469
2.206780805072134
2.293025981037726
1.1709429412660224
1.2389934328369823
2.265884465040466
2.2041590657049563
2.21702941252736
2.216182465424709
0.6489598366261156
2.214140224862656
1.3155727122740979
2.2000242675409503
1.3612260850632016
2.2169085081398303
2.191749343630239
2.219393575159621
2.236667734005545
2.2049924230082634
2.248842618087245
2.1955371116188553
2.2207235727567713
2.2099321128207947
2.1872636140399253
2.231446518636344
2.228028722267259
2.2107926992857694
2.251924679733985
1.1437613486471532
2.2708237122714516
2.1808326122045454
2.26727824687251
2.200000473768814
0.9166501681347474
1.3323175038279431
2.196411617880374
2.2585972788035926
2.1920361742584697
2.247416746471766
2.239474347983112
2.21358381955318
1.0531188859102785
2.2019749566350146
2.242022986553163
2.2075170043455854
2.283225783337297
2.279192581053153
2.226799847140188
2.266904441971404
1.1720661692280518
2.219115656932924
2.2177356022634798
0.7175503031124065
1.3190904030468296
2.2199474207168874
1.166510633007622
1.337430226445352
0.9870798282982562
2.254262919394745
2.2869207072462157
2.166745211005976
2.2255132796043333
1.2186435680336656
2.2070210405928403
1.3364625239491152
2.2264226669822254
2.206171409997971
2.2798278851539817
2.180084754884776
1.094918045003113
2.210551200825031
2.23592950355515
2.257206294251648
1.3136581954340862
1.1585371806982883
2.1924553906633215
2.2068378372262285
2.1839903759018626
2.18679517739609
2.173191635905432
2.2370352580030497
2.2717389390006204
2.196986088052272
2.1768837859626515
2.229862876612806
2.203996312696769
1.049651068651617
2.202531266304667
1.3672010448704792
2.223644059198826
1.3514898308550036
2.1913455136146442
2.2019588927109393
2.2496156312651143
2.214292251705923
2.2574023279720423
1.2079816983672957
2.2111815967727653
2.209879725598884
2.218622437746079
2.2584892625960444
2.211588893344346
2.1785602942486735
2.196855866664084
2.2231204365083697
2.2176282056200316
1.275308955624273
2.2353582145006405
2.192871111812093
2.1965344056303517
2.2375348118849567
2.219362583737643
2.225714795023966
2.239479294676979
1.28299910094682
2.294017372239384
2.1849939705027097
2.2169598549890717
1.3641365016722222
2.208461029944794
2.2000164944781213
2.185683942222923
2.2392005170212115
2.2384306476000355
2.25844827119844
1.3279297470207472
2.205305284233053
2.2092192212176847
1.3744946723467524
2.2222722257853613
2.1472150552023708
2.210144939532281
2.201262317906777
2.247103311467628
2.2511298972123788
2.216947987658129
2.2579882268702884
1.3033091275770323
2.28530449211628
2.1880608918254874
1.3258582541424682
2.1805957275264327
0.7490111405004838
1.165634027916575
1.055932180524792
1.3515328741343156
2.188728875912692
2.236478578253233
2.2191072490531414
2.1989515960232864
2.246525092377182
1.3828559760403702
2.224385333303196
2.257540085466843
2.2072527615946136
1.336391281391907
2.2328927707118433
2.2160664960661993
2.203844595919697
2.207038650026132
1.3628150164512864
2.2073930134200257
2.2604838426205163
2.1792215830621418
2.227460777773434
1.0551292219272024
2.196041714967614
2.226513972895012
2.1988765244777726
2.2635203054597532
1.3022746681233321
2.2057122424010656
1.3208352625691369
2.222375267598637
2.254543664116344
2.2320561211700576
2.2140508022284893
1.3360540802941068
0.7927835258510929
2.264910926370564
2.212870375560682
2.2412743591256628
2.199788287080221
2.2650357120791123
0.8239459163627274
2.2193331158422565
2.220335331440723
2.2026853141458984
1.1628867362105968
2.236112048731347
2.203315310625788
1.300419889522049
2.2257609776684406
2.1924888935198417
1.3269086172703475
1.3358767022153752
2.2160882889908535
1.3119274134277774
2.207957161067611
2.266532252433471
2.2103000530870025
2.217911416476845
2.1855729305590503
2.2869403277566147
2.213551761471051
2.2132424577615155
2.2351761862387063
1.3115490149842397
2.2037828718669057
1.3551561252676554
1.1727134725432113
0.6238064404694303
0.9109188432114096
2.2411164519754916
2.2478819641946792
2.2331203790713543
2.1875218636376985
0.19625330415060702
2.229961935477365
2.1942219592147705
2.2207570811178163
2.1991158763014806
2.2220442705937344
2.214518129290912
2.203271574594666
1.3520457965970405
2.1892537038822857
2.2096913278732466
2.2230595199102794
0.9989489365741238
2.2390005209122954
2.2425592824786538
2.1699708296537996
2.1959223863015276
2.2039200654356597
2.188469811784529
2.2035525275927794
2.1980727014456196
0.973677744059112
2.237907016832038
1.330238645929637
1.093984633442601
1.1336004749229835
0.827495646853353
2.1818357048081993
2.226104295672072
2.2580954212926354
2.2623984967247637
2.236748870106531
2.267507744232036
2.227726013836933
2.2078195464186265
2.2069945383171046
2.2170073078194865
2.19373980204002
2.181344186677367
2.207719226373755
2.2187774283380617
1.330853939637841
2.186070510989635
2.2075548521498423
2.2344335796055486
2.1958118827203545
2.202224599906062
2.1925755515255947
2.1877653054679342
2.2208653867317136
0.7692167173178643
2.2060789312046927
2.2114918967082593
2.2206457091436604
2.216077161246022
2.2547355047262947
1.123035167891997
2.241559730277414
2.1976011924851515
2.21432883917037
2.250312391579378
2.2456312364758704
2.1764804702379927
0.9994105563535758
2.2120344898976745
1.3530344601539848
2.2317871809935155
1.3183111147257265
2.18517300963885
1.3405423087305544
2.1941859252351517
2.1868619329469925
2.2145560224035905
2.198700017616889
2.214436496758145
2.2339342789907404
1.1838491500743964
2.251071832882102
1.0787384924299814
2.2379453374098968
2.217680921880457
2.2227581870557938
2.234232897433468
2.1948824971149214
2.2287587582517254
2.2220258794309347
2.2152300111131176
2.202420700653473
2.2240733954636362
2.2314336713423804
2.2164673146259917
2.1896989768561004
2.2180752640398413
2.2214654290430227
2.220645582291386
1.1538222309393775
1.1999045351053463
2.194313135168115
1.270015539927081
1.2567529134333868
1.209156153721733
2.247945330598448
0.7763598186103668
2.270046381045847
2.2262316304710628
2.227658116412712
2.255691174559147
2.1933930726206046
1.1869844172987254
2.219859299911549
2.1889354406109587
2.218100122563815
2.2300528221922304
2.2163713173902235
1.301200532689939
2.22531590979032
2.206382985739733
2.230342691774891
2.2062002439773507
2.1907436066005253
1.3317200533792553
2.1883968863710863
2.222080504810579
2.1997974999576533
2.2034672117457452
2.239909567610983
2.2385623311348177
1.2842793589574801
2.2205754105459854
2.2462901873037104
2.2548355145293764
2.228757097540387
0.1802286239566621
2.2184001193253975
2.2264663889187863
2.1909679129908612
2.2094895203568297
2.1743677766482503
2.2056001658327276
0.3825642066981315
0.9811350800636351
2.263116959000075
2.233695120286842
2.207934125262268
0.7797302666184397
2.1937152758430476
2.197752164722007
2.173886762399289
2.202446811729701
0.927471936665476
2.202048101443685
1.3187419216812892
1.1932910605520828
0.7411112218707343
2.2540467736139713
2.1980868723707525
2.2095818510566323
1.321888275024021
2.2059090362102545
2.2201748557290495
2.220897548099682
1.3092842498788237
2.2117662724015164
2.235237144803812
2.227102613899268
2.2172430193444086
2.209954362475462
2.2220450274270678
2.1606698843560377
1.3369017125172198
2.200821360167284
2.2180306591447403
2.1976068102955217
2.221695670075899
2.2206661314249816
2.282828298441262
1.192089849821282
2.2401399615275572
2.205952940590676
2.1756776985339075
2.1984869312705904
2.1944803456629858
-0.004973158414094514
2.2082805764353326
1.1747001731585613
2.2607316983161434
2.1973439287280008
1.124908661089055
0.3181696926685859
2.19100449743332
2.214169941350733
2.257091573575284
2.201646739468628
2.286853475760087
2.2022872967391707
2.229343564955368
2.215941230786333
2.222014490249067
2.197836542235711
2.214518495047982
2.2092902277032698
2.212571412101363
2.25655827079519
1.3103193752494993
2.2536087197029415
2.1950668300948433
2.2137634114278537
2.168442276414134
2.176939734050795
2.24479195744221
2.1782904425440806
2.1772573141067575
2.2372065905221845
2.2230134593821864
2.17620500758904
2.2365213219166993
2.2074565810516114
2.219195063246696
1.1078992204403804
0.9782510245958459
0.798678591753563
1.2850263404053746
2.1796760806850832
2.2010602458176924
1.0936248120466816
2.1954906091433366
2.221762754113754
1.317572017597008
2.2118358538615195
2.225656115316875
2.210868062602194
2.2206574720977605
2.2041983509322733
1.3688454970044133
2.1689124960657518
2.2060048963105445
2.234640209205599
1.378743955995517
2.2383660751096217
2.2111823281130807
2.1838659626314367
2.1931713388782037
2.2073657546116734
1.3660021339209258
2.211290042844906
1.3530288183324082
1.3349223395984278
2.228178624128822
2.2404585695726578
2.2564928368342647
2.2108594986077716
2.170410239682558
2.2051787446137796
2.1860672342565994
2.2457793542235995
2.1654553241214485
1.2634169659852215
2.1652421538583537
2.2198154907079415
1.3005705629442197
1.185144092672008
2.23968465048176
2.2152794631703046
2.2270090968524103
2.2047536843730624
2.2124089385342685
2.18778336858525
2.1771453050953533
2.1871683473068106
2.229567553703961
2.2106576004917695
2.228632787945287
2.2415701436134796
2.2159160148302943
2.226524984459601
2.208317878974409
2.195547071864775
2.185659177203557
2.258244060851836
2.243606546161263
2.2252813309788406
2.205426587751913
2.2198679972550015
2.2273987095537846
2.187431553383555
2.2643649058687902
2.2048601622442785
2.209522907372363
2.2123488500367903
2.247104450177842
-0.020320179112564563
2.229208069188009
1.2992354183032218
2.183787463516998
2.2187195815569254
1.335619607670401
2.1786705352946676
2.2413771517091474
2.255849605272026
2.2314799937445304
2.233641443384854
2.204263341297585
2.205217540447686
2.2205414367607386
2.2806768158805006
2.183626385201454
2.2447199335859933
2.1979777296760803
2.1994806355516743
2.211287798192774
2.23133180789655
2.2573275857505415
2.163015477929523
2.220002918291888
1.1296181756184238
1.3659379770122777
2.193168671733143
0.8165702483638457
2.202378700779918
1.324761618418436
0.9710647820737189
2.2202128483844596
2.2409392363762763
0.6318828636859115
2.2136683908018213
2.1545406395018434
1.3464603865135896
2.2675358333309847
2.1819300375613864
2.2368854207934987
2.233945099152415
2.224418664462906
2.1928739142809976
0.1369272731671532
1.0306071640255126
0.6269823799119847
2.2131599947453755
2.2135018027811335
2.2194506823064297
2.2176263944559444
2.274731161169395
2.210812429443349
2.221123285594528
2.2084347825934607
2.237269770168203
2.1908177026800346
2.2334160430546808
2.2036708018929145
2.2834478514412293
2.2384963922485666
2.212751824763727
0.9713745055351557
2.1983930438079327
2.1893352590750026
2.1841482019283065
2.2062137834812114
2.1945867583681777
2.1964281491134505
2.2056479898851036
2.241487500853316
2.211682675558616
2.2572616038418243
2.2064839609914815
2.210430375531283
2.193700334963686
1.3204456903983723
2.1974827823980494
2.23960296374303
2.1779020249846335
2.221458059810669
1.3385255683288793
2.202135164909157
2.247408412419203
2.227707280659719
2.2479783974826852
2.2016632880975266
2.2329346220302027
2.2740828467620178
2.22630546042409
2.1846257569728578
2.2190752658508996
2.237041627388532
1.3040286874685874
0.9796868098938771
1.1626210747687984
2.2006486173455424
2.2583302731243613
2.226435904842881
2.196481861893609
2.202719597024544
2.235921159098211
2.1721641862213286
2.253526970651214
2.208810975555477
2.2180858294828893
2.202845644371312
2.2207519188486486
2.2572442278152915
2.2332845209637626
2.232860377336727
2.2805604223669285
2.2437429004292087
2.1938345298318254
2.240835849108331
2.19815780642144
2.2079117443207754
2.233851622444191
2.1955441086754437
2.255512413578633
1.3249098166965025
2.253331440876266
2.184944477435659
2.248084964221386
2.2111940971290043
2.191508904879495
0.6481664217993667
2.2048135724790425
2.23205488580728
2.1511833134524747
2.2220452916217788
2.2128130946932725
2.2573597343895537
2.2524849588562543
2.2056277558520634
2.2183566413715297
2.2153833962813922
2.214183247747244
1.1129292737546874
2.2269085396725776
2.2561606619473573
2.2093445368202707
2.209098188480512
2.1895342563656692
2.2502623087411453
2.225410373649061
2.210530754175685
0.8423182492799117
2.2202773862029286
2.1990713834583477
2.233824219460914
2.2180210041285173
1.35648478069738
2.2251517467525472
1.305127086694259
1.320354801507721
2.2330286066842815
1.3243532880483178
2.2257082090269042
2.2132280734210874
2.2050575501501037
2.2511020530823185
2.1983191914200093
2.194617929373347
2.190817221975732
2.2092785831538713
2.195282028674021
2.1882981051111594
1.2906886494809622
2.2710275839547993
0.3358264079048642
1.3538331732957418
2.2091964378515163
1.3578339330711715
2.257792759838151
2.2029066331769394
2.202343352182749
1.2684681724809341
2.1945270873422027
2.2279975777903123
-0.07681309313690199
-0.13617509341679224
2.2277887868494806
2.2798507479791486
2.203801735681289
2.2019699317133954
2.237236323032051
2.1889177415573906
2.217903726280686
2.201161202220514
2.2201098942407302
2.20933196901735
2.2171501984817037
2.2012350469355253
2.2186965114709345
2.285855184326834
2.198426147088712
2.2180342663980652
2.2100723189890346
2.1891201340148685
2.1896947587988835
2.3068415163574842
2.2337903665898344
1.3328632524938273
2.2125436105908687
1.2804709399555911
2.2079879935394398
0.8047651058625034
1.2392644635563177
2.209608524309912
2.2521327460950937
1.2064469363841008
2.1918112595619337
2.199116740604565
2.2431109913030216
2.2022833376828244
2.174721223007406
2.267334815078647
2.2037766841256934
2.20088487297133
2.214134869870409
2.2451348231648405
2.2046720661085697
2.197451441774843
2.1945963975528517
2.2287427831519935
1.3359719151109426
2.1966197143607227
2.242060539280533
2.2462574916011833
2.2122648262240574
2.209790121811423
2.2354611418060437
1.120907384596092
2.235926135299471
0.026888772519820858
2.227462986029119
2.2734735593854216
1.3513280562193504
1.3175704338648566
2.2028446265568205
2.2187875309179605
2.2001759262214247
2.2652659850886234
2.1811831664272114
2.21132565573182
2.212016331689611
2.1812812152535574
1.3974714682713523
2.244937873828456
2.2413026154266156
2.208827158524451
0.9755897923167184
1.0100286959104703
1.1522840054268866
1.359599602477291
2.221752858592854
2.1917450180572597
2.2172102049482767
2.2621898040028463
2.202453571590885
1.1116211674943246
0.8512002334177713
0.939772951204576
1.2903408128224103
2.2093059188836826
2.2267281388099742
0.709567460598552
2.221672313656107
1.2680617020891245
2.220030846738476
2.243008110951515
2.2523406227666394
2.286267428683752
2.1890597948289394
2.167002891302525
2.2110694856030753
2.1913606611614735
2.2195387776739324
2.2236803113272403
2.1961487692504633
2.224568039756676
2.199628190136077
2.21907738137416
2.2641730903578887
2.2129317445455756
2.2149586487537594
2.1988103312536404
2.2662080597177026
2.2245903528744235
2.2395136710752
1.329902536803338
1.3441047766507634
2.2345289216692006
2.235022136067979
2.194456585423347
2.23465155653141
2.220169043910518
2.1990974049571808
2.1797643949341676
2.2533073406679103
1.3195250340137918
2.201289748762191
1.1663217079256802
2.2232281203310267
2.2083054337130212
2.1903085469992454
2.1957622185293824
2.2459241730537487
2.173725848846084
2.181394661992034
2.186734538695838
1.322285379972818
1.2620979229520766
2.199240352856135
2.214665598992106
2.19007978182606
2.17206073617738
2.2206426280169778
2.2720663629063704
2.211907018870723
2.205552834231942
2.212969220616325
2.199859640439735
2.22706211094302
2.210002443950556
2.208999765786183
2.2107313723554323
2.191600951526137
2.237522733924647
2.223332853212817
2.1988145251924327
2.2179310751915056
1.2694229788285265
2.2270185387423007
2.222346780202532
2.214386827645877
2.194235013734551
2.2130617906841517
2.232580639818263
2.2027562621385424
2.182856294658883
2.2129178667048746
2.1986439707133836
1.298973090610405
2.2237405743971843
2.186961421862682
1.132237771101069
2.190332813745199
2.192941794450448
2.203888120769593
2.2083158255452418
2.2525179590255515
2.1634296846497434
2.2492701441843024
2.2113111476484235
2.207865759271855
2.1823681301867914
1.3256372754032382
2.227257997669181
2.2053408013634415
2.2185111480749273
2.2695066062854377
2.198161253516858
1.0982328314899492
2.20108272768028
1.0060363413257385
2.266563017276342
2.214487690818322
2.195921881377078
2.251690009160816
2.1987269036229486
2.2538578466347876
2.1796861106770447
1.3470260454756964
2.197681688384233
2.2302972407302715
2.213028047855665
2.233026596243348
2.187991360098752
1.260963176477532
2.1881235434785307
2.1884994546185097
2.2967511021638085
2.215640799427909
2.2245900804669256
2.1875487388612265
2.1914046507878417
0.46957817049778394
2.2081329290191327
1.2835417005660144
1.360998311082442
2.192540329725805
1.17958685558877
2.2000787549488283
2.2365751105642078
2.2333945356932903
0.9664251532591769
1.3323820318747317
2.198459097655575
2.213559621622564
2.232735427516169
2.2530347088323213
2.230640452487475
1.201121074031962
2.194249355120842
2.182660635997233
2.279129986122431
2.20498239358708
2.2531555833954724
2.23195174566232
2.197566798670918
2.1987284004463143
2.211477790183592
2.236593754016429
1.3790427752605567
1.373218987398832
2.2271036896092564
2.2495808890869267
2.186554260064752
1.1883672572643942
2.197458881614378
2.2065628897262473
2.1982236160866973
1.3595843780118593
2.2230906496023235
2.220534444771091
1.0894493827855396
2.196498820095221
0.6626158657562488
2.2581841537449705
2.1730085592254835
2.2091339618721593
2.175512014219568
2.190570968072079
1.2829053209748167
2.2160372465116858
2.2219665251794645
2.2425943707734626
2.2441623299446176
2.2615605373087027
2.1801827833352463
2.203951067864114
1.304193240578585
2.208992616215939
2.2199368747186687
2.2058937559985856
2.175870297620229
2.2451951126656935
2.243882982676634
0.0037335211258431866
1.3264739467717899
2.21171741328107
2.218950566499997
2.2500528154803554
2.2066348643995326
2.224856750174972
2.2335293140235484
0.9807889142360763
2.2371841390681233
2.215853629818639
0.7598482849267778
1.088179245858471
1.264505437388959
2.1880701434796936
2.208260014937723
0.4233614192755842
2.188788323218635
2.224572592311202
2.2140285489417204
2.205559365069511
2.212044929172859
2.227856212476679
2.226502940309087
1.3480449670273134
2.2213871114938897
2.1894089163029165
1.317378712559509
2.199537727516647
2.1819180347580707
2.273102928172535
1.3262115104760142
2.252834137428496
1.36231887086202
2.231978539793695
2.221382311674355
0.19465249596859477
1.3239696031061614
2.19202798534662
2.2075369873015016
2.232759072045442
2.1951302662936634
2.2003844726633828
1.3200979511895448
2.2862668473704097
2.2455224487599437
2.257424370725378
1.3084658664297844
1.0886455337400145
2.2228432718883027
2.2032125416889636
2.266636804155922
2.187330714177335
2.195775729656256
2.1802783287122054
2.2385519987288003
2.238381800200714
2.1660693405959135
2.249442081921143
2.2172113171943946
2.2488969403828163
2.2172116162377336
2.1960996102844863
2.207969728947442
2.271900648806735
2.2404010371540704
2.2001081837909875
2.2344332684133406
1.1588204089535694
2.1854453914418706
2.204139523314308
2.2351101134572544
2.1962585146391254
1.324561596207217
2.200587195255837
2.2353342655147963
2.218622506484864
2.2564210544758736
2.2113169604039475
2.2056394090355385
2.171878177327518
2.27531419474471
2.2275947949754835
1.3295577276305879
2.187694984298135
0.9626067470231874
2.279727394323852
2.2004859498252562
1.3734032573594246
2.224674302044738
2.2001476253242966
2.211243011898679
2.286157016778625
2.204773836924853
2.222556258044274
0.5891095582520427
2.193361611050938
2.2273711992665386
1.1524387376854728
2.2378791415481754
2.2218769778943814
2.215074759653726
2.207094529325147
2.1897045399334694
0.5815445561193425
0.9840652088884827
2.2138519143759736
1.3479391259412012
2.2323106188874124
1.349455955901419
2.2188086079708285
1.3042233826885734
2.207290693929748
2.2636030841179204
2.270185110717635
1.3392094012563085
0.8956865003148519
2.2056131871952935
2.2140813142823976
2.2269247623686734
2.199903250400501
2.2053639114022427
2.2237292595009706
2.1698451810076946
2.235636299308959
2.1988455301531546
2.2168816213204563
2.2418235297753775
1.154259948309131
2.19029434386407
2.1866118907220944
2.209909524041951
1.3019171539309993
2.2001933539666885
2.201972740178406
2.192201076947983
2.2246467579535913
2.2158847379677447
0.503294762367513
2.198275518254742
1.1928611903523532
2.22945952168037
2.2367610666336653
2.1848363507282142
2.2282384428836766
2.17845590160751
2.1770910556213208
2.2253015285516
2.2636288551008854
2.2332220966843437
2.2367852030342537
2.226496561104055
2.228749254812576
2.226638716733605
2.199245290040868
2.2334547583672713
2.1896216303116587
1.3279578501343658
2.230710634621812
1.1981517950674698
1.150659531465462
2.2132123091394114
1.371264468371729
1.333777298405017
1.3166721411241427
2.204400822526785
2.2130868769785663
2.216835409590803
2.1818372271371924
2.231136493107221
2.1950627954958173
2.201137426420893
1.3136871557815912
2.252959828407173
2.2054099658215938
0.913780310565102
2.1798065851503754
2.255133638899895
2.249095438063234
2.2185848195197337
1.1414715162173898
2.1643432306222525
2.2251283586238735
2.2474970593093877
2.23112547782194
2.245963694565207
1.3683212067483526
1.1750955569496484
2.1836830526211544
2.2744088414727575
2.232220875343768
2.2293838894256877
2.2125620774380197
1.1816437981900896
2.204409666615127
2.181005934899859
0.9945113166603354
1.067342091239003
1.0879853497452523
2.230648120521892
2.2268049478433936
0.8104259562516256
2.262358601591348
2.1839280993930714
2.1965092217485522
2.206386026433269
2.218556495673444
0.8376838239754139
1.1831076787396684
2.2018568301088384
1.3172048376989003
2.22282166099226
2.2425482696900625
2.2055777294451686
2.189227889597774
2.2346706771557248
2.227594694510427
2.228808319799355
2.201614873141979
2.2273605777465617
2.223910029417582
1.3362036850589754
2.2039168102825837
0.7750354928763544
2.2253960556015224
1.3602170917542313
2.2431129577034987
2.2373987893029668
2.205827337162228
2.196172913794428
2.193275013733081
1.3204864211110046
2.2274459269901428
2.2516509146522496
1.2867562472176308
2.225826431613827
2.186346157699586
2.2348393028759865
2.208794348387979
1.3324559532044709
2.2012674969044292
2.20611263021527
2.195165147245452
2.174901088218632
2.1977604678655602
2.2545930595836037
2.212225698110266
1.3545863989786004
2.2333582768131253
2.190270475575973
2.1991712606519056
2.1904927846168505
2.211274751890673
2.269914409866848
2.2187221981292296
0.4056053638218633
1.196112981936302
1.1625487294555032
0.9804643534689115
2.236521709954835
2.197613925948196
2.236996196877779
2.1953328094786766
2.1957261315915293
2.1900373423416113
2.1860889154801666
2.2262683428670003
2.176652382245684
2.2051672169505387
2.199601276286537
2.2442623260755328
1.3069948992594054
2.1757927612803316
2.2072564927261933
2.267908783497589
1.1795791567275518
2.1790186896227346
2.179833822195144
2.2173431507101125
2.2028468189536365
1.1053571314402855
2.213159369953095
2.2411292302710644
2.2509735877553068
2.1894056019480925
2.218645871265522
2.182645923644902
2.2469095014903955
2.193413748422316
2.237403965830033
2.1964921207356976
2.1889247895696418
2.1890549427177195
2.2318307929755012
1.2975683431550156
2.2684217877890855
2.212229135911353
0.908163936973399
2.2473423839141304
2.2178311632037273
2.199798709315521
1.0486106633395698
2.2093376846465356
2.244301760720191
2.2493178961029514
2.2380977703854765
2.2502396257684802
2.216126108085305
2.174456133215272
2.1828343571589004
2.2052650426331493
2.187154379437814
1.3174760081149348
2.2346996357607036
2.211387750624957
2.2089842216750597
2.259004443745865
2.223539050571255
2.2109505038800474
2.207146141931543
2.251499166377868
2.231793000423236
2.2337531746133363
2.183718046305261
2.2065245275546066
1.187388075670204
2.217061521412446
1.3200703008184056
2.1972396308867412
0.9628226817974369
2.186332854899257
2.2791852440988882
1.3454781231179413
2.258907547012505
2.2359722741599475
2.2154776643804306
2.1973700746426825
1.1954027061827646
0.7928078949603589
2.1937440029594666
2.2564403782196862
1.15507678820554
2.258100194931882
2.263561666845599
0.6333577645014293
2.1910043404496937
2.2424474539923946
2.260516658069486
2.191926563193931
2.210496971634613
2.2150899205882633
2.25985590025216
2.246107634186831
2.1817883622322345
0.806313880503997
2.2069863637787
1.0189867372178374
2.2037964083399215
2.1823922938699836
2.1683488783956912
2.2476881548173506
0.9531865044644322
2.197228759403461
2.242837353781991
2.2076952924518882
2.2085968882991294
2.207266749757957
2.202456185221064
2.2653414758623787
2.22426783345173
2.22545886741968
2.221019123410283
1.140508163110521
1.394805294872935
2.2023944719164428
2.253602287542335
2.2056316137729044
2.2444710916486823
1.3069672805054895
2.2308492606848636
2.219271674909165
1.175671579718487
2.216756880633278
2.2019343835319356
1.2941850005338214
2.2279780985127493
2.2400171642927136
2.25324371888899
0.19370259516226213
1.0038188058635624
0.9106851117439787
1.223207323376821
2.177814372372638
1.1389078583288268
2.218810904416201
2.2078918548353954
2.2049188187551847
1.1531149948990733
2.221314141545914
2.241361218955525
1.3446401729997841
2.223967520225592
2.2677929971843813
2.2158805517778495
2.1868965562049167
1.1744570912669223
2.22593211773835
1.1417242349463164
2.2350374803088036
1.1698606332748198
2.246238514837608
2.2401581124505574
2.2045193674535692
2.252425312188927
2.2159747311779054
1.2536261569657445
2.2168069749274633
2.1961551127556387
2.179954702050193
2.207100317689067
1.317240503795054
2.2025387528430853
2.2279400666256595
1.1320929465096587
2.187600817123837
2.197185990242875
2.201573265289452
2.1954527878309325
1.3361412445709342
1.310634176233483
2.1854691383009186
2.256022028065244
2.207734683153825
2.1967151593022427
2.233181184157226
1.3103824759054796
2.1816475147376666
2.2057115568169428
2.229333162430401
2.206268664786187
2.2600009463671675
2.207561754377516
1.292511609430014
2.184695580875176
2.2053585394630266
2.188858062229977
2.2264267198140324
2.2296235019166426
1.3425774891976283
2.2085857606054082
2.187457602593644
2.1836089563424492
0.23696107675918054
2.2502481081743757
2.214184075353061
2.223981090310534
2.2013421971309093
1.0212523339065986
2.213651623872385
2.182335522266652
0.9333045680055077
2.2110365029663006
0.9389417411508826
2.2123658989940864
2.2727512447907623
2.180224569223123
2.2060619833281696
2.2305229482509983
1.3122028596709467
2.229586905022842
2.23055538038453
1.3380452277008528
2.2187375114156804
1.1276446592734826
2.22380506721728
2.189769468198232
2.1841592886705685
2.1764586902263647
2.264499319942911
2.2201049716465997
2.228198137832725
2.189351523336107
2.2668632289824386
0.5874546451011811
2.233651009991052
2.219582150433026
2.221826125375633
2.2198616533646
1.2040661296423676
2.1776878623784506
2.2003261333097806
1.0813261367553635
2.218477527945537
2.260003791887957
2.2363323579026044
2.1908819134985977
2.2291670844060967
0.9978900250614027
2.2589181607206084
2.1873161190626056
2.217920098976516
2.2155353322018243
2.213831838219632
2.2033433466002643
2.179371691901958
2.298517630305704
2.2141164598929954
2.2146045481993006
2.190977223411939
2.2682758293168
2.2238814268902583
2.2183199081211535
2.2005255584553307
0.7742332566218512
2.2214144192128087
2.228512102145287
1.3285948027456915
2.228795082801802
2.222513223494949
2.1813821171766934
2.18968913870083
0.9904902733614774
-0.03129081774727241
2.2183235319434322
1.01920042766008
2.199204917518947
2.2106506852703873
0.837212817250846
2.2352217960627447
2.2098812257173575
2.258225925675466
2.196579196794672
1.3421077080265336
2.163518011762463
2.20499301340198
2.2381358482224396
2.2023585846396534
2.206160770930963
2.1989784125043252
1.157740141562621
2.2210766234442083
2.2199688712332595
2.16137049201744
2.209507296115599
0.5970321491207826
2.204413005587921
2.1962096639902224
1.1841065344008477
2.2469156762719504
2.2783150196944755
2.243040135161575
2.2066544261535626
2.2186250960890335
2.241652087360997
2.2248675949691177
2.21877641676267
2.2148198601056084
2.213969891309493
1.1319362269543962
2.2042709372281433
2.1807855351310113
2.2326582763540586
2.2094007144719745
2.231327661087298
2.261070082331884
2.255055531920984
2.195765940793284
2.2027469512946793
2.2164704677275533
2.2085082705235557
2.2214122717905624
2.270405046866255
2.172795314146135
2.232142741583296
2.213148858182347
1.2807703315207855
1.192784158004956
2.2036571132119853
2.20576045880117
1.182059442720849
2.2317168138321533
2.19824268515588
2.2037516377302624
2.161033362472066
2.193155419612215
1.3316109011379031
2.2006904407210195
1.2364513255361522
2.2090786117223784
2.2504759317222494
2.2351127663234873
1.3414256102220528
1.1900768101288133
2.197130700949523
2.2356598036091633
2.1929312228668274
2.2295264027692245
2.193200536556805
2.208663495784048
2.176079938313144
2.2187041283202262
2.218957972203473
0.23895956298536675
2.2159465143739023
1.3887999254722707
2.2358859838148675
2.233746726469235
2.3017461262380716
2.204576874795994
2.227694745052186
0.45272352988213105
2.219263743230922
2.208257722438626
2.2401114668014097
2.188250433478094
2.205566188304487
2.2319909305640264
2.248541872398351
2.209078123863417
2.2080049333071026
1.3239374396550143
1.283571376981259
2.211197060433939
2.2324132052496033
2.2228547628283053
2.2186302029186526
1.2954625041586996
2.2245920894523907
2.252743274229486
2.260112036991703
1.2917649318062032
2.2047685459814303
2.1846355774243915
2.189773472069325
2.1995900693420127
2.2077840687286283
2.2014332510442545
2.2001442338512454
2.216547119013954
2.1854821396712585
2.231143690733104
0.7076264425606942
2.2956846312337005
2.212234139974729
1.2666882964495194
2.2267876839739373
2.1632806064769934
2.1821650747302344
2.191786123143695
0.2604697848945874
2.2384011662880083
2.2361857247779753
2.2161125783379108
2.251205104472989
2.186712387635926
2.2204635944080717
1.2671856481943158
1.3845318854916182
2.237406346992616
2.2491611260953266
2.238909688408425
1.1752551115884913
2.2115057545804824
1.2495957939193458
1.018302515845185
2.191047065208326
2.2066102952888667
2.2097138504365352
1.2964647058309118
2.204909912118053
2.2514638941766743
2.2256044378711315
2.2031616753374417
2.227089658780944
2.205870719736986
2.202875608243839
1.1060579872831822
2.2468702866023147
2.2303781455072533
0.6347222796524432
2.2221089551756616
2.202511915235804
2.1867021165544656
1.3172360705024317
2.200166169131525
2.2498268488611792
2.1883129891569086
2.211716955306657
2.2405867742420713
1.3029964505636413
2.224983266124166
2.202420366477673
2.2086894453968986
2.281006579154278
1.338693836224361
2.2398628822126625
1.3147958542735407
1.3359683568011786
2.210864443852684
2.260429523731858
2.2320027048153896
2.204882753146514
2.2129417614260816
2.1859369228837013
1.190447586416532
2.2140278517955565
2.181137667310317
2.2316186027332834
2.2165403917701525
2.208416125003711
2.1926323046954432
2.2341221753154747
2.1837210481597813
2.274291738032888
2.1961170797715885
2.214283884981757
2.213757900670594
2.218198062783639
2.2287208027275325
2.2061459872120874
1.2006777349432582
2.189414983926582
2.2518919864923004
1.2328391817719946
1.0057951191382468
2.204298597279881
2.2508679510746328
2.2035333125839482
2.2660780036228774
1.3914956429714405
2.23344121973316
2.2332685515569564
2.2224388002051096
1.1965977898320028
0.8496107031045097
1.1874874792393975
2.220962182657933
1.3277590478069223
2.2294210719361827
2.2143142244229077
2.2405497787041386
1.3639840902401403
2.201330018410212
1.3460617009690956
2.165600948495506
2.2241658124522443
2.195856201261398
2.2562702827048406
2.261393276061769
2.2273600352923593
2.2060016272307923
2.211296139816775
2.2347522573261704
2.2229735646838127
1.3223745030945289
2.2443169708089723
2.252549473775301
2.197947267140562
1.2999395147263184
2.237894135758
2.2146664373216423
2.2284485025784044
2.2083338054734263
2.2590109296380083
2.2639726436412184
2.2054755558046693
2.2017349327565983
2.232409839964561
2.242807596909132
1.243014428478534
0.9890269263035641
1.2942686487941124
2.202976194640579
2.2485129342221795
2.285734774712022
2.263708819660725
2.203388161848025
1.4028860878299072
2.223234578537049
2.2441885092129934
2.2174870593790943
2.208910967963624
2.22736163699592
2.2244146845644206
2.2004681959926358
2.2151013526268257
1.0303261720925345
2.2587796339146444
2.2533826370555348
2.226549353134515
2.200584266909269
1.2474188887682716
2.2279165950643005
2.207653104393141
1.3485070136915267
1.190885491133445
2.2460616531054356
2.2026216136609453
2.1760129694401966
2.230326299832008
2.20788343354648
1.3352969912274812
1.3329389687404365
1.3066847087144473
2.2250681225651725
2.2658979710822327
2.285689240271615
2.227983473134864
1.310264301097477
2.2231484159597117
2.289321122470109
2.225096282795776
2.2250431939841677
2.230049032483114
1.2913064447243245
2.195790724990575
2.228527770138122
2.2322610774806773
2.1859828924196436
2.2032831445156775
2.206873309908455
2.2449051118646155
2.226704967610181
2.2234364231801287
0.7582762056657444
2.2054352379111144
2.2665278218114153
2.170445065746066
2.1898291929333285
2.1897802061695906
2.206744128605931
2.2399280048096055
2.211395714756903
2.2033204757920397
2.208278938398974
2.2019097546938466
1.3580274249543005
1.326535630274039
1.2088929659844678
2.2192414234965914
2.215906258957955
2.206292642403736
1.348723381882794
2.2409212074955436
2.1915050229398787
2.2349941962926363
2.2414441782805303
2.2319889009498506
2.176658568862206
1.3278264633855783
1.2778676252024763
1.268639526978463
2.2841779262044217
2.232134468924974
2.2013678934263883
2.186618969586225
2.1935620295819445
2.2187619107059513
2.2017135902615443
2.268403863246249
2.2669638519663726
2.2075178367989627
2.261366295119958
1.2872861525196293
1.2140005572870067
2.2485077664857487
2.1747693977039786
2.2627495930378316
2.2667867762826477
1.3029028853556928
1.371398726203313
1.027442125948811
2.210760432106254
2.211931484681877
2.2485980899421234
2.2070624160116648
1.203230989655896
2.259162233791442
0.8431725127016092
2.192676920698551
2.262338704198261
2.1754836834568527
2.205958970059899
2.251286112550467
2.187254996501922
2.2048683072459334
2.2277631692837847
1.3354566202133409
2.211707364007349
2.192074799904155
2.237743099696609
2.2441349610666537
2.22008171033322
2.1952408502155096
2.232466841836594
2.20860945271654
2.2165983659634754
1.331182739070254
1.3436863717634695
2.2226656080932
1.383507090458447
2.2737561327387716
2.209511590352138
2.2077169443233524
2.224965739160703
1.2535296095639847
2.17838539000938
2.196069944223299
1.3254189634833433
2.1964699467027042
2.2024018310157554
2.165488360317603
2.2047774797069737
2.2114289514123144
2.1938743627093027
2.236871535914152
1.216220241217495
2.2424277158606967
1.0273463533004465
2.2229268891321268
2.21783557251697
2.2255522124906264
2.2208099546894067
2.2309283460057534
2.1821843400227294
2.266032315075281
2.239915203602428
2.21520730880085
2.278555926318184
2.2333527614957314
2.2104494668603554
2.199928006223149
1.365551585295412
2.225009748856958
2.2326358292523354
2.2545235089922118
2.2227938750378753
1.1881577123657716
2.2373551905557125
