-10.2
-10.0
-10.0
-10.0
-10.0
-10.0
-10.000041885402416
-10.0
-10.000001016825937
-10.000001139669992
-10.0
-10.0
-10.0
-10.0
-10.000009127204002
-10.0
-10.000031840746347
-10.0
-10.0
-10.0
-10.000010630573817
-10.00001956938046
-10.0
-10.0
-10.000011728707111
-10.000034364354958
-10.0
-10.0
-10.000001112189414
-10.0
-10.0
-10.0
-10.0
-10.0
-10.0
-10.0
-10.0
-10.0
-10.0
-10.0
-10.0
-10.000001395542135
-10.0
-10.0
-10.0
-10.000002328774789
-10.0
-10.0
-10.000020696490731
-10.0000138403333
-10.0
-10.0
-10.0
-10.0
-10.000001187563988
-10.000000826136782
-10.0
-10.0
-10.000005993591031
-10.0
-10.0
-10.0
-10.0
-10.0
-10.0
-10.0
-10.0000540104367
-10.000016084130598
-10.000001199224835
-10.000000535082764
-10.000040999914651
-10.0
-10.0
-10.0
-10.0
-10.0
-10.0
-10.00001789142457
-10.0
-10.00008203162429
-10.100211324762434
-10.000026109997528
-10.06194053894715
-10.0
-10.000006902142768
-10.0
-10.0
-10.00002443915388
-10.0
-10.0
-10.000009358209375
-10.000019650350056
-10.000003749999125
-10.0
-10.0
-10.0
-10.0
-10.09968452730412
-10.0
-10.0
-10.0
-10.0
-10.000116981002854
-10.0
-10.0
-10.0
-10.0
-10.0000099493308
-10.0
-10.0
-10.000000763472679
-10.0
-0.20021496024149066
-10.0
-10.000004510483757
-10.00000064406036
-10.0
-10.0
-10.0
-10.00000244677873
-10.0
-10.0
-10.000013189337029
-10.0
-10.0
-10.0
-10.0000094331741
-10.0
-10.0
-10.0
-10.0
-10.0
-10.0
-10.000007696696418
-10.000000164274098
-10.0
-10.000000136231854
-10.0
-10.0
-10.0
-10.0
-10.0
-10.0
-10.000000491013516
-10.028210792765506
-10.0
-10.0
-10.0
-10.0
-10.0
-10.000003509086048
-10.0
-10.0
-10.0
-10.000003043210794
-10.0
-10.0
-10.000007753916496
-10.019401789985181
-10.000012611830405
-10.00000025536368
-10.0
-10.00000043147677
-10.0
-10.0
-10.0
-10.000000241265647
-10.00000199175291
-10.00000017350085
-10.0
-10.000013387150627
-10.0
-10.000005856051724
-10.000014040360881
-10.0
-10.0
-10.000024536345276
-10.000002631052041
-10.0
-10.0
-10.00000018271728
-10.0
-10.000000188071473
-10.0
-10.0
-10.0
-10.000001971895696
-10.00000069444351
-10.000002723756849
-10.0
-10.000000216803238
-10.038672138004298
-10.0
-10.0
-10.000008693313866
-10.0
-10.0
-10.0
-10.000008606029267
-10.0
-10.0
-10.0
-10.0
-10.0
-10.0
-10.0
-10.000029114993398
-10.00000094740129
-10.000007444001874
-10.0
-10.000000593775201
-10.000019802330067
-10.000062619866945
-10.0
-10.246706672181242
-10.0
-10.0
-10.000000491483522
-10.0
-10.000000679931354
-10.000030293105029
-10.000006614572362
-10.000004604933793
-0.08529748782650243
-10.000005511172198
-10.00000446656581
-10.0
-10.0
-10.000000292096573
-10.0
-0.05552894086616001
-10.000014590049451
-10.000000456138896
-10.000000341998467
-10.000001369951823
-10.0
-10.000006153323106
-10.000003090328995
-10.0
-10.000000488687826
-10.0
-10.000000291464012
-10.0
-10.00000935441678
-10.0
-10.000010289849357
-10.017851490593392
-0.08371536240499405
-10.000000330843939
-10.000000565844573
-0.04290880174090289
-10.000042472093696
-10.000002935007108
-10.0
-10.017674915693037
-10.000000304213877
-10.000006304181488
-10.000004678512466
-10.108558988018682
-10.000000191459604
-0.05007469814212123
-10.0
-10.000004040385432
-10.000001508548646
-10.000001473884467
-10.01796332646192
-10.000023548172125
-10.066836975873942
-10.000012027229541
-10.00000321236793
-10.000000276005572
-10.0
-10.0
-0.01800357497468339
-10.0
-10.000002908031268
-10.000009187052315
-10.0
-10.0
-10.000017640290876
-10.011151092312174
-10.000002902742361
-10.000021756045555
-10.000000292334448
-0.05474628824500689
-10.01702562602234
-10.0
-10.0
-10.00001690672894
-10.010704823028927
-10.0
-0.07861635332268915
-10.0
-10.0
-0.1039404377238238
-10.000002818243109
-10.000000270258305
-10.000002792068589
-10.000000368097785
-10.000009284306014
-10.000000235165064
-10.000007484630693
-10.0
-10.00000033940589
-10.000000261401025
-0.028637280162834542
-0.12302223217613362
-10.000006237019134
-10.0
-0.0670487668684915
-10.00000023008708
-10.000000587569149
-10.0
-10.000003226815238
-0.040881666709738154
-0.022794083141189872
-0.03291187991386131
-10.0
-10.01391759672278
-10.0
-10.000006297743681
-10.000008042331846
-10.000000446491292
-10.000051342911885
-10.0
-0.10320053368112139
-10.00000827400619
-10.0
-10.016447804759023
-10.000003209606955
-10.0
-10.0
-10.000001142406596
-10.0
-10.06011532161758
-10.000039733428972
-10.000003121267808
-10.000000268865428
-10.000000317606572
-10.000039118285772
-4.676267968855129e-05
-10.00000518555461
-10.000005057388002
-10.0
-0.04973746986573784
-10.000000270588991
-10.000011339436844
-10.00002043617114
-0.02334571284721667
-0.05077859791619317
-10.00001153296061
-6.868489994782509e-05
-10.000022924039852
-10.047532890474688
-10.000002259172911
-10.000000415993409
-10.00000297186511
-10.00000847445749
-10.000005067668534
-10.0
-10.000000321620075
-0.016280096898886837
-10.000007149132388
-10.000003400511261
-10.000002620555305
-10.0
-10.000001257523607
-10.040727851385878
-0.03630540738481905
-0.09784274455505972
-10.009296668633807
-10.000037142748292
-10.0
-10.0
-0.016491865433887854
-10.000007674859068
-10.015262249362381
-10.0
-0.053022907966181025
-10.00000711941887
-10.047282452081888
-10.000000245349462
-10.067086164455109
-10.000006039564644
-10.009845551237808
-0.04895204424464435
-7.081728669797838e-05
-10.0
-10.000000318097982
-10.000008705948463
-10.000000296014987
-0.009800307167491605
-10.03170436430542
-10.000000184363975
-10.093150601427078
-0.025841996456877014
-10.000005040856585
-10.000002631837663
-10.000022618009922
-10.0
-10.00001546038289
-10.011693529516547
-10.000000344513273
-10.00000218096097
-10.000016457409151
-10.041710747652987
-10.000000246624959
-10.000005868279457
-0.13349604967107803
-10.000000273214608
-10.0
-6.0316455191645156e-05
-10.0
-0.05471346393768901
-10.000002683164398
-0.01213990128695387
-10.096803276342559
-0.02712567086018739
-0.02224487737369735
-10.0
-10.029436296744459
-10.00002294009651
-10.000003260377797
-10.0
-0.014746112520120199
-10.010120005431776
-10.000001718331683
-10.000018356154444
-10.000035687664425
-0.04991311750176149
-10.000000295470699
-10.042052837697979
-0.0562532271824676
-10.0136139105042
-5.1849538683327706e-05
-0.0779919179344121
-10.00002285131225
-10.000008538778095
-10.00000487826772
-10.0
-0.022264199857698893
-10.000002007286625
-10.000002278310209
-10.000024616913624
-0.00943735453448199
-10.00934583662197
-6.879666377995165e-05
-10.000010472556776
-6.434603401562702e-05
-10.000002416032295
-10.022741985225615
-4.006352156206585e-05
-0.04626901472710401
-7.834213531475639e-05
-4.9184902420217114e-05
-0.03717047436273303
-10.000000203361303
-10.0000022533637
-0.01012622830941827
-10.064169499340025
-10.000000276628414
-0.01265578091091882
-6.465264097000567e-05
-10.000013271472849
-10.014175358300045
-0.03194261981984838
-10.000007624362972
-5.206578003600224e-05
-0.06147766457007963
-10.00000705727133
-10.000001304550683
-10.000013269342647
-10.0
-4.701943915999999e-05
-10.000000469613985
-10.000023798708407
-0.05037600043852682
-0.029185299185735
-0.009689416353593983
-0.09196075672060819
-0.027486172054790786
-0.008733972479155597
-5.853611182953669e-05
-10.00000030756634
-10.0
-8.998560091976488e-05
-0.02557151363362628
-10.000005852285556
-8.275374687819591e-05
-5.4189983921843176e-05
-0.05088852512163415
-5.615631345370653e-05
-10.0
-0.027565526029316875
-10.000000267763772
-10.000010716769548
-10.000009458627366
-7.489795256721644e-05
-10.000015063414564
-10.000000982222646
-10.014600447903065
-0.09310400393097282
-0.08251333310500816
-7.283141148206704e-05
-10.000003479970877
-0.0886924247271299
-0.022926272092666285
-0.027543896003219985
-5.315181949081158e-05
-10.015191243362263
-10.064958718719762
-10.027141280364415
-0.021750306575876358
-10.154898863899172
-7.60870339658683e-05
-0.04495328736800452
-4.82532523925613e-05
-0.0868281425374702
-4.980688548892267e-05
-8.211272258996509e-05
-7.118303478746916e-05
-4.348811288235791e-05
-0.0217094212996576
-10.00000158623688
-10.00000581805345
-10.000010235421232
-0.0458933749315594
-10.000019466606831
-0.02088742416726551
-10.000013594487992
-0.0338455025150875
-10.00001873102307
-8.37951715970079e-05
-8.032131674782313e-05
-5.341422262542005e-05
-0.014847038948761685
-10.0
-0.10104277067270609
-10.027684217187867
-7.867461301999602e-05
-0.011365748909735417
-0.014643765198898437
-10.000000323187543
-6.87737589920734e-05
-7.735354759767111e-05
-5.03288296229633e-05
-10.0
-10.0
-7.297451093650146e-05
-10.000000529869379
-10.0
-0.05913768495064234
-8.374764297825818e-05
-0.02867741282629816
-7.289839111576413e-05
-0.055905838195881935
-10.000011964667243
-8.608794724578258e-05
-0.07119741425668254
-6.569517593591394e-05
-10.0
-10.000008756448217
-10.027399880944849
-10.045566585881415
-0.04540827058674704
-5.9399455932232376e-05
-10.000000261169085
-10.000013241380453
-10.0
-7.033666379446446e-05
-6.704819265378935e-05
-4.211760084247215e-05
-10.00000180810616
-8.251579265159293e-05
-8.605279423752165e-05
-10.000011683709928
-7.506513633270378e-05
-0.01750775786829663
-0.02003778763166637
-4.872747208029342e-05
-0.01775154258780111
-0.015314928837050686
-10.052611775478148
-0.0251408561791256
-0.042775073791214466
-0.030571581437487214
-10.000000330126268
-6.741844598525789e-05
-6.419283004605386e-05
-6.811734924360112e-05
-0.07129258088897551
-5.8775410722536865e-05
-0.0208820123107694
-3.645141311394391e-05
-5.458833275424078e-05
-10.01522508433939
-0.015313737090639185
-5.657965456684463e-05
-10.000007693807794
-7.131257467733008e-05
-0.031180381216953865
-10.000023175571478
-10.0
-10.0
-10.0
-10.0
-10.0
-10.0
-10.0
-10.0
-10.000002993145442
-10.0
-10.0
-10.000000329155956
-10.055572515497774
-10.000006281638843
-10.0
-10.0
-10.0
-0.046554046958366624
-0.048659972551064745
-0.10013016887988312
-0.021305711936614888
-0.10755608102660946
-10.0
-10.000018302426811
-10.0
-6.37123512077044e-05
-10.00000018641811
-0.04329158556867359
-10.0
-10.0
-10.014722258122974
-10.000002015858158
-10.0
-5.004993266986853e-05
-5.4133492229567915e-05
-10.000002390254696
-5.6690515710921505e-05
-10.0
-10.0
-10.0
-10.023853630160586
-0.013281608351413744
-0.02586055321848225
-0.027051872596322298
-0.015348518279771446
-0.026462496882579206
-10.0
-10.09415247633327
-6.878232545803492e-05
-10.0
-10.0
-5.458053621587186e-05
-10.059910083683285
-5.320821653833146e-05
-0.03586023887421965
-0.034572507089688904
-5.4827898742997744e-05
-10.0
-10.000005265324742
-7.116609462291243e-05
-5.5918601270484345e-05
-0.009412392253531179
-10.000001159398298
-10.0
-0.010567036659317578
-4.76077907508273e-05
-4.606408390910866e-05
-0.011533867959737296
-6.40686359343952e-05
-10.0
-5.593953149723306e-05
-0.02840899116428991
-0.09070045956584488
-5.151175480318773e-05
-0.011012115601026395
-0.05599633658664726
-5.9589862050736446e-05
-10.0
-10.000005656380374
-10.000011566307993
-10.0
-10.010122870830427
-7.768999455138578e-05
-10.0
-0.021336909216226635
-10.000006274977293
-0.03709899471033204
-0.035613524496552224
-0.029268478923948113
-0.04425599143758288
-0.023896753781466554
-10.000005743636358
-10.0
-0.029711803802358987
-10.000000890989849
-0.045891556346098906
-0.09040482077339648
-10.01446023473404
-0.012354670267234748
-0.04901987321551547
-10.0
-10.00000251975187
-10.0
-0.009257928040384264
-3.673725010203847e-05
-10.000001046588512
-0.018029979560454882
-10.000004878374005
-8.876695897454021e-05
-10.000018744875371
-0.02293632458099554
-0.012707273883672729
-10.000012619355465
-10.000010582349809
-10.0
-10.000032112674253
-10.0
-10.0
-0.05689676184486784
-10.0
-0.04994933733019241
-0.12429181621477282
-5.2121144032145956e-05
-0.03208472978377196
-5.3380814398794246e-05
-6.36682559612452e-05
-10.000010373328672
-6.737212731308347e-05
-10.0
-5.350170933785363e-05
-6.869940558644022e-05
-10.000000203160466
-5.960464350398074e-05
-5.224714053643481e-05
-8.489149669951095e-05
-4.3542110734306515e-05
-10.000022577045131
-0.04905157270250491
-10.0
-10.000012043536273
-10.0
-10.0
-10.0
-10.0
-0.04461467905984275
-5.6335129494528865e-05
-5.2229114349170436e-05
-0.024819960062268415
-10.0
-10.0
-10.0
-0.07863661154351295
-10.062996725249173
-10.0
-5.476755702959571e-05
-10.000003754988253
-6.182718142031424e-05
-0.050687724290347014
-10.0
-5.640294338622014e-05
-4.4686837449061505e-05
-7.072057395763133e-05
-5.6424200214784985e-05
-0.040447498931909166
-10.019456622277975
-10.0
-10.0
-10.017266523494747
-5.76991094417153e-05
-10.0
-6.859658736549067e-05
-10.0
-10.108264402730754
-6.63216868840167e-05
-3.5147780184232066e-05
-5.774526610812803e-05
-0.024002845623059783
-4.259204399946612e-05
-6.077716294216016e-05
-0.025577765752547905
-10.0
-10.000001382089785
-10.000002183020547
-10.052998770229083
-10.0
-6.641680606820136e-05
-10.0
-10.0
-6.726787290024956e-05
-0.0747838257697759
-10.0
-4.883010665353913e-05
-3.6419094729939765e-05
-0.027124422743434577
-10.020910794148758
-10.0
-10.015333822362068
-10.0
-7.781753544681445e-05
-10.047576471618436
-0.028034640331797256
-0.052996308956240544
-0.02454241879675366
-0.04872929257749426
-0.01479142001498659
-0.04048398735649236
-6.843430497734343e-05
-8.774609087509418e-05
-0.022344585553513437
-0.09489863918320039
-0.01952268847094844
-3.677103154280831e-05
-0.024836339076993428
-0.11872279322417284
-5.972936716503719e-05
-0.07226376804811672
-9.063174250183449e-05
-5.172418041673648e-05
-0.053692466964249785
-0.08379499295405445
-4.667630158400053e-05
-5.805671263823048e-05
-0.0406912684016897
-0.06037992952604139
-0.041197987333487104
-0.03714234700418694
-3.5777651909772956e-05
-3.970038692625923e-05
-0.06795319211590485
-0.1912815653808518
-7.60460535100586e-05
-0.02402736918294362
-7.037193816671996e-05
-0.024573127719442586
-5.4907924053589e-05
-0.07129476965785152
-6.396046300728792e-05
-8.249655963963501e-05
-0.02075332946649721
-0.07258244657400302
-0.04638580399290121
-7.525717342239641e-05
-6.213964292531967e-05
-0.026400472767065593
-0.009260780287765067
-0.010785940830197472
-6.978942601442607e-05
-4.1017218927813605e-05
-4.567660240138432e-05
-4.264023316048488e-05
-7.016776432234903e-05
-5.118046985784166e-05
-0.05063017502523043
-5.312540466953121e-05
-0.0971510617891149
-0.0169490653214015
-5.068337609529815e-05
-5.091713754093098e-05
-5.797416116525171e-05
-4.014016237926695e-05
-0.03287392524039045
-6.433808155696853e-05
-6.266377492900594e-05
-7.21821493681434e-05
-0.08567742224529135
-3.853736294814089e-05
-5.371211503188227e-05
-4.468183170231844e-05
-0.014403321773089369
-0.020199940843457952
-0.022865305984144015
-6.439134568878658e-05
-0.0888495615081768
-0.04316801009094197
-4.083480093190537e-05
-0.020907655979535013
-6.788579473822665e-05
-0.014402976074631217
-5.2601070091814595e-05
-4.802918543320885e-05
-0.013897626661326108
-3.781004757703338e-05
-5.786663548327832e-05
-7.177253108390169e-05
-0.017395907014336593
-0.011016491565056288
-3.9459920875801906e-05
-4.856138401613283e-05
-4.452492196397726e-05
-6.104239994679625e-05
-3.6159941769428234e-05
-3.5972461257540207e-05
-6.729356727919041e-05
-0.07986607136153984
-5.593791427940252e-05
-5.807212234777503e-05
-0.03781156287921877
-5.208258749527048e-05
-0.023782805606657246
-5.193047690919873e-05
-0.08571624324886977
-3.059395652751237e-05
-4.601824005819074e-05
-4.8044718535713706e-05
-4.344609719212635e-05
-0.07248582758560078
-0.05985009748341214
-0.013702939731338782
-0.010092596023721433
-5.0005133849905985e-05
-0.013909572630173192
-4.4997288395232936e-05
-5.2651811385186105e-05
-0.08531633590877398
-3.9549919541685875e-05
-5.1031084981219734e-05
-4.101213112841974e-05
-0.01586549448251362
-0.02011068834911821
-4.6189920557132083e-05
-5.334914942639238e-05
-4.465351942138815e-05
-2.2545711610844393e-05
-0.015057516456787443
-3.689309676041717e-05
-0.07289505824816278
-6.703671361731487e-05
-4.612968949898594e-05
-0.008439054131835166
-3.600725507151867e-05
-5.263141793111748e-05
-3.6860736697770654e-05
-5.4349396644684556e-05
-0.010641785667654056
-0.061926575367995965
-0.036122776134472505
-4.254260293198983e-05
-3.4461952884298804e-05
-0.03533574641788256
-5.617501996313592e-05
-4.008994428933701e-05
-6.738830993710892e-05
-0.040306682790846766
-4.0543507372920676e-05
-0.01668041550906601
-0.009798187920998513
-0.08826489260848996
-4.900856901727372e-05
-5.054822467390084e-05
-6.0601693003935376e-05
-6.802527165146936e-05
-4.206652723127002e-05
-0.026391181873496008
-4.6795251414516906e-05
-8.440463138280345e-05
-5.4626068934950543e-05
-5.2934458771172586e-05
-5.8426180572845765e-05
-0.011700365774301714
-5.837780977645064e-05
-0.09116723406378435
-0.017853342153948185
-6.418036695892559e-05
-6.25188994904352e-05
-5.584935133724264e-05
-3.4719793608438464e-05
-5.629729963119677e-05
-0.04559063555268423
-4.951256256042001e-05
-5.3021382990537084e-05
-0.04428563791596178
-4.544186150607525e-05
-0.055164484723390646
-0.058240394756787495
-4.1357509068179365e-05
-0.03182346975366863
-6.646891769161019e-05
-4.8333439902940165e-05
-5.781546396011257e-05
-3.067414138127586e-05
-0.018117490095772317
-4.937473002291867e-05
-4.302313148674654e-05
-4.496848500057992e-05
-4.5606124414253344e-05
-6.352543040609823e-05
-0.008890620961125773
-0.024622377883551608
-0.024084295723709605
-6.571121023053386e-05
-0.0269084167260426
-4.516611175277158e-05
-2.9453132911260323e-05
-5.570996706511085e-05
-5.105174321396381e-05
-4.4777921098759496e-05
-0.01301337412897127
-3.774279304187965e-05
-0.01694193976053902
-0.03182992373327077
-0.021628908341464265
-0.06191461525044747
-3.637810863487904e-05
-4.952046712104425e-05
-5.951438616130405e-05
-2.177867021151355e-05
-0.045152433100786926
-6.447172528293232e-05
-0.014089485827892578
-0.020761696191016667
-6.205906663256101e-05
-0.050529905728810484
-6.76281178734093e-05
-0.020431343546966876
-5.1572806795660736e-05
-0.008954737324980096
-0.0228357052441109
-0.02535585487656368
-5.4712043152856845e-05
-0.02052766510852919
-3.517040844099003e-05
-6.763189445855883e-05
-4.747486229866117e-05
-0.012030804056320074
-4.0808220324206524e-05
-2.225710657823389e-05
-3.274319890894049e-05
-0.046072242958734265
-0.028885437897685093
-5.374785739082489e-05
-5.142492083412608e-05
-6.313336258517275e-05
-2.4238952265258815e-05
-0.07717801191935396
-6.161200947041576e-05
-4.977136523676605e-05
-6.999373298882653e-05
-0.01905417434365103
-0.012621593280497348
-5.7452047175003926e-05
-3.593845412877017e-05
-0.09162509206293185
-3.065981786725545e-05
-4.94649682244895e-05
-0.012860315718770186
-6.587842148548977e-05
-3.3883654239845344e-05
-0.008948459693150767
-0.0142796962827661
-4.4200664682959406e-05
-3.0365796490916995e-05
-3.216199237302678e-05
-3.0351099274551502e-05
-3.1624213418118675e-05
-4.225795175484906e-05
-4.337820228091287e-05
-5.9751680927091396e-05
-0.05905211159538665
-0.012721041733508263
-3.8587812824682746e-05
-5.192909442007978e-05
-4.153450315939678e-05
-3.781494875866145e-05
-5.665172728118159e-05
-3.6589022775120546e-05
-5.878467084639206e-05
-5.3185428876667503e-05
-1.9587806630407292e-05
-0.05343563247930449
-0.014081308739857443
-5.0814321659102455e-05
-2.8936940546023798e-05
-4.5972552804014024e-05
-0.019028248867601325
-5.3456945617728365e-05
-5.327340654338933e-05
-4.1374552456487716e-05
-0.023062408455353737
-4.340506031458086e-05
-6.0321429245264964e-05
-4.9204293022336516e-05
-4.5314950546433564e-05
-0.03200543340142088
-1.8834075757239704e-05
-0.023314755070767045
-4.154934092788658e-05
-4.3769424844415026e-05
-6.04855796781748e-05
-2.3718705229988623e-05
-0.024059514106833206
-0.01803304209780322
-3.207962573663639e-05
-4.133648207629045e-05
-5.009749657519469e-05
-0.02942790546720484
-5.238570147710067e-05
-0.016950353460956007
-5.08663877168919e-05
-0.011697784420672541
-5.69775425951697e-05
-0.03312220225054469
-2.0742082319344686e-05
-6.007674191823396e-05
-0.022335982906559828
-4.285261225516213e-05
-5.9830251318668006e-05
-5.3930133048004716e-05
-0.08652872828085272
-4.852455753480477e-05
-0.12271604022645405
-0.07520929542393898
-0.015746351515224057
-0.052601248461416644
-4.459321780205411e-05
-5.955619290819817e-05
-0.028727610979605772
-3.691023785542626e-05
-4.5461345775231354e-05
-5.630067759524811e-05
-4.1189691311995437e-05
-6.277243048270076e-05
-6.418433050822805e-05
-4.251075918404404e-05
-6.922955429036427e-05
-0.057130865968585874
-5.553360804346704e-05
-3.73048613372814e-05
-5.447360552960796e-05
-6.111535169255396e-05
-4.938596374395305e-05
-0.01718968124110172
-0.011944508230409826
-5.5471720730973205e-05
-0.03932541735465622
-0.02015852810970869
-5.596890106300376e-05
-2.66415824114921e-05
-6.201243663587636e-05
-5.837085528567556e-05
-4.1192323074185116e-05
-4.109778060121028e-05
-0.06716722153675728
-5.234406816673508e-05
-4.096455515443844e-05
-3.9446072071193924e-05
-3.606523467971144e-05
-7.067162113786425e-05
-5.4273097985040316e-05
-6.604155439765121e-05
-0.010745465364473872
-5.4058832999311405e-05
-5.5823954389829e-05
-5.7609794464257764e-05
-4.7382224289320895e-05
-5.52466592636411e-05
-4.893668141059392e-05
-5.0680828257516726e-05
-0.013728849885992357
-4.981415376865017e-05
-0.012034374135501525
-4.3250124725943706e-05
-5.107290294520431e-05
-0.051765504217676686
-0.01954528139780615
-6.442239018067171e-05
-4.7013595462605214e-05
-5.896833345611212e-05
-4.6059337924775755e-05
-4.68126796970753e-05
-7.03460580518794e-05
-0.011948222316597578
-5.2298786365780434e-05
-6.538685975891224e-05
-4.296568274939254e-05
-6.825474358874059e-05
-3.731922106026318e-05
-3.9939281911344026e-05
-5.640172904678986e-05
-6.124702638121487e-05
-0.02064761858273946
-3.47948810605472e-05
-5.123975266976519e-05
-5.794691889831407e-05
-5.5409715591567065e-05
-2.2315515894505262e-05
-5.128026351761762e-05
-4.9630698170008146e-05
-4.3523039005693406e-05
-0.020545270332570427
-4.459942124401494e-05
-0.02894561589893143
-3.6100180077967745e-05
-0.018109888200331138
-0.013249458793695268
-5.354748567991768e-05
-4.7877611246934906e-05
-0.012498406265929967
-5.649208225363815e-05
-0.026407089962707072
-4.14358497149949e-05
-4.251747696523231e-05
-0.08258219258873097
-4.718410723874488e-05
-3.0646247154878246e-05
-4.3459269382939585e-05
-0.05639497946239991
-5.341859194801232e-05
-2.1836276389232497e-05
-5.127468067803448e-05
-0.03293733993729485
-4.83731329691422e-05
-0.019799397701721736
-4.946364895984789e-05
-3.842710991525778e-05
-0.017666250655406647
-5.226434311463129e-05
-3.717549068313296e-05
-0.05214716334104984
-0.0249853737304095
-0.013639898224301755
-0.017997167393205886
-5.283100832635852e-05
-4.586853609803206e-05
-4.269187196849223e-05
-0.04332702293926219
-0.026929048725269668
-0.05123781941756188
-5.262992311472988e-05
-4.467233981770468e-05
-0.02123555763881468
-5.8317531088632406e-05
-4.077222760177486e-05
-5.1750342684867324e-05
-5.43194278883667e-05
-3.365473646172709e-05
-3.941504310193715e-05
-3.571367294216888e-05
-0.0991013684793288
-3.678090705534652e-05
-0.028040831568047844
-4.236284826237477e-05
-6.240000316372843e-05
-3.640038536385275e-05
-5.516347714251603e-05
-4.443297744025411e-05
-5.657381396879483e-05
-0.029406579759576584
-0.01758754695690841
-6.35211185500633e-05
-5.9250245658838415e-05
-4.547534937571793e-05
-0.016201893979226178
-5.006629696711067e-05
-4.086782231941766e-05
-4.647790011494555e-05
-5.348600908106333e-05
-5.754585376217202e-05
-4.337682580427875e-05
-6.524107141658432e-05
-5.19529257798923e-05
-5.530635089816559e-05
-4.59273776640598e-05
-0.03388253488397558
-3.922887872192072e-05
-0.022193058460437592
-5.456554720709148e-05
-2.850536471512137e-05
-0.028016111314257186
-1.8199386665645323e-05
-5.009495504299865e-05
-0.067600615924539
-0.024984454744516545
-0.09117936794959361
-5.247768926435561e-05
-4.594455620027746e-05
-4.337216484607372e-05
-0.018576284046562464
-6.32539038444621e-05
-0.04340369217684028
-2.4700520752657525e-05
-0.058255746558039556
-0.022562300606055373
-3.785092402333563e-05
-3.424965767326291e-05
-4.517241893700928e-05
-4.6861400860237674e-05
-4.5860313346819206e-05
-0.012946701482099745
-6.458398104605544e-05
-0.018259718861552424
-0.017199630855148584
-0.057127643294090355
-2.285834034227097e-05
-5.878532563536213e-05
-5.36566068727798e-05
-6.742904151523439e-05
-5.4245109071673934e-05
-0.06823174581966922
-5.7294235075122166e-05
-3.9350959408283377e-05
-0.08483507969765727
-4.242374783468815e-05
-0.01696233364073442
-5.278723485910228e-05
-0.024644309400580624
-5.520128874496151e-05
-4.5874476826271015e-05
-4.187306421958813e-05
-0.0188855203001129
-6.514747947686378e-05
-0.07034494529975574
-4.3871606351163595e-05
-0.02259881212181142
-0.029390199916822686
-6.145444879908764e-05
-5.783044287921964e-05
-0.012122066967344821
-0.022715871726506492
-4.227798665235709e-05
-4.373412143525294e-05
-4.618296307492443e-05
-0.012633127143807592
-4.092894990359945e-05
-4.434905956842357e-05
-4.555646292342077e-05
-0.02628782989972991
-0.023698936800841387
-5.5300035442767776e-05
-0.02462538666696137
-4.276005196100599e-05
-0.05741725996213894
-6.44972891760458e-05
-3.841572073394184e-05
-5.091934348022197e-05
-5.926395959242383e-05
-0.07498230110786991
-0.03257986989207741
-7.120246466454488e-05
-5.565263872544321e-05
-0.00980345313877389
-0.008598524064404462
-3.552494183939064e-05
-5.1606143584041724e-05
-0.012010674225301677
-1.536994506595656e-05
-5.712994937899754e-05
-5.024771890960674e-05
-0.0528425075830159
-3.9443631686441106e-05
-5.0450810239836466e-05
-0.023550773402085303
-5.306164763237339e-05
-0.014166896121919561
-0.0720475559415231
-0.04872367846828806
-5.363191313613178e-05
-5.466734594572268e-05
-0.07622772677709638
-3.8600261864321856e-05
-0.06130888779113408
-3.846863248589586e-05
-5.64996896234071e-05
-3.376669122824798e-05
-5.7817632960695906e-05
-3.962835053873762e-05
-0.03772975217347958
-0.02278502450705846
-0.08402297421323729
-0.053046634113243785
-6.503880570410927e-05
-7.744688177998733e-05
-4.042207104576782e-05
-5.2662572691767345e-05
-7.092800759254742e-05
-4.14087866812994e-05
-0.05054312666673494
-2.4080630587528422e-05
-5.824771587589229e-05
-4.2987908876333325e-05
-0.028286037411379333
-0.02032529973882329
-3.775432236288196e-05
-4.474140446998024e-05
-4.809557813818717e-05
-4.8992294093644505e-05
-0.015285439806057996
-5.004509082507695e-05
-0.013682248189619295
-0.030201726739048865
-0.01388709921458905
-0.016685334890439576
-5.093359399948885e-05
-0.013697070988667497
-6.603595315788902e-05
-5.0270124393851805e-05
-6.605031543965524e-05
-4.7547656542278e-05
-4.017357648088607e-05
-6.805063941873839e-05
-3.807782272090073e-05
-0.0480979997475212
-0.03181702979162507
-0.08384611056025752
-4.399010741209364e-05
-0.013786062591541451
-0.03760322441140487
-4.070313737026837e-05
-0.0709850566883323
-5.7741962234618606e-05
-4.8681479750166795e-05
-4.259670414042109e-05
-3.757505702575786e-05
-5.355720340833033e-05
-4.945492265781086e-05
-6.003657839799855e-05
-5.061999916986288e-05
-0.04677698493266072
-4.556613636814629e-05
-3.074269688884684e-05
-5.728598097503091e-05
-3.8437787309057546e-05
-0.08158100923591556
-6.463529456021379e-05
-5.713393881841741e-05
-5.930577688032084e-05
-3.6264463108193006e-05
-5.9423334427864115e-05
-4.5381380667558406e-05
-2.1575436630505392e-05
-3.552082430458599e-05
-6.624043620274121e-05
-6.290401744345913e-05
-0.014436074959644937
-0.06022935428545178
-4.5930465404977295e-05
-3.5609938249178326e-05
-6.101165887092721e-05
-5.0300237556711135e-05
-5.7068910870281466e-05
-0.017581811970174884
-3.560252224225657e-05
-0.024617189283817616
-0.008951348977562971
-5.447660233952972e-05
-0.051097273863448034
-3.977929070731149e-05
-4.6006147542847114e-05
-5.555618044746916e-05
-0.017874740316371155
-4.886805699394706e-05
-0.0713370429826364
-0.06341024513947316
-4.238601045287906e-05
-0.03181649476567148
-0.008965996609211282
-5.7075679837223224e-05
-2.3264287727001207e-05
-2.5078307875936015e-05
-7.178372337998407e-05
-5.977410123306303e-05
-0.020730922699532254
-5.297635298249035e-05
-0.08836287143125371
-5.168127087989637e-05
-0.01662025958977859
-3.678567121868256e-05
-0.01581525246589697
-2.786123270483617e-05
-0.04558071241160708
-1.886445700139312e-05
-5.7396455530025434e-05
-3.7645250777900354e-05
-6.312382597336167e-05
-5.4891075440288694e-05
-4.813564675805305e-05
-0.03493031666015769
-4.321125187902803e-05
-0.024367156615143503
-1.8554697878602074e-05
-3.480166112401291e-05
-3.895870618330027e-05
-0.06444306093981299
-6.723825815355003e-05
-4.1008886616537415e-05
-4.380287762710291e-05
-4.979576425402346e-05
-6.468166388390647e-05
-0.026978053098363042
-4.239073439643729e-05
-0.04793088975734274
-0.01426928809984223
-5.775640724057823e-05
-5.178175931108971e-05
-0.07856025488119675
-0.057737961526233415
-0.08246913204503335
-0.027471416888404987
-5.22039442493237e-05
-2.2174113665430426e-05
-4.3645825084166245e-05
-3.847495055588034e-05
-6.067643927285339e-05
-0.03533180361266796
-6.127418008974399e-05
-0.01664189503935127
-6.314864510419653e-05
-0.018022582674792308
-5.956924573469438e-05
-5.169946785496895e-05
-0.05145656082664956
-3.29613275245556e-05
-4.3890289890579804e-05
-2.1388925788285042e-05
-0.07727612528257004
-4.688271470429027e-05
-5.1926293308797596e-05
-4.748022611279018e-05
-0.018116070529181835
-0.024621716303354156
-3.338011886525198e-05
-4.960586963736678e-05
-4.6427920874223604e-05
-5.9541419392970186e-05
-3.7171248746990616e-05
-0.026329190364467833
-5.045140580706525e-05
-4.571421920973251e-05
-5.9209373318877434e-05
-0.1431746357188564
-4.908111561428075e-05
-0.04666301714055892
-0.009601808602346284
-4.910498699032531e-05
-5.3194276543925325e-05
-0.022874687063046194
-3.4670809707006026e-05
-3.077340852252093e-05
-1.90875952611589e-05
-0.07871037701620319
-4.7116285793772824e-05
-4.6073351918616316e-05
-3.573057085348343e-05
-5.849314227434263e-05
-3.395093405957587e-05
-3.427787524937178e-05
-0.02257389836527651
-0.0417800508565416
-0.014208798375839625
-5.0686040530670246e-05
-3.9275870791475595e-05
-5.8451290975469664e-05
-3.901528862294124e-05
-5.677230105817083e-05
-3.353856297870745e-05
-4.069993682525588e-05
-4.967977341926309e-05
-5.350078842439331e-05
-4.57513765899293e-05
-3.664250834711601e-05
-4.227947848068617e-05
-0.01902666636757658
-6.864911386052732e-05
-4.350264723489206e-05
-0.02211472477941591
-6.613017835221179e-05
-5.220174924034263e-05
-0.10551462882805626
-3.846257074613106e-05
-4.168784131071338e-05
-4.79735382991992e-05
-1.974500274722494e-05
-2.997901732816158e-05
-5.061914627740599e-05
-3.0470342839645146e-05
-4.0358048497770194e-05
-5.433785041980628e-05
-7.777104482616928e-05
-5.630043389716059e-05
-4.8318480883426416e-05
-0.045655986000163004
-7.062901305243698e-05
-5.25712261438098e-05
-5.7105074581967585e-05
-5.1314498680693626e-05
-0.10267494726643361
-4.5229750443971915e-05
-5.452963124778803e-05
-0.015301410143529197
-0.01059567171653675
-4.098747678185608e-05
-2.2336626348690034e-05
-5.877261445060751e-05
-5.6392928901939774e-05
-4.3278178579268026e-05
-4.382837992369435e-05
-5.3755185836625266e-05
-5.255740197886463e-05
-3.113992730028165e-05
-0.022465573796507276
-0.026510274094087582
-0.023851336728852462
-4.040437760590126e-05
-3.031917028005837e-05
-0.022599073978666548
-4.574849252826685e-05
-0.033128711945499864
-0.01369351672381641
-4.588738382828107e-05
-4.775129557401499e-05
-1.5257355189655172e-05
-0.09073639502996454
-0.07681290282945093
-5.297500770339292e-05
-0.031512912359189224
-5.3386512292226754e-05
-0.018010441348849625
-0.027746703968352875
-6.0635339988947916e-05
-7.908642429838807e-05
-5.221257168181294e-05
-0.029198430480804016
-6.313886872841889e-05
-2.1755137187934712e-05
-0.0719828924491733
-0.008088497437664077
-4.750864308700692e-05
-3.3076220951192685e-05
-0.05953837792992703
-3.917088382726723e-05
-6.771153204648817e-05
-5.0084334364068175e-05
-5.2921189534758565e-05
-4.8744477916449165e-05
-3.841123586096282e-05
-0.14490973332611665
-4.7037656560308146e-05
-5.709048561100105e-05
-4.628512969004e-05
-2.742084848757869e-05
-0.047959362097600905
-4.3277328088037037e-05
-0.01620256847062282
-4.9774431665456474e-05
-5.758556318315706e-05
-3.897108850390747e-05
-0.023932441121332387
-5.7707436791335856e-05
-6.0863251176964444e-05
-5.5919255891820054e-05
-0.03952207223017282
-6.18459447759384e-05
-4.5203039955224006e-05
-3.4609102016218464e-05
-0.08584648372219954
-4.569862180678344e-05
-0.013347677893981606
-4.688995083283278e-05
-3.836502193971682e-05
-4.843453469239952e-05
-6.515298284987128e-05
-5.672062750842283e-05
-5.870351113299463e-05
-0.04359128370326769
-4.7005665262503886e-05
-0.040597384837288246
-7.706069722541145e-05
-3.472990828349965e-05
-4.4111397690724256e-05
-4.062935977928073e-05
-0.04031547422807792
-5.729676142843968e-05
-5.8859738169998705e-05
-0.027135983083065522
-6.001127948864491e-05
-0.06896462621213256
-0.04569958347248991
-0.030138940584768365
-0.022599957032222992
-4.205118024044211e-05
-0.06839889211806416
-4.373998232965986e-05
-5.277849282275577e-05
-5.1227262841591736e-05
-4.2286948630094705e-05
-8.398751277391672e-05
-0.041645333739557505
-0.04101295695348552
-1.667856802434416e-05
-4.779107855114594e-05
-5.119869952478664e-05
-4.9449921068771025e-05
-4.4398146441173414e-05
-0.02206900038965675
-4.6610426140671676e-05
-4.7053434366906564e-05
-0.037591247441182
-5.425009592801382e-05
-3.6619383597286784e-05
-5.998752085962043e-05
-6.532514447431057e-05
-0.10761953808179638
-0.04246927734621442
-5.1997686308949765e-05
-4.060496708862597e-05
-2.6476957978871033e-05
-3.355508529720493e-05
-5.397355024862379e-05
-4.39110200632001e-05
-0.016505733226989068
-6.0920044754360184e-05
-3.881135073544109e-05
-0.11117202585125827
-7.302472884136627e-05
-5.7827144753910925e-05
-2.780455435689959e-05
-3.581702350731609e-05
-5.230719006488689e-05
-4.9156491304879336e-05
-4.684788168768607e-05
-0.02003515141975389
-2.1937923870954156e-05
-2.7206798988305344e-05
-1.6186573599408352e-05
-0.058902084479218686
-4.8639212421697114e-05
-5.0565151939295504e-05
-7.011942762917931e-05
-6.204357551418466e-05
-2.331279592895734e-05
-4.146515590643276e-05
-5.670292520265909e-05
-6.237579284080921e-05
-6.322141872486394e-05
-0.04320282857233572
-0.007435535155537486
-5.399447991298015e-05
-0.019479971785779877
-0.025995063390970376
-0.03556761073499996
-0.016143058941046076
-3.4375771591813705e-05
-4.1874884945026e-05
-0.043675143178085435
-0.01651627193502258
-5.6639940642145065e-05
-4.228291736855782e-05
-4.398484780701724e-05
-4.78242633287039e-05
-0.05617724810955489
-5.1337411940363236e-05
-3.788105452016934e-05
-0.010092007828275166
-0.009106971152854861
-6.097528891525811e-05
-3.987895197407192e-05
-0.022115536404655203
-4.8768506568761024e-05
-0.006857179443707748
-2.1183729734321828e-05
-7.42666370915122e-05
-3.660106557728666e-05
-5.6162262040051775e-05
-7.319678614615308e-05
-0.010312158596134347
-6.306698106594818e-05
-5.253565980272233e-05
-2.4143439491402217e-05
-4.868665769123397e-05
-0.033678682566258035
-2.6566622308291103e-05
-3.409489251104946e-05
-6.526933747460732e-05
-6.598327592322658e-05
-5.07650751494637e-05
-3.814181880589531e-05
-4.672776096474933e-05
-0.0182440632858523
-2.1941814060666735e-05
-6.367967780168001e-05
-4.5216030126996196e-05
-3.729670809249462e-05
-5.123986412344679e-05
-4.202245955316992e-05
-5.4608573601315185e-05
-4.603817640076806e-05
-5.905392284381955e-05
-0.0084540185055207
-2.7482765093200212e-05
-0.048294738587629484
-4.800520461719311e-05
-6.873252351832037e-05
-5.335592079578685e-05
-4.6455607577445605e-05
-4.761869877355365e-05
-7.649324077337573e-05
-5.30426435228259e-05
-4.532033746838838e-05
-4.934371988187916e-05
-3.298348023700194e-05
-5.649738511654677e-05
-0.01888971815461159
-0.025949167881592176
-0.05510388076665165
-0.011973861475380713
-0.018421045432827694
-4.760316188482374e-05
-0.03957995358136147
-4.81703332773688e-05
-4.012077805335131e-05
-0.053056145160818365
-0.03869800888834508
-5.135001846085429e-05
-0.02299808746857622
-4.686684318625932e-05
-5.3521571122699634e-05
-6.199453861231118e-05
-2.207747383623345e-05
-0.019304396389051397
-4.234351928020748e-05
-7.000068838389841e-05
-7.065035295086897e-05
-0.0475891817281294
-4.4213576255959026e-05
-0.013140946228446729
-0.026584700508548016
-6.114805344727614e-05
-6.348577928029208e-05
-5.2284405044166484e-05
-3.8741923249254677e-05
-3.5316194029347716e-05
-4.387763114803566e-05
-3.22016735975242e-05
-4.1239550231694195e-05
-0.016141793361883358
-5.4558737983545816e-05
-5.5243023317504055e-05
-4.507556040060753e-05
-4.984509923906173e-05
-0.06035109223223139
-6.326561695319327e-05
-5.8556465199609946e-05
-4.459768590351002e-05
-5.453904043618305e-05
-0.04608012247792846
-0.010389019173111302
-0.027346967932895476
-4.666980184207103e-05
-3.64985662261263e-05
-3.664195497579223e-05
-2.588944647106264e-05
-0.013840801325390374
-5.771560663978937e-05
-0.026997666567786398
-2.1441096618523963e-05
-1.9054008350011987e-05
-0.012572658091736319
-5.8332451331316636e-05
-4.928463776791568e-05
-5.2678087804314735e-05
-6.1186340390247e-05
-3.664165277772328e-05
-0.034331381976498425
-0.019877438361364828
-4.982479229562117e-05
-4.360809651224632e-05
-4.909252358680554e-05
-3.19222661317231e-05
-0.017083748146295125
-4.820994529804343e-05
-5.9106199990011984e-05
-2.077086880200578e-05
-0.05787029940465553
-4.536279575886034e-05
-0.021813120506967803
-0.01813944492896358
-5.681492283500498e-05
-1.6095091308802815e-05
-6.0154595583405335e-05
-4.274148746359567e-05
-4.558177101610262e-05
-0.06233073400414744
-0.12950620684174752
-5.675504981511846e-05
-6.13517002266137e-05
-0.021815710146077943
-0.025440079999016877
-0.032462724752343
-5.615139629413812e-05
-4.026564847442179e-05
-0.05396578756102979
-2.7851015176087354e-05
-3.43580925133266e-05
-0.02989775880198286
-4.33743418602655e-05
-0.016188486197267496
-5.204621902295631e-05
-4.381837565305772e-05
-0.034968421616589224
-0.0808896966092402
-6.741390935557299e-05
-5.205691907887508e-05
-0.06671357698753425
-4.590996976425908e-05
-5.4203284377856816e-05
-5.296092105318936e-05
-0.0269905364287735
-4.681968588053817e-05
-0.12602550714278044
-3.5538147737701376e-05
-6.229245916781149e-05
-4.150327708421401e-05
-5.4873183119421e-05
-0.017877085339493715
-0.048784842996662595
-1.5081619498563322e-05
-6.268153873151238e-05
-6.075035780045526e-05
-0.0235569466407085
-0.060731772976289594
-0.055060368223825214
-7.377964587478704e-05
-5.077651283574027e-05
-4.6235874071684505e-05
-5.955796889160181e-05
-6.942490131649097e-05
-0.013142282103080076
-0.06217668430978625
-3.0931855763878914e-05
-3.736329574967118e-05
-4.6074043894950655e-05
-0.04645755951480895
-1.7037638937259047e-05
-5.7881414777857186e-05
-0.025174295335545858
-2.5203168393500813e-05
-6.225069334074295e-05
-7.181291236815173e-05
-0.014553322853890808
-6.000341169883327e-05
-3.045060055611541e-05
-6.022847982993002e-05
-0.08224133624551841
-0.022653424915728505
-3.133597558954792e-05
-5.141157517574979e-05
-4.427498428217713e-05
-3.5942909814189864e-05
-0.027732163122698158
-2.9680776962725013e-05
-5.3591835583336866e-05
-0.03216518326636957
-0.03614902638785781
-5.197933596799186e-05
-5.019186941545727e-05
-0.08790105855378906
-0.062059378623512886
-0.04648805348895915
-5.276950882483159e-05
-4.8675733945536336e-05
-3.516590352027526e-05
-0.03024412741151383
-0.08446916473773868
-5.365581833359643e-05
-4.9526328213418425e-05
-3.555845996837468e-05
-3.714764150421736e-05
-0.112512653948542
-4.0186217627006745e-05
-0.018091786470755693
-4.730027059062119e-05
-3.265464670272265e-05
-3.151050764097428e-05
-4.664895774336762e-05
-4.5740550794918625e-05
-3.804611637966901e-05
-3.5432800753658716e-05
-4.6445665736168483e-05
-2.76110498796685e-05
-2.7990338696352802e-05
-5.3360777072613386e-05
-3.950634701715014e-05
-0.04021523205957589
-3.479507203672563e-05
-0.03188814159099125
-4.222191319427354e-05
-0.028654916014227406
-3.7553062903977035e-05
-0.012354962341374629
-0.031884219474131614
-0.01807730919080838
-0.01817366357285717
-4.982627343956229e-05
-0.01677964962543701
-4.7780564214970324e-05
-2.706741791254035e-05
-4.61536833386305e-05
-0.012199608731691809
-4.6767512370901906e-05
-0.016092763910883358
-2.6563162137577683e-05
-0.049252850725846876
-0.010706029886108599
-4.137936878956276e-05
-5.378126107022401e-05
-4.089843120187701e-05
-3.739277918661448e-05
-0.05868095949002
-4.805386241353339e-05
-0.046585611954856415
-3.814360727015853e-05
-0.01862041236546638
-4.9320775954163386e-05
-0.02577495768060569
-2.7070849485935567e-05
-0.0706740824870292
-0.01647470064503651
-4.901041059622662e-05
-0.0179218818900242
-2.025179125517158e-05
-2.926580351919175e-05
-0.013813995951761573
-0.04261431402810539
-3.380337804111316e-05
-3.596555793319776e-05
-5.883728233270324e-05
-3.8336810704554155e-05
-4.155218764657211e-05
-4.33933791729879e-05
-0.028108745285997327
-4.924319386868313e-05
-3.920633537150719e-05
-3.063389250032789e-05
-0.020466203973687
-0.044517882284224326
-0.04160738919683109
-4.3033282969744946e-05
-0.0515802026889024
-6.246913523773586e-05
-0.036602841494326764
-0.011617860530948494
-0.02198115096490778
-2.2836232945057364e-05
-3.513474461168879e-05
-4.00755726415541e-05
-3.0326129824315822e-05
-3.936617648177944e-05
-3.623826343807733e-05
-0.020807281122576345
-0.06281036061953514
-0.043500414438514975
-3.47539482902902e-05
-3.125300028446305e-05
-2.3009593358677726e-05
-6.1674702028219e-05
-2.6049468780806322e-05
-3.783093088078584e-05
-4.5284882848428446e-05
-0.147422931459059
-0.007697353678951908
-4.468717407348013e-05
-5.559047876271428e-05
-2.664513211144014e-05
-1.974273610724685e-05
-0.018604924467609113
-5.489351450347093e-05
-0.05361695235006331
-0.016994891032314264
-1.828644872718121e-05
-0.06460374523558837
-3.805143978419113e-05
-3.120184107932392e-05
-3.975549774077088e-05
-4.313355712016934e-05
-4.086061049679645e-05
-2.3299862215763716e-05
-0.03673792338572901
-0.012333780739685826
-0.01026349190202181
-5.587945564089238e-05
-0.01182092645850675
-0.017046822374916958
-0.07629366953969795
-2.8407477853637005e-05
-0.014037591236602108
-2.74549644182344e-05
-0.04881771979156413
-1.863318629579065e-05
-4.7519182200530654e-05
-0.017919405821657696
-3.718806511071543e-05
-0.061009627694002644
-2.1183568846746637e-05
-3.713119264679947e-05
-3.617475115621692e-05
-0.00873058234053366
-4.866793640681908e-05
-0.03409405963433115
-3.949196932957997e-05
-4.212409437176177e-05
-4.6585393521393615e-05
-3.142652690875742e-05
-5.0536355550357526e-05
-3.2435593663851406e-05
-3.374032690571265e-05
-4.779006380209004e-05
-5.8921729381990603e-05
-0.008067685112377805
-4.387963600422557e-05
-3.6855094059773234e-05
-0.03073551477106648
-3.816164134798053e-05
-5.261704234597715e-05
-1.885593806753698e-05
-4.086734554403823e-05
-3.205808742517085e-05
-0.05982064999059214
-2.734473441431118e-05
-4.74545514724026e-05
-0.051160727002355036
-4.985280692598447e-05
-4.287202368996653e-05
-3.7531207666942735e-05
-0.013636635547134707
-2.4780403972388422e-05
-0.05766979185625741
-4.091297626001538e-05
-3.535040435401248e-05
-0.023382955659505263
-4.8288034648673785e-05
-0.05704919569305489
-2.9060491263256633e-05
-0.061352693628409255
-4.427802663007243e-05
-0.041230107214907344
-0.010373104122916019
-4.1379168448815306e-05
-5.7728564345748756e-05
-3.5284028009116954e-05
-3.453156369710542e-05
-5.425680277565054e-05
-0.008040589222119216
-2.964048301213812e-05
-0.08202893766076377
-3.876469702879689e-05
-3.1849845409824346e-05
-3.576963786447125e-05
-3.623513979349517e-05
-5.488549678424361e-05
-0.009106276414070066
-0.014908071135938155
-1.8611525283134418e-05
-0.013654350833235848
-3.608308322032367e-05
-4.995767002762005e-05
-4.464429940803698e-05
-2.902463996810506e-05
-0.058906965863168084
-0.019552722687541595
-4.891219602682789e-05
-0.01601498979619998
-4.263617140733158e-05
-5.0321546361015425e-05
-0.01412715538587129
-5.079259698681217e-05
-0.020800379713459827
-4.977397077797892e-05
-5.3344577423180094e-05
-2.5917766853356643e-05
-2.2260422658482717e-05
-0.01846230366611648
-0.0385977938054525
-2.024883815381465e-05
-2.572374880044494e-05
-3.8869711756684213e-05
-0.007462566140293625
-3.581570815845456e-05
-0.03904900392645765
-4.1214241483484056e-05
-4.3893231103091574e-05
-0.010927295165862506
-0.03446295312771267
-4.6607055938156704e-05
-2.810051099943807e-05
-4.220152161892744e-05
-3.439299334816512e-05
-0.011052003872799978
-5.277576336650669e-05
-0.029919186098639017
-4.561013476589959e-05
-4.447136370005799e-05
-2.0224170641595487e-05
-2.0806627649542546e-05
-5.816081664661807e-05
-2.952794328408373e-05
-5.712799325625535e-05
-2.8260393631570956e-05
-1.872767310466332e-05
-0.010262108585098795
-3.34144268450424e-05
-0.01926032527463021
-4.973953464496314e-05
-3.674738694129301e-05
-0.010724047045846225
-4.4003165716744864e-05
-0.02832595662631587
-3.153454158375411e-05
-0.08938532252219372
-0.027603589893321095
-4.015175804623314e-05
-0.017945470762549973
-3.389141212424103e-05
-4.096101680522556e-05
-3.1478953340757146e-05
-0.02671534685876118
-3.960056769480941e-05
-4.3005713236365475e-05
-3.873099479966189e-05
-3.893098341495728e-05
-5.230353162910077e-05
-0.0815705227917527
-4.353959208666203e-05
-2.517316357293134e-05
-3.476351062536968e-05
-2.7290478921852898e-05
-0.07373339344363658
-3.534904231493931e-05
-5.287040623372637e-05
-3.2745977992712536e-05
-0.05135100438049564
-6.149070213121955e-05
-3.500448021637542e-05
-4.7291242476171566e-05
-4.515822966595672e-05
-2.5613073717124924e-05
-0.017541235716492076
-4.275363169631727e-05
-3.756899837044122e-05
-0.008119110652855487
-4.1209926851858966e-05
-4.181183343129546e-05
-3.88776730714032e-05
-0.05493684357860588
-0.013970360636890765
-3.558896332474074e-05
-0.03764626576792804
-4.455646743455768e-05
-5.3028919017811865e-05
-3.938817681729306e-05
-0.01979317878841737
-0.03260148678794964
-4.057706631974001e-05
-0.019938056511129683
-2.1354424244173008e-05
-0.02089234408903941
-5.2379932175830295e-05
-0.014448553589187115
-4.223266631454789e-05
-0.018445091357910507
-2.5255187492377202e-05
-0.0674287898344892
-0.010672973634485425
-0.04580684320100822
-3.667875596324372e-05
-4.807284023194767e-05
-2.7734604560766224e-05
-5.702329636243872e-05
-0.10300213256137958
-3.122205139640817e-05
-0.04793594212292056
-3.799595568524278e-05
-4.029313242942557e-05
-1.931943011824353e-05
-2.7515445045329772e-05
-5.128969443466711e-05
-5.004680259759389e-05
-0.05583206163043147
-3.967030224625189e-05
-0.009485663795222825
-0.03266492847421695
-4.670969932413945e-05
-0.009946248986250478
-4.4398348056303726e-05
-5.610590857771697e-05
-0.021241580483730503
-3.059147751002944e-05
-3.876046351859828e-05
-0.0405608499783223
-3.924048007694686e-05
-0.03153538103388498
-0.06390846084891362
-0.02651754224541562
-3.88484805964666e-05
-4.138617729737956e-05
-4.902031980274331e-05
-2.9313484143845953e-05
-4.094490592778618e-05
-4.4657022018360696e-05
-2.700707362041667e-05
-4.066147009724379e-05
-3.7840869875184264e-05
-4.750863643404108e-05
-0.0062549211214490115
-0.03290552216781228
-5.3695341431880456e-05
-3.867425109982384e-05
-0.07354616543006973
-2.8904579881666248e-05
-2.7663475895338693e-05
-0.11772617003301578
-1.7819747669865147e-05
-0.013936282925238257
-0.012210540606143325
-2.000670388482248e-05
-3.13223082864663e-05
-3.634639933772926e-05
-5.847576643221214e-05
-4.579091576647819e-05
-3.218117153138045e-05
-4.5459034759672435e-05
-4.9054290589111925e-05
-3.2218097313947274e-05
-5.224437940801365e-05
-3.824125434526444e-05
-4.76146729478299e-05
-4.629220541216284e-05
-2.591998614182737e-05
-3.498853979611867e-05
-0.01460372609171984
-4.189073855196523e-05
-5.54630007646103e-05
-5.422413756053435e-05
-0.03184435525868817
-4.230275457764755e-05
-4.241426251442443e-05
-0.026724036532532313
-1.6910265690672526e-05
-3.6937181602657624e-05
-1.6752150771590645e-05
-3.626822553701362e-05
-2.3643309717765696e-05
-4.436765911182373e-05
-4.488804691386782e-05
-0.028316161963013214
-4.251978485672745e-05
-2.9670473035441755e-05
-3.361452036210208e-05
-1.9572857711625535e-05
-5.5321147747874734e-05
-3.477208401405983e-05
-4.618567543609508e-05
-0.008192807455163084
-4.3437776285215143e-05
-3.64891166623079e-05
-0.07362245643781365
-4.1312656182690514e-05
-4.40224304729081e-05
-3.5345513920342623e-05
-4.487358847813627e-05
-0.04292952779617064
-4.622714327090904e-05
-5.635357874760287e-05
-2.966241762996738e-05
-0.010372644287179262
-5.0798596976618296e-05
-0.01172996348906039
-3.652000240686154e-05
-0.010385538193266205
-4.8029201463271017e-05
-4.508928841842271e-05
-4.572386938527079e-05
-5.396164250897523e-05
-3.695267577580029e-05
-0.006402505461265261
-0.031827940865549
-2.8043746254720117e-05
-0.0767768066936684
-3.821366386336922e-05
-0.014619273164768477
-4.1632159103773285e-05
-0.06450249323531486
-6.099048349833935e-05
-5.7496911837916635e-05
-0.04686591724132095
-3.2256446394966765e-05
-3.0733267949648884e-05
-0.01819001064974407
-6.265179704163118e-05
-3.8650796422282836e-05
-4.8203566375210416e-05
-5.5311430855022314e-05
-0.02110324147369986
-4.9475956008064775e-05
-0.02257035184626317
-4.541251727293119e-05
-4.3522147056798184e-05
-4.3917480695185825e-05
-4.0725515936267187e-05
-3.440439623121177e-05
-4.151789379686722e-05
-0.02038797905007753
-0.020572794335212037
-1.723534979152962e-05
-4.052037893177429e-05
-4.612967246471444e-05
-4.8586047895066424e-05
-2.6603993033594383e-05
-3.9814035100038526e-05
-3.501140121004618e-05
-4.383417352211626e-05
-3.6734976467605915e-05
-4.119441358679437e-05
-0.03119341267842774
-0.09683371603973918
-1.833152754222909e-05
-0.007344969642928055
-3.518894065746135e-05
-2.7462898004310997e-05
-3.024797451590971e-05
-2.3607195324250588e-05
-3.406980071439446e-05
-0.013871370499082873
-5.182583075254767e-05
-3.577890625084494e-05
-0.03790832010271724
-0.04046921672007547
-0.03372059506601554
-3.662115076997589e-05
-5.05085063956848e-05
-3.2552641052264734e-05
-0.018489972957238476
-0.010564574265690806
-4.275698408241739e-05
-3.6426306293318135e-05
-0.021407601307427245
-0.03899650740627683
-2.9382176533375887e-05
-4.047269140363895e-05
-0.05363374647932376
-3.054056863414681e-05
-0.030344262693215867
-3.126620310158653e-05
-2.5488587750060715e-05
-4.2649116830411696e-05
-4.090590863329987e-05
-0.01863931088691195
-3.760831040547149e-05
-0.005994384481073957
-4.9606176203603126e-05
-3.676798471549743e-05
-0.020803480721232465
-3.40772618177069e-05
-0.07254114856722434
-4.6628128338218824e-05
-0.01839998001266605
-3.819984645284393e-05
-3.493859580520418e-05
-3.6311246479761316e-05
-4.60566502274202e-05
-4.7148556262508606e-05
-5.078930016806609e-05
-3.4044327699163386e-05
-0.019553438832841805
-4.6966884222451434e-05
-0.04783112635595805
-0.03301505212672064
-2.5459601658431336e-05
-0.01035583571497319
-5.5547230093627665e-05
-0.015648816512695563
-3.667602581095845e-05
-3.390169011219593e-05
-0.053507939534920376
-3.549550928935206e-05
-3.313517051930405e-05
-0.011389442039491554
-0.017006803902142646
-0.01871208698599748
-4.586007071920447e-05
-4.73812584190633e-05
-3.6267156648753204e-05
-4.71322489976803e-05
-1.9959241260157983e-05
-3.9361794238156036e-05
-0.009623014794053468
-4.4893821464808074e-05
-0.06590571555885932
-5.868760963829658e-05
-2.0765815408319884e-05
-0.013116925484264057
-0.013595614009884772
-4.012125890997985e-05
-2.527726635755146e-05
-0.01355336501344752
-3.3133299832152077e-05
-3.056947895257923e-05
-3.4383876887803274e-05
-5.914339605124963e-05
-0.012890901477763474
-0.01984753731388951
-1.9858641181892376e-05
-3.982203006847573e-05
-4.9971647939892034e-05
-4.370323570155841e-05
-3.174187315018702e-05
-0.015210514207087966
-0.043971867023401515
-4.323407022517299e-05
-4.072349334479406e-05
-3.837267465344115e-05
-3.39417401626585e-05
-4.598147203524278e-05
-3.82117034556509e-05
-0.02575603983954144
-4.507219520131856e-05
-3.106102886326347e-05
-4.3103539357535777e-05
-0.03409085147824537
-4.9780343178160796e-05
-3.772578591008163e-05
-0.020034169518994997
-4.2371161143426976e-05
-0.006054521584959264
-0.02048111757252279
-0.03454581691070392
-4.5758393261758476e-05
-2.428202956496092e-05
-0.03182596564033763
-2.9927417202617017e-05
-0.01644422613141208
-5.5700367332442925e-05
-4.431239718589764e-05
-0.013871154199463026
-4.6592619611192206e-05
-0.1056274220078613
-4.488009047161773e-05
-5.772588337321341e-05
-0.1018645375736155
-0.018411810674316218
-0.07009566778668747
-4.021015564168474e-05
-4.877084176797221e-05
-3.985221464697437e-05
-3.727260766840982e-05
-2.8087484004743975e-05
-0.00703742999497839
-1.548131527413081e-05
-4.748579875141983e-05
-2.1726082047590125e-05
-2.8466271968904606e-05
-0.027722694985921788
-3.365105687650301e-05
-0.09011442687673196
-0.019587858712785868
-4.210533922890173e-05
-2.2713577065577812e-05
-0.01444586732132263
-3.288433884893114e-05
-4.352691885645961e-05
-4.409188828181686e-05
-3.169917556594416e-05
-4.488645608831334e-05
-3.4425667926993895e-05
-4.1713405745529804e-05
-0.03702159883011704
-0.061216462722131
-0.02971416120013955
-4.743903865015466e-05
-3.4283097560899636e-05
-0.008627528574309035
-2.8401788649731435e-05
-4.6428443658237945e-05
-3.67843211185982e-05
-5.200360963632613e-05
-0.05923241205986543
-4.396445088806871e-05
-5.102333631959266e-05
-0.01932355244342571
-4.893490423446327e-05
-2.5217144824756286e-05
-2.7525650392227788e-05
-5.0069572467508535e-05
-4.242490727727859e-05
-4.256391057077707e-05
-5.3980155424940626e-05
-1.648401282045381e-05
-0.022569209017859995
-3.149384082301138e-05
-0.058067982394257
-4.5843931782989364e-05
-4.581011494239548e-05
-0.04238571301807989
-0.034939426798356564
-4.18767773275972e-05
-0.017117497404431803
-4.274204437477087e-05
-3.167567865957219e-05
-5.649660369477329e-05
-0.0405755900972605
-4.421636418203563e-05
-2.1694926966706494e-05
-0.05776037431977652
-4.898247168286874e-05
-2.3461688710087337e-05
-3.6924038976560865e-05
-0.008393565593560836
-0.038032649221795084
-3.941568514581026e-05
-4.8058217392063355e-05
-1.817076037173401e-05
-5.1801253280786075e-05
-4.6902421260048884e-05
-0.12858029536956844
-3.76178588913684e-05
-4.6077466099009696e-05
-0.021389081138760695
-0.05370394496368747
-0.08947823346177014
-5.098429946183846e-05
-0.008349627915215242
-3.489716512670683e-05
-2.712395790515422e-05
-0.006967799020473783
-4.4960610899778196e-05
-5.2098362179818364e-05
-0.01613842255543352
-4.601954713738036e-05
-0.041717230252767946
-5.643463459079686e-05
-3.6295954733698916e-05
-0.01754511811645495
-0.0361696580758941
-4.42752798103963e-05
-3.742173346724974e-05
-4.033305643743988e-05
-3.7845170416720816e-05
-0.012879118994368288
-3.263869650479269e-05
-0.019541077905060156
-2.4707973291252646e-05
-0.022386877158812345
-4.092361003254579e-05
-4.0341017648187774e-05
-0.04340572442845223
-0.011836932445963398
-0.035107397880205865
-0.04103529293559291
-4.3260161221734045e-05
-3.2204878110737036e-05
-3.512759828830364e-05
-3.4354053150332676e-05
-3.223520490772702e-05
-5.9240120976251784e-05
-5.185802133409081e-05
-4.998172642839195e-05
-4.4474093041491146e-05
-4.958815211917495e-05
-0.015937311927553502
-4.611003491235623e-05
-5.2502838399067476e-05
-4.187003568623694e-05
-4.567065080541462e-05
-4.50035457176158e-05
-3.5075491063658174e-05
-0.009595085441829755
-5.649970261462758e-05
-4.151463991815759e-05
-1.972917239669703e-05
-5.069698093568508e-05
-3.273249614299815e-05
-0.01492987092908484
-0.014073656993730092
-0.028574266636731356
-0.010381491342261118
-4.752608750733059e-05
-0.011587790058266309
-4.486710543028415e-05
-0.04633657425107657
-1.725532480627411e-05
-3.903236675455962e-05
-4.6382999789576775e-05
-3.69750106542657e-05
-0.01816770382125129
-3.776738022288496e-05
-3.7024142580159434e-05
-3.6793006294041045e-05
-4.347999146866416e-05
-5.8102156308780684e-05
-1.91611895364868e-05
-2.7754626038484256e-05
-4.0342509876765627e-05
-3.8008209028866216e-05
-0.04677645928256156
-2.9942340619878378e-05
-5.2982511673392934e-05
-3.790272595179072e-05
-0.04140215549276073
-3.7614791912802196e-05
-5.331076732594392e-05
-0.03730188612051295
-4.56604358269976e-05
-4.139670253049394e-05
-4.437350170897702e-05
-4.416969478913989e-05
-0.01302141020698843
-3.526925238639403e-05
-3.712991478739635e-05
-2.9171977751649633e-05
-0.03520639934778922
-0.019043595647563548
-3.595226720628883e-05
-3.13814661550626e-05
-1.772729464488576e-05
-0.04783537681604619
-0.03320922593284896
-0.017177395743105343
-4.597741043821382e-05
-3.963863185890171e-05
-1.6840542348919333e-05
-3.0535692053912615e-05
-5.6313344023451525e-05
-3.487307229125031e-05
-0.01944641084322436
-4.629104221444836e-05
-3.891112776693598e-05
-0.014644002968725969
-4.960342049671798e-05
-3.890594750048893e-05
-1.718877769076983e-05
-3.2404606026640556e-05
-3.5921052986907814e-05
-3.436253718025739e-05
-0.10450173244368618
-0.009619049660394372
-4.7646158767679434e-05
-3.651480018034853e-05
-0.008270977132824786
-6.633124569564128e-05
-7.008973137382741e-05
-5.034324619686635e-05
-1.673383611005182e-05
-0.06461870993393694
-3.2454517281687765e-05
-5.236645702144229e-05
-3.556999631339448e-05
-5.001228046183619e-05
-4.4302549940073945e-05
-4.721348415255974e-05
-0.031088911641136124
-3.346492697862043e-05
-0.007881521392590431
-4.4172899891635746e-05
-0.041233831977127544
-5.012705666733979e-05
-0.016948298806372535
-0.028319298198582612
-0.007289062859498688
-4.7231629146259974e-05
-3.178629073865198e-05
-0.04391510611144107
-3.294340646862337e-05
-3.955014233332458e-05
-0.04265020265511205
-3.30980280461847e-05
-6.185913639951312e-05
-4.712126926702225e-05
-2.9169999457410013e-05
-0.018601284683255333
-0.018415834698015752
-2.548890559316731e-05
-3.801509178265035e-05
-4.6369582647066935e-05
-5.467781938185562e-05
-0.006419169517520781
-3.6609010282196726e-05
-0.03700750715137204
-4.3518819731531575e-05
-3.513965567724109e-05
-0.04208559792828036
-0.012939690502779346
-3.49961525197908e-05
-0.05836606056817688
-0.014578423200093392
-0.1014794747202144
-4.593518543067258e-05
-4.382652520548305e-05
-4.893907232662789e-05
-2.3011880755834422e-05
-3.522784902357281e-05
-4.595429139373671e-05
-4.419391851421511e-05
-1.922667175851765e-05
-0.021600476457841487
-4.220930198028755e-05
-0.014574969218300935
-3.7080013478280094e-05
-4.345019477306244e-05
-0.03769701353368422
-4.004818535133673e-05
-0.019184800163588606
-0.03870964559576661
-5.3993147348032196e-05
-6.674086000245545e-05
-0.01710883568913196
-2.709625803663992e-05
-0.07654377373086854
-3.364355095488969e-05
-4.864078065095117e-05
-3.9555819377151046e-05
-2.9963478419173446e-05
-5.463696060963624e-05
-0.012306017436887884
-0.009524311078635859
-4.555292954719948e-05
-0.058074853416157673
-1.533951206206415e-05
-0.013517584922645268
-1.8958867664183114e-05
-0.018933721085461545
-0.01699547136875124
-0.03285299858138927
-0.05042550536508436
-0.016783049220945274
-0.02381981244304067
-3.976064486657935e-05
-4.228021652551816e-05
-1.854946667572796e-05
-0.017741853408754074
-0.05297804599093315
-5.727088538865846e-05
-0.037314274994030956
-0.009790672391447477
-5.915434418092681e-05
-3.4976812759155156e-05
-0.07827378098252666
-0.016444717926656877
-3.797714636883405e-05
-4.1311106744665744e-05
-0.0503560267808125
-2.686772906690818e-05
-1.6687629735647368e-05
-4.287026593754111e-05
-0.019293658008259294
-2.301802988789383e-05
-3.58674485206412e-05
-3.667468578712931e-05
-1.616815132776896e-05
-2.4462874168138352e-05
-0.010380537868078826
-4.3058135423593977e-05
-4.0205319912270996e-05
-3.4721806022424974e-05
-0.0340791084765175
-3.938059782300008e-05
-4.687699985662503e-05
-3.292467506355017e-05
-3.517334148205896e-05
-0.08914553908076955
-0.03744367359937553
-0.05803465638238052
-0.06611037210114229
-0.04816844739763311
-3.924395433298281e-05
-0.018615043455132253
-0.04282087223088644
-4.6804878703717564e-05
-4.0673963960356085e-05
-5.087635274360617e-05
-3.696309067594153e-05
-2.5457735958459895e-05
-3.801281382903692e-05
-0.010755332490210866
-0.03346429504330554
-4.1634938715002744e-05
-3.995077306169637e-05
-3.9595402740056395e-05
-4.823521533305756e-05
-0.011392544868437665
-3.1152664979752275e-05
-0.021007069163032667
-4.947202894663357e-05
-3.6862256432854755e-05
-0.018198471153536684
-4.623393237888016e-05
-3.543562005014181e-05
-3.483937479680658e-05
-0.023338298478258124
-0.01646660573476295
-3.3990887843209215e-05
-0.006034471720713395
-4.735676629850998e-05
-2.7304188197322938e-05
-2.195663084333735e-05
-0.08050111087310519
-0.051925799396018546
-0.041408611302197036
-5.2914619997800965e-05
-2.95897700790354e-05
-5.781622288657357e-05
-0.07885285577134157
-3.712872270965895e-05
-4.9928447376600325e-05
-4.22309744818357e-05
-0.03702553417568362
-0.020330614019450674
-0.018187325681038393
-3.9377922894474986e-05
-4.995914945771342e-05
-6.732795472804445e-05
-0.03557987372038782
-6.358402377158914e-05
-2.3582253529697025e-05
-3.4469503936748326e-05
-4.2796132716519416e-05
-0.0452906356487757
-4.447185046900273e-05
-0.03589020102636015
-4.5258012162610375e-05
-0.03408173447749355
-0.06126365810585943
-0.06569933250971358
-4.378016506214493e-05
-0.008501355227162001
-1.2829833164752264e-05
-3.83602058420022e-05
-0.010530539797652266
-0.04712434041975431
-0.08904257441777488
-0.08578855430778937
-3.9130869748484645e-05
-0.035645187153119144
-0.04103707273954381
-0.008304226891534199
-0.009516130179905097
-3.453686997259793e-05
-4.825977664568852e-05
-0.006440787502940819
-0.018170190722698615
-5.080766708083245e-05
-6.184562978914068e-05
-0.01952819767651992
-0.05394222704344974
-2.0091126031958017e-05
-3.109175203197183e-05
-0.018844204410579487
-2.9785333390075194e-05
-3.87569346644821e-05
-0.009876045209468297
-0.008404111094693153
-4.923029309267078e-05
-4.4999812315586284e-05
-5.128770762072463e-05
-0.017267561503421066
-4.416766345263689e-05
-4.327369160258804e-05
-5.10026283401397e-05
-6.304748761983345e-05
-3.1574521132234425e-05
-4.166710665147e-05
-3.793587000157738e-05
-4.999172052179741e-05
-3.900554547058929e-05
-3.1738647996861525e-05
-3.3867344212908454e-05
-4.818078615055417e-05
-2.3769211976366665e-05
-3.9921627514989176e-05
-4.2639260454261304e-05
-3.124429578145734e-05
-6.626425442043988e-05
-3.584641603566217e-05
-2.477597293108995e-05
-4.4754771011921e-05
-0.01180979062221256
-0.017779764239611896
-0.04435164167655132
-4.131325527633955e-05
-3.473594707121329e-05
-5.0742391043717816e-05
-0.033478160393904985
-3.403004388286091e-05
-0.014794757107156208
-0.006187235563068694
-0.03945861155265667
-0.00981862833987275
-3.6863338346764264e-05
-4.35998708304021e-05
-5.8739995376042143e-05
-5.196684322548977e-05
-2.998596016046804e-05
-3.791093171649905e-05
-0.045259653760340794
-0.026498653772900515
-4.28661919469614e-05
-4.7563716087733034e-05
-4.8315770082767086e-05
-0.019011189749782356
-4.6652756359716666e-05
-3.886336352224945e-05
