0.24216107542876222
0.25353083015508154
0.2612458555011117
0.6331765261820559
0.3720488489535926
0.49741016330563936
0.22222698687277592
0.16337983100524925
0.5052018229542043
0.18352372055005495
0.275747924263544
0.2756777625201837
0.010447933152361422
0.4509342359432273
0.4437988566509891
0.2464041948382779
0.12494932558877608
0.267234195173937
0.23893722226554534
0.25757930863595035
-0.2124871182231326
0.260274817879085
0.2998410721354885
0.24028257792096258
-0.08929322945650642
0.020365731705375006
-0.17754699537930652
-0.2730786555102471
0.1978842249640446
0.8981368933735404
0.6058802674095667
-0.20115768622272892
0.23966922172422103
0.550308530403397
0.5037544397095455
0.027576362503536483
-0.09585975321105847
0.007608421347050087
0.9672470572448801
0.8870043448277337
0.06313558064514843
0.045199537657470534
0.011676819629970026
0.30390124332779567
0.3114378956585471
0.16610505852359816
-0.17589646878226617
0.47763102695221893
-0.1823504410322933
-0.17911427003421188
0.2548596114461318
0.4457623310392224
0.03147493179806582
-0.16353926745303893
0.6350080274073451
-0.0076250573006246825
-0.0022835733412689962
0.2964811933960708
-0.3893808572090225
-0.17154603616372271
-0.17810973110009787
0.3760309211296497
-0.1733398011115216
0.0041723629536623286
0.4440338955868293
0.3657054303699897
0.04034958540892482
0.7374756423793174
0.29286298298110514
0.6423735214141912
0.6251580585614585
0.3158561113543155
-0.1748745537913285
0.6642046669501046
0.33094229092860106
0.08107418924683374
-0.08647689884065071
0.3262559102649063
0.45253629984504223
0.7635850730451269
0.06602996070601912
0.4511933288293433
0.22765424932459427
0.43325904620751576
1.0287894407024165
-0.39906568583228486
0.2975556863218479
0.18180153992923054
1.2794144887309455
0.326628297835423
0.06873410999982833
-0.07273929948433955
0.02689045480555155
0.3281826386169627
0.16362118876833143
0.22223341156494256
0.32748166373832077
1.3079687593634046
0.004139124246150205
0.013715261921544958
0.1496806735392015
0.43719079691518015
0.6844106718953361
0.27302513249854865
0.7949485833018991
0.9285163627454107
0.593305541856256
0.774958883197955
0.28158390036156555
0.20646794894634773
1.123707889237859
0.11013415922360606
0.754956339885772
0.08988046876871128
0.29523209198023237
-0.02769003101462275
0.6077963438233587
0.36611791631797297
-0.2046843577989905
-0.03018234996529101
0.23245652063348177
0.5178037026713305
-0.17535169369607445
0.11836893638891063
0.14119137855524969
0.7702021796961326
0.7386528306951425
0.2695938638884998
-0.10229201868991691
0.8775927353907935
0.15523913312650295
2.099471249282902
0.5406117852861987
0.28919450477542713
0.2722657105060683
0.46745342127089085
0.30537882716847475
0.21151126144926968
0.6360428987773369
-0.1059468073303983
0.25360818916028505
0.44150085260433336
0.9695316549567388
0.7691178665032536
0.08946389579892977
0.244177218346597
0.2547782344840494
0.943502301322239
0.6449984709745251
2.1148453342321147
0.5328425538844955
0.5970004951682082
0.005528204404289888
-0.6777631696079119
2.1330415560424227
0.2926946876100611
1.1793993031344168
0.737828255049651
0.6097704304792785
0.32751783838734244
-0.16757968535784365
0.6172461857655986
0.6559665009905877
0.44013096307344163
0.9161263579209211
0.27441435839778405
0.24540870832345169
0.24736822066069886
-0.05148015920933591
0.998203546676182
0.4540196019651546
0.06939270369374492
-0.14138989030089366
-0.07170323852319918
2.135091105324384
0.8288888088841415
0.22136630601905427
0.44704611990325166
0.35470381795424044
0.5895607926406373
1.0914427905827446
0.2753924027157575
0.34793380153485864
2.146151834144614
0.41795241210467404
2.149649934497724
2.1702578161819757
0.11413946955335727
0.470404605391323
0.38668226795991667
0.30230397307177015
0.43423097737019767
0.2512044486325006
0.5957737483767533
2.1246454328410564
0.8329005578304015
1.2069181180644213
0.4392857740710737
0.3440538658171134
-0.14369831964633586
0.5062396420778582
0.7112435113249387
0.23680365576023515
0.9216120644132836
0.5525550298313016
-0.007463121094016534
2.1547712444464153
0.6363708916109516
-0.09590651943000289
-0.17549297844167533
-0.08615781046562332
0.3973393189230038
-0.1799359829923208
0.5659218552627634
0.6074014951358987
0.9674030298854905
-0.005556314255942552
0.0012147675665638569
1.0546211510995673
0.42912742759526534
0.2747048973437661
1.131818493423066
-0.00014802824429532846
0.1369504379371863
1.2746741063419562
0.20974286990684157
0.7916242041579298
0.16770120729507926
-0.018377621966391477
-0.17516187800027913
2.1617677339869528
0.08971165243237111
1.3065093653423516
2.190867050606914
0.2739662064984695
0.38781182266812814
0.6279194448444998
0.13368128859803224
0.9760665714288826
0.12922413539815206
0.17424776014855253
0.8991297526429046
0.15861917053602276
2.068242780442834
2.1403956623078395
-0.16526762219915056
2.176632178579661
0.5484701698780764
2.1852937741649017
1.1548208689570858
0.44345850809182685
0.7518908152575858
1.0758452672976213
0.6154594889243472
0.5508014145504013
0.2744207279052686
-0.17634934557480902
1.2146105092205055
2.1487089090008586
0.5577707872232428
0.43523160877216455
1.0725489152576548
2.1359765218390914
0.6931544972852057
0.7475694685661771
-0.027433268737038108
0.2732692601680538
0.4404086042205718
2.183201248016169
0.7840148283964608
0.2749620234630111
0.24736305650291274
2.165882061970441
2.1782952157994533
0.4765123000916497
2.188659629976959
0.6200076046919585
-0.0009271448194952958
2.157740310757048
1.0504500767709253
-0.04783375843144477
0.4258056070867544
2.098254816126758
-0.17373638942212805
0.21856262043697686
0.4676588562613322
0.4194345702811051
0.2727160090310554
0.6845605016344752
0.27942904586875295
1.0596818882489563
0.9218844071207162
0.270746702226723
0.5310381667540605
0.2744191357015864
0.19735748056880542
0.01435821242854382
0.2767679492434453
-0.1711254920183059
2.1933792694379823
-0.16686967772888348
0.7334739040152832
2.1436971816236774
0.26999502448897333
0.32307346259331693
0.9826662582383273
0.20570063560041257
2.114967310565052
1.1330024575642355
2.179748195497172
0.12749374104444594
1.327345587492541
-0.0062154572061933755
2.21633586343586
1.1078286993490207
2.161937328087582
2.0964855597407626
0.32021629405718527
2.181893005374759
1.290209127727296
2.1579724151675244
1.2741229768338134
0.8958360592406232
2.1371340002262516
1.130999082272434
0.20020865218775166
2.168440822201136
-0.18178476580050945
2.1335763326780275
0.7482671036577756
0.4429963216548742
0.22196597576924837
-0.004427995981006405
2.173143877894342
-0.17874700242851502
-0.1811214081974835
-0.17499555891600188
2.1816875679966032
0.7422121022782228
0.2056606550449093
-0.18126385706782486
2.1455033983499368
2.212285197484343
0.7852638231873781
2.169342526942855
0.3820193196619578
0.11613176879282214
-0.228797940701134
0.4463044725485342
0.7812216419421393
2.175707330304968
2.1779030240506567
0.3679886593167362
0.31431805014322733
0.7820183587133455
2.1678677166647833
2.1927430100248264
0.27424032571876866
0.2005273065204583
-0.1755858037396883
1.1329288590964834
-0.1661792405174176
2.126971215807246
2.1064268913099156
0.5700767018555246
-0.1708821936688855
0.7415968217313741
-0.1803510119560966
-0.1765157520811816
0.9180399648082861
2.175078384757345
0.2761699735611754
0.4244831596867745
2.1352421736389835
0.25588233241467806
0.9697517307126668
2.179284942234639
2.1529140492833125
2.1730518557475875
0.7799578762243338
1.2740514197710493
-0.17841671204382364
-0.17455272317366774
1.0889742829220765
0.19239376170997927
0.2775306970313322
-0.3871639778228377
0.8673778048442999
0.2603177761005194
2.1872109152903576
2.1341907006788894
2.2118378599058572
1.1041162019756932
2.1448080348905068
2.154070205504493
2.2050879796087623
0.5307474636653362
0.806774663481294
-0.18945090740984177
2.1175648459790075
2.1479798892564803
2.148448592632648
0.8705176412264471
2.2047968457128024
2.163063250081157
0.271447551085449
0.2780313899782283
2.155321151268875
0.03508421511531662
2.17702290744362
0.27142743397955005
0.28034429724590393
0.2700714348093902
0.43252258174914143
2.1902369597378475
2.1915258455948186
0.2755564802429301
0.5972072892101228
1.3072021679095165
0.272948805832841
0.9585885581465238
1.298025358972685
2.1990815127272274
0.271656474553093
-0.1736918265097052
2.1603880445700105
-0.18078878124404005
-0.17897675717432188
0.3466332698095193
2.143262819101206
2.097428755330708
-0.1795997940352545
0.9510359766254067
1.3581271572571518
0.2734409322894197
1.1266893525312744
-0.1635153115257179
0.6318296415342347
2.2125549301700698
-0.0015269311691370469
0.45907466424585586
-0.23004852295447142
2.157919366251796
-0.1747182143047448
0.36231809471139015
2.134721726077434
2.160836039683079
0.27950182181848404
0.2713352199036221
0.26707166456141707
2.1371728128245975
2.1594010861215835
2.1669333317394557
0.19170503126857888
2.1383180077787873
2.1524503094765137
0.2392861565038939
2.1552204639716663
2.2077918794825493
2.2013706452380095
2.2006156143094695
-0.1669475096027368
0.9267620299091308
2.1729235516768126
2.196633021920464
2.175520010275841
-0.1677873093872499
0.606092705633962
0.521600813867785
0.05302753638006416
0.27348446525866205
2.1142608234731597
2.1805907879269677
2.1111617983333684
2.170506935180734
0.6466972169866747
2.203644386902358
0.2685788612200923
0.44544452079614644
2.1125466513524875
2.1925070099896664
-0.18107149469552578
1.2441713451113592
2.163100193236116
-0.182000428296893
0.4552979517539938
2.1426071618604254
-0.17283426460673756
-0.17985402052389032
-0.179358992385951
1.1692636110482342
0.7480608338886792
-0.17205418080904814
2.1818552500719592
0.7250578748182042
0.1730292859493221
2.1748183162937673
0.6110077090311055
0.36558535266084585
0.588495606132293
-0.18550321204084558
-0.18360439980633542
2.179448639985207
2.1850695484957185
-0.16334789580979125
2.1539160822792924
2.2233379282724677
2.1852316918573043
2.1528956296935435
-0.17122462902575702
0.8441680931709694
2.153440315327469
2.218660754260923
0.27665285995611266
2.150821070276141
-0.1806091610694029
2.2225016643220936
2.1571833506876033
-0.17792622618010379
2.197127637051412
2.153356904870552
2.188352997211094
2.178836714850725
0.2803796035822569
2.179701092899922
-0.16600965034505538
0.9660939282162578
2.171692919242566
2.1650711950513672
2.231136353113916
2.192751048490753
0.5954468165245497
2.2044980664985574
-0.17304603486949335
0.2732681925974263
2.1695011261915482
0.4135415756999954
2.1703901089053366
-0.1627860812936161
0.8728411544488704
1.3210476798404427
2.1426945805864714
2.1842360893470554
2.2165499711922685
0.09002525844282415
0.2744382023817225
2.1666990878479955
2.169059424910087
2.184936882170361
2.128248216860945
0.27906588499858104
0.7741323014075512
0.6820080514661977
2.188146826156598
-0.004018360942236565
0.27487489765749107
2.2116104649789126
-0.16889564855308734
0.6401140652805806
2.2123083700584765
-0.16717460018379013
2.1702971491328213
2.1669314501124344
2.2226972274349017
1.2096865752932555
2.1385393206828214
2.16322094927275
0.8392306644265759
2.1439252164859317
2.193346392735607
2.199485651382866
0.26804761324893106
-0.17049284160182337
2.1258312092233425
2.143257261712039
2.107941131605718
1.0196139123575292
2.15596063861166
-0.18073263723597555
2.221075141864875
2.2035046080629166
2.1995132493278415
2.196774528274881
2.1776079097410497
2.212419204328829
-0.17463493078985523
0.7832329695323363
2.216618777026845
2.217720661090098
2.166485630782322
2.1891812920204137
2.1904392799083383
1.3073182303669095
2.1852285293055704
0.2725572395745203
2.215518221610741
0.2767010102081096
1.3225819127643192
2.1439036482246934
2.157859730525827
-0.6753818840550886
0.7722791948651092
2.1860186650082047
-0.177951464829206
2.152350581364858
2.1985976522364563
-0.16990362416478227
2.2139292563619755
0.687589310801334
0.26704117513713743
-0.6749507544362374
0.6212527956710039
2.213532921113937
-0.17716394116338607
-0.17556718065055793
-0.1811638645304108
0.4979604613792604
2.151765607402857
-0.1771979632171345
0.6146046176635419
2.21823363973777
-0.17805108746169193
2.220877609022799
2.2151333188117146
2.1533723760385577
2.1752654419607964
2.1949595184121775
2.2076140362514742
2.1930810819432525
0.27283206035368784
2.1566388136898382
2.1952266302665047
2.1980534879061002
0.5646091809116196
2.184004644263034
2.175878361519308
1.27113290972661
2.145114244756599
0.2791157333889811
0.9657173377922595
2.167047359755391
2.153404087293433
-0.17488442862620482
1.1797540661046035
2.1714326043518293
-0.002230428821774877
2.1931990562345467
0.9128266075309273
0.8265788308951698
0.9634490120661678
-0.17624443594357037
0.7468263418469854
2.152712471845243
2.164048631382511
2.212384030763527
2.168363955870859
-0.6729884880765428
0.8442028169642031
0.5441657846600746
2.193751345318905
2.1852523684614122
2.197102132246412
2.169915583076634
2.1911470276181633
-0.180494816892453
2.1422388321368704
2.2067829583080227
0.277092591260323
-0.17118104123146966
2.1751438441402935
0.15596427994832845
2.170971502432004
2.1594880017578095
2.1832590549337505
2.1502006280702295
0.2009161088437607
-0.1633193184630808
1.1532033750832271
2.1909947857221272
2.2321659311213464
2.188394635056565
2.1799646432707402
2.2296047122584404
0.6188167755295244
0.2769276902383278
1.1095184196260572
0.16526263292579613
-0.17610558779521526
2.209600697373165
0.29393383088163516
-0.1646406367532009
2.13373018677313
2.197369136455377
0.1211163955317851
2.2036212150005556
2.1642578741836567
-0.1703393880031775
-0.1673579396136294
2.2085896925969664
-0.17592354225099452
-0.03588191266301333
2.2274414501424187
2.2077255779074867
-0.5433975178325525
2.1592397057286963
0.2781311432936292
2.1605770205005506
0.8736231986006455
2.163994236183073
2.153491509310472
2.151021788181046
2.1810984044804074
2.175257987009594
-0.1683662986630982
0.45086406990978256
0.32629271120297915
-0.17868438195455236
2.1725446324306485
2.198617427700803
2.1574467428113966
-0.1759821244282304
2.1804199735785534
0.27414479045436524
0.2732823539637303
-0.17638488498569896
2.1822046418218304
0.4176166646118207
2.2017684037151923
2.154801251824773
2.1339653248744446
2.2157543129113484
2.1610462996193234
2.209878748640879
2.1719663204721043
0.44793093049590865
2.1745546017793957
2.214488007277322
2.231090479935267
0.09247303781044186
2.1900841904414303
-0.16432669267957062
2.223060691754777
2.201224868414835
2.141694488278241
-0.1653258310771643
2.1833899112507265
2.1663712571550153
-0.1650019506888399
2.202262789384026
2.164002391455009
0.27934395618587604
-0.1638666853670808
2.1401320165609254
0.7603477162606799
-0.1634754908482728
2.174292558335442
2.2109834081342212
2.1710297032336907
2.199473281100387
2.192981897852225
2.1441476639362835
2.191442443778094
2.1906675464206744
2.1852408362794797
2.1868833746839718
2.1578886194857954
2.146876165884769
0.2730090720937891
2.1580098601556785
2.214909382550745
2.158865334092126
2.1917258101939785
0.2857577941270084
2.1166471488943985
2.187796517886807
2.147773486670831
2.185320578817357
-0.21880646201695508
2.188978296467625
2.205069353773113
0.2759796002220883
-0.16084121792661565
0.2770978703287095
2.222690928485605
2.178676065771624
2.147833681963318
2.2211173861089226
0.36792917182774276
2.160584337951007
2.184314625434372
0.9693984351010948
2.187510933063032
0.3852856389253047
2.174833089008986
2.2141293044670705
2.1627198357325677
0.2849038337565177
2.177016624267476
2.207866581633702
2.1873592005208726
2.1840283284797852
2.186659099811613
-0.1587086388603551
1.1672757354910688
2.1979664274540696
2.1792050686792668
2.2134071253672802
2.1467464112151804
0.057844082321726165
2.144820200307419
2.183441911658032
0.2793985630762738
2.210300866211293
2.197897697166998
0.2804099073667957
0.2792435731451434
0.354813342410729
2.2260043485352567
2.1470571484342225
-0.17037956714293429
2.19419046695893
2.185151859918827
2.144497243628031
-0.17098212011828162
-0.16051262952302778
2.1819169741273985
2.185180228097277
2.1764552659693237
2.156814197122271
2.218133560629709
2.1863583544465914
2.2004319848084526
2.177567717088173
0.2787564494184132
2.2054045129507616
2.2146226709451033
2.181470307796012
1.1272737712092304
2.203290057584775
0.27565551960575774
2.1925636285578376
2.2319834276191
2.157860059951801
-0.15759011952916263
2.202025153888379
1.2751548350197635
2.1873550870858693
1.314786124293877
-0.16282199941757547
0.3363577187262262
0.2801477999257238
2.146235098914109
-0.17103058356034292
2.1601576847314488
2.213978213213785
2.176788066303041
2.157049516340024
2.1926231798238778
2.1788616665659344
2.161677472047102
0.45113082828634454
2.1547058357825573
2.220799709156077
2.1999799897620553
2.135980124610797
2.183907953084495
2.1969604473573447
2.18901666095082
2.2048395272698156
2.1639624051871995
1.1528931713854775
2.188006000365422
2.193831294279648
2.155280792748231
-0.22311575333139821
-0.22221100698128504
1.3512355017404107
0.28552852230349257
2.1456938379584276
2.225174066704324
2.1645202883386974
2.1484937512029667
1.3278512687899644
1.3382375743547816
2.2440831878227527
2.1874439297064
2.2304439057355725
2.2364542199421757
2.181357891494901
2.1760986181477087
0.28490434990091845
2.20270130139626
2.136656431712583
2.1790107633269282
2.189236913362472
2.168366290363874
2.1217349870391065
2.2190463138946455
2.175473885933318
2.181585626462926
2.1805551049738296
-0.17090199239218576
2.1906426078067565
2.2027918768892203
2.189896178527606
2.1836201300936855
0.27562409527521253
2.189625330588277
1.253169382052895
2.163006847372382
2.1987197034736656
2.2302715448929433
2.216937801368972
2.1785028678728153
-0.16172722641280887
2.1945774205680078
2.1879937028921623
0.16174671442080513
2.2140334333738614
0.9806245124608719
2.1865674913927875
-0.16889486047533386
0.44908821942521
0.28451296433659623
2.206856060457185
0.45068218922389147
2.2328699326182466
2.237734083250751
2.1598600494872393
1.1457754165589809
0.530586196325241
-0.16348732915946168
2.1490406877257198
2.2096155039306593
2.1859069726537435
2.200730877236712
2.1547354334995195
2.22816048209354
0.7013327554095679
2.15075733559378
2.219115256445428
2.15882836976009
-0.1724727045915652
2.165945701765849
2.1299458169556376
-0.17256982357392955
-0.17200446847887269
2.214920592706559
2.2432930785578287
-0.16101921899071558
2.1688028911416954
2.219507574338177
-0.010814574922897835
2.1613228173165906
2.1832739341585072
2.202926698658304
2.2246757044171304
2.1792648964948382
2.1795022620629356
0.27503521420605737
0.9605455929428034
2.1889582481084027
2.182614437593994
0.6993557657047016
2.184537815475828
2.198852034395904
0.318563314509968
0.2779358368910573
2.1913971730567194
0.7860278849516777
0.2830475244710139
2.137566567031193
2.200823811172319
2.185576753692863
2.213765774524176
2.1619373006446514
2.208389538014769
2.1944593277470155
2.178121117808293
1.2704319912535755
2.15616558165364
0.27601054651974233
2.2102638909384114
2.1682127429618636
2.1568058936509393
0.8367689878014172
0.28546637142727577
0.780011863564648
2.169347136078063
2.1797032792159
2.210508169824032
2.193126839709919
2.1648644343438175
2.180015278224218
2.199699179126029
0.386265367618063
2.207170419202173
2.1864893116662683
2.1540580512781897
2.171498789556944
2.175956828375118
2.1889701266370905
-0.16459842900466634
2.2318557507691574
2.134503244162277
0.2833198432247168
2.2245936976910885
2.2242333513041954
2.1914230194794726
0.2809913737508386
2.1596919107595
-0.17181171994992547
2.1954221653524906
0.9329498938250864
2.1885956255381154
2.1640471733511006
2.189482815852519
2.176761131248277
2.1848095667484824
2.1888165826379278
0.451420012067115
2.1797112195400277
2.2051598973896436
2.166189870120463
1.1216027731116405
2.228763451810339
2.14788245336159
2.1599554675810566
2.222273143200982
2.191680756073034
-0.161899330734824
2.15488638784364
0.531229370103532
2.1975230514159145
-0.16019344230699076
2.1786948529269434
-0.1666999597711246
-0.16534055075021709
2.210868656596691
2.192994507540913
2.1848502300387214
2.238274311972122
2.1779080602211325
0.2859864876652227
2.1939149701955403
2.1850355453431236
2.20585883165064
2.2155558927675916
2.1797560116172088
0.4516469363296681
0.2831817611866768
2.2352919986352964
2.200202027292121
2.15198254386967
0.2799912069527976
2.188051739646272
1.290932309393971
-0.21663709674093895
2.1871055793904097
0.2840283178803811
2.2236451087703957
2.197679495555075
2.1959938208007292
0.5573155609323999
2.2009476333039415
2.196457540087342
2.205544489681369
0.013084034588471016
2.1877817456773205
2.18694030182002
2.185217302250688
2.159952045354986
2.180119092219444
2.2033148877321116
2.2511051372261814
2.226947708070388
2.2176088545771258
0.28688210340422404
2.238310844472929
2.212023182894857
2.2027399008623014
2.1759172345858064
2.2073645383094584
2.194763469479546
2.212329900966429
2.227253803054772
0.8348903754598382
0.44780598201337724
2.2045014112396517
0.5202559626686147
2.221496980441529
-0.17153895669790434
0.8264924835884162
2.2023931750582832
2.2322265543972324
2.217329717012864
0.2808570516999304
-0.15984632164591506
2.1819444909269308
2.161002190989267
0.28138022212513225
0.45177338839172976
0.2823892921111079
2.1881960187882656
2.2122469338710253
-0.1679063499531441
-0.16315442953748313
2.195905580083907
2.185021766995029
0.27627693305761564
2.1834192961993484
2.1698312672086137
-0.15803164772992148
2.1815765484993497
2.162450395389441
1.286715629970616
-0.22071770774427824
2.167130617623605
0.3375887623763203
0.8724231899136399
-0.16524095612030487
-0.16498521333732766
2.1855172284054607
2.2137102531362025
-0.16500854757443673
2.2093478438261904
2.2312902710369427
2.2326705889731806
2.1552387353324045
2.1883141589718735
2.2191197212398692
-0.1635539062398343
2.196063159090264
2.1429265591406974
2.1949778102916073
-0.15682106436816262
2.1701867830159194
2.24949706947325
0.17808814042634347
2.1781305164159153
2.2091810406615293
2.2314694292267063
2.19384462894173
2.196628591377748
2.1934109370298778
2.188171284210678
2.1939554868235396
0.2820198760208916
2.1789676305229975
1.2326354367918029
2.202946392152793
2.1382632322333497
2.202001034312485
2.217992771456183
1.1450047840742197
2.188312973959091
0.18194646623874833
2.195524075833422
2.2192404693452086
2.2125251393100402
2.2146252292572166
2.232776491090576
2.2066848044535434
2.2140498170349225
2.200081591430602
2.2127083538200973
2.161427430968032
0.9021991153118536
0.4721735597810468
2.2115981397575686
2.189068682382449
2.186601335752207
2.193768198999223
0.9458990118085115
-0.1668856291464512
2.204174607602293
-0.014951316822025523
2.2123651847969286
2.214225859614079
2.1137380970827206
2.2360940932777833
0.6200075509319213
2.175147219081637
-0.16764920404235617
2.1511882693996007
2.225261341991613
0.523958429091502
1.2754681149087628
-0.16983468807733976
-0.15803657872879656
-0.1701821679420337
2.203443759829047
2.1980320345870856
2.181147521964834
2.1985762477694455
0.5261086734791105
2.1872965452458697
2.1969523541823683
0.2801508871285463
2.2012128011031225
2.198931285752547
2.1469575286342213
2.199904207725167
0.33625362500505346
2.1503463282291255
1.0739705440088587
2.200737012959041
0.6207081122004039
2.167238817526527
2.1876979306310895
2.1928282844832014
2.165371812051765
2.172901838351139
2.1713330999113047
2.181329548474514
2.223488153687626
2.2326415738235545
0.19296629964319523
2.2229922062450447
2.2363270293621866
2.217485982922514
-0.3346717902116817
2.208281182579726
0.9413725097747526
2.2081180673752137
2.206390911003415
2.2269257609373283
2.2212385094331015
2.2051225197415576
0.5399347337372753
2.161894739983598
2.2387314912319356
1.325476734772654
2.2023383166211357
0.9561734238167064
2.183947861928351
2.1769427413557545
2.180285870593047
2.2325215397752536
2.202314139633989
2.236955683658016
2.197135691390388
2.1936189714014676
2.181592083423894
2.2312434919709156
2.1699567789890475
2.1917749585871613
0.0017280113734880476
-0.17294707158764777
1.328399890854398
-0.17179664173551565
0.28908233653912546
2.210802183701521
2.178509475548696
2.198501251967902
2.192423360859003
2.2176316208706273
2.211002793730116
1.304971993169015
2.1862060741924387
2.1672241657766365
2.233393178414688
-0.1670389309582806
1.1930342924591013
1.1060442484567297
-0.15597150522293396
2.2237244133245215
2.1916514692712896
0.27979008949596945
2.196585705668659
1.0173557551964072
2.180800461331353
2.229788555843421
2.227219187081315
2.1908944118469056
2.2002892219446877
2.1707272412037044
2.2024814247293287
2.1789998639775567
0.27961998429037394
2.2091471013977992
-0.16027984451430263
0.2855331330783445
2.1968479565100854
0.2866345034019103
0.2845971902125122
-0.15306689655442665
2.209856722139927
2.2300251557473176
2.210572146987211
0.16622631196919535
2.1682166071499136
2.176325582511445
2.19095563518626
2.2012782704938516
2.19677108869451
2.1561270542245676
2.15197761289742
1.3449621504416167
-0.1644580057857455
2.2025719144061613
2.2011670562079773
2.2177182703242693
0.36339738604144856
2.210517415021263
1.3189510985764383
2.232049670330345
2.1855421801118036
2.1794935515362166
2.151231839115561
2.174270941702991
2.139122354486326
2.211021898133536
2.2197142216724592
2.2020904914629646
0.28365963156536833
2.2280446083691445
2.222297602617221
2.1894334811469216
1.1015782442153166
0.8421833438297569
2.188473798512053
2.2241835819930245
2.1632130022411804
2.195061072216986
2.205974706745141
2.1938685432142946
2.2067884018785806
0.7936183728703932
1.326194997824291
-0.17187269857398665
2.2226250240771335
2.1830080495165527
2.2003163284809637
2.14697116649151
2.2135376078803253
2.1970525900870346
2.240987555587184
2.1773175015151733
2.2229370210426347
2.1993031859843364
2.20103043181207
0.9573910814827705
0.2764210376809846
2.1906198232008642
2.189230904173255
2.201238209570545
0.8601315353979125
2.153583709233288
2.2193176134309844
2.191257009629517
0.27996274745621696
-0.168083936217821
0.28917081395167776
2.2518817174416794
2.194825572187683
2.174204713735212
2.1327588527060772
2.2279490089123257
2.2301816916559285
2.2038355996330354
2.193419302322813
2.196513435305664
2.1999841239718636
2.1761756029517443
2.211546145722216
2.1818417293240313
2.200018196333027
2.1127639331809362
2.1690328347475893
2.2033294712036
2.1376380514928854
0.2792185549213888
2.2093372524166885
2.195973478129787
2.1667285273529604
2.181939357220026
2.2029561842465895
2.213434309351729
2.1962879045693207
2.2224389326848577
-0.13573234235254827
-0.17142785293574625
2.190652688293114
0.05735108929007815
2.168000464217902
2.1795762220554695
0.17891764753267692
2.195399982821006
1.1392449380290093
2.170278449711297
2.194198687810741
2.189387022758018
-0.16694171375092215
2.178568824700852
1.1651023246968528
-0.16957438017606252
2.226311824135999
2.2079292689291594
2.2073417405210196
2.1558663596001493
2.2143650311366727
2.2013751977140075
2.2183406255277345
2.2013428959385855
-0.16646411304250075
2.197122064719009
-0.21866769773851344
2.2097780926945325
2.209695808791117
0.2783016874462687
-0.15360420768740565
0.626568290345805
2.2121886735174607
2.2076787079959104
0.17932734589632582
2.1919512552690685
2.198940658617104
2.1626700428790855
0.28591490653087215
2.1987844638616156
-0.1589735409163354
2.187590189583648
2.19463266740017
0.2856528234741618
-0.17324696123947814
2.2157415209362945
2.224911838214915
0.2858461977792194
2.189529355228922
2.1958742297995917
2.1801471552629943
-0.17218941616748504
2.1809932455434735
2.2016948516219865
2.215212400654118
2.19228581119987
2.1776339827487377
0.30797385832058466
2.2032549836598316
2.1942930608936537
2.1870525629225184
2.1879410095195633
-0.15960459859744772
-0.16828783418578186
2.228423633278411
2.1612240908104496
2.2365476311966024
2.1799441905680093
0.4767476585080193
2.186685601080476
-0.22402843938772404
0.671660921414442
2.1956959386163257
0.45406181717236327
2.214949132943559
2.236138536276933
2.200493930334859
2.2157486409809
2.1808889405550005
2.2289616700798662
2.1727210491098345
2.1837077273142116
0.5073586727592094
2.1716274789908927
2.2331234296953646
-0.1702430060540539
2.2014096948791515
2.169538969861924
2.2119571286439212
2.1601762999229894
2.2238418512840514
2.2016188418720475
2.2069747340230434
2.2406091640375703
0.2789404007087722
2.1938176616587173
2.203213513127098
2.212865006327913
2.2042012019371353
2.198519574462444
0.16881643309147168
2.1498476086450125
2.170286386247422
2.19923288123662
2.1806855679649093
2.182193360025816
2.168067769296762
2.1929793276036254
-0.16836721194404022
0.3645312305429527
2.189320856208311
0.22599326883888196
2.2101161902587085
0.5987338886506037
-0.16632083323929356
0.2813069972932972
2.151080610154268
0.6286184155366197
2.1927965416103397
2.241104408378224
0.29665141676042706
2.239924797446741
2.2402588851873566
-0.15392423430121596
2.2354200829070767
2.2184448089996502
0.2950599548889132
0.16446570746867498
2.1944278295054755
2.2045586241711153
2.224053783912627
2.215711657113116
2.244162334078224
2.2351589617414014
2.181444179906225
2.2424927405536783
2.224463482126499
0.5626078941047359
2.2011678286579444
2.1800557227244646
0.3347349425352786
2.211045555484246
2.222007197764423
2.2208834712309176
1.062603798258704
2.176094921364351
0.5477778179796822
2.2116512420620067
2.203421512651481
2.238073698627976
0.5284888839801681
2.215546698769278
2.2290674421003103
0.7222646785603871
2.2126724983162593
2.208120311801368
2.2085140407329753
-0.16460622822950252
2.2324525448914088
2.2351429136123167
2.228066995578133
2.2468893991410654
2.2018751295809014
2.2105750992393602
2.2263335228570784
2.212170316124312
0.8763047218410438
2.213216370889704
1.3237383696745344
2.23874832760493
2.2244179454515787
2.226887513199034
0.02342629632180987
2.227409633741961
2.2368931248537387
2.2514164124867047
2.245870326749149
2.236473121715328
2.224341152430456
0.6303844020905561
2.181704975679911
2.1899637036164417
0.1220677304257799
2.2145645046115447
2.2167911135750513
2.227915854934903
2.1907233542263755
2.219234510844684
2.2281979316302287
2.2091327910010623
2.210268924125896
2.2361536054798856
2.213511038255956
2.2183865185159535
0.8626560998700559
2.2443562271465876
0.28840009670566824
2.2402174481586465
2.2072077604992746
2.2117714559406796
2.211791468286302
2.1898962383351916
-0.16175533008304194
2.2104285491082334
0.28871201773089195
2.2054959975584176
-0.1522915430443374
2.236435936790857
2.2034411793010706
-0.30812079387214586
2.221997862516848
2.238784729216716
2.23460171194076
2.210344415685702
2.2144398315142144
2.2279201013680154
2.2370777128759887
-0.1522988924253667
2.2232234825537596
2.197797132124385
0.2933219194670038
1.2292875516940256
2.2391087153888516
2.240612668287853
2.2159307963583275
2.1810766369227625
2.1970812289366624
2.2300150754728216
0.29388848376270826
0.2936760866881856
2.23675543083729
2.2123226863528465
2.2391351788471763
0.7362341317854371
2.243622720744437
2.229072842665773
0.2953940855544519
1.1563861103690853
0.2917679854138078
0.2972442972293313
0.8079974953750906
-0.15303983234161037
0.030287259615558615
1.2042188222440076
0.28845552037790256
2.235434987010986
2.212468004296139
2.224263889128217
2.2402849886717426
2.1848876819037786
2.227977764173305
2.1712861518026134
2.23786975572883
2.1888618735726655
0.6518827708362283
2.2195319099941444
2.203779138139447
2.218363617233197
0.8797165163595337
2.2235825976634227
2.2371683883741547
0.7886392947657805
2.2117164715657562
2.2164942585303127
2.206241119458663
2.2623293530858657
2.2263872480000026
2.2081381060797933
2.216953303795326
2.20051519614153
2.2385941077284452
-0.6586140133603074
-0.15464429873464602
2.2290092494509084
2.2201439025587795
2.2098525885867764
2.2362283084837924
2.1657017601542483
2.2188103733831257
2.2166766384801067
2.219771568465219
2.1995382342019365
2.228597892559381
-0.1585726825099209
2.247462235540763
2.2178195902583058
2.235983366461533
2.243397168990186
2.2379728430324115
2.219482321393537
2.23877784490506
2.2022207599739394
-0.15946998226471937
2.24524788052602
2.180004184083512
2.2023594721887494
0.6518287739637305
2.2023503727577274
2.188415465255933
2.22178549622448
2.2186032682894847
2.2362275380225762
2.2362620950328167
2.225442079379194
2.2252134153107677
2.2285404136910136
2.220750994705362
1.1706870331695645
2.2151633568467557
2.243435212469267
2.216827632566929
2.235514506230127
2.2402876524496955
2.226057715203221
2.142832190368096
2.185265469529118
2.2343536245731914
0.3649007680931352
0.2955927091627032
-0.15495302388968135
2.218890211504962
2.254462248624902
2.212370926512886
2.2325188079865517
2.232661424587663
2.215082851363551
0.15524540664089326
0.641980078177744
2.1901914495583332
2.247414793208442
2.2148972133466733
2.246175373838316
-0.1624980659899275
-0.153077323761103
2.226029513275213
-0.2728354362828507
2.224013032717506
2.1975930295743553
2.2068791654479796
2.233126623611083
2.2059141258752453
2.2084572556715094
2.1439834269246845
2.2204135198080768
2.2111966696548
2.214439095644414
0.6480567652066065
-0.15542875993869382
2.1819997800708992
-0.21004849237268342
2.216670737495087
-0.15854162731616395
0.286566122764216
-0.15796597668486673
2.244530793415646
0.9090717134209503
2.2285221583098966
2.193652246928421
2.213249241296099
2.2102124499455393
2.216744550931012
2.2150756782391325
2.192507824073266
2.1794910668586844
2.207549782847353
2.222551389261622
2.1569472538002943
-0.14754185465215225
2.2251663094456524
2.229070039369432
2.1976996933027584
2.227838262218812
2.220391299379073
2.247550765286266
0.2876098880835093
2.209270175976423
2.217863840824032
2.2463284025667987
2.222877510647525
2.2244110053791424
-0.260627629400797
2.2051556753789248
0.29150758998637655
2.2217980155450494
2.2032315749525186
2.224951958597967
2.2255473686780847
2.209113231993892
0.32768478902181786
2.2096666377100203
2.207235035801552
0.02439256600537809
2.2083412493148433
1.3416081651877463
2.2415177695239503
2.231254411909613
2.226682043727772
2.2485857903449276
2.2069156512074803
-0.16444805431729234
-0.1634157085321279
2.244170352737977
2.2241482467878426
2.2122679506454888
2.167061066059768
2.216533563880576
2.252775427175053
2.2275444501225112
2.2168585609776486
0.2898943620353992
2.234055141197657
-0.14964425053379415
2.1906878093041575
1.010616837180409
2.213593290063428
2.219867752161308
0.814841806240564
2.217652898996814
2.234970161024417
2.2411864055121336
2.239063252123322
2.200803907836871
2.18701566068519
2.240379071088796
2.2162532461551665
2.210692920231734
2.2313974296036783
2.222266951661458
2.2093293690934797
2.2398150958913305
2.2312127770290417
2.2338654437602736
0.3311142743656251
2.210080835691788
2.143439313250432
2.218045699846547
2.2368916752238874
2.1994509310846895
2.204349325164503
2.240725820246444
2.2024799434282847
2.209693802733129
2.236159637383465
2.2570185369964304
2.224919566478707
2.2311278293765646
-0.14997690106042239
2.203965003198279
1.140685831403852
2.2301271785000365
2.25682383794214
2.2484734140419005
0.972667073574328
2.2292178768932267
-0.1632009108009188
0.29114555193124025
0.2917218112435195
2.2168443835188656
2.2119516103021
-0.1500490398594824
0.14947734209009456
2.20512487846761
2.2384334709110325
0.29151060505555415
2.210259698380038
2.2187214470692753
2.202583019503126
2.2313793222391833
2.2355785828470136
0.7252496363441187
2.2115512529587953
2.2420030190147218
2.20955965074081
2.205851854268777
-0.1549271578657707
0.2897697991256503
2.211874522217147
2.228181407697943
2.214311763693705
2.1900411589370905
2.208100503166867
2.236816137272283
2.20644186073166
2.2346136066039133
2.212314277866581
2.2089784468028784
2.24488707104
2.2062939627836347
-0.20936920149970856
2.2336701290521943
2.210926284980498
2.2080285686302963
2.214681128114661
0.011369076513164045
1.3299437409051758
0.6459219929448903
2.240804653483207
0.022027356384225538
2.2205407891615514
2.17098603354603
0.28828053601667886
2.236978328595854
2.204811993169579
0.19047391011955073
2.205338950541603
0.2963690068216721
2.1672756078433837
2.24445247051133
2.2423028495095942
2.2462008292401006
2.1979865398698673
2.192325587140616
2.225469979385721
-0.15864221078710905
2.2016138200384328
2.1641450024693016
2.2332674793071607
0.8387882970215614
2.1943628610164065
2.232251279154625
2.2249880720328266
1.357449515575894
2.2461842627649653
2.208484778662635
1.1913444401344373
2.1988888114350473
2.215564176925188
2.2062669015265763
2.2423797899940623
2.229562375920305
2.2041562959557983
2.2203575262942428
2.2369376295291548
2.2097465608136737
2.210207825365556
2.2093675714010264
2.2169551058086574
2.2308199038549175
2.2138900292644292
0.29461976365437853
0.003724220043957005
-0.16430686777216424
-0.1504655543171833
0.6629135229947323
2.2307206602121203
0.9493874008217034
2.235071794323207
2.237479584677166
2.2517438521480466
2.223905874997307
2.2208957316140294
2.2277609272205803
2.243252432207412
2.1973733059265816
2.237027167951987
2.21093482436562
2.229412719698412
1.286977146389487
2.2113051770751024
2.223884763354615
2.236991065046617
2.2151569581510406
2.24357962142754
2.2364565633869606
2.201726494204805
2.186574644352498
2.2132589756508567
2.2319516982005823
-0.1549548630241635
2.210245311691156
2.2099560369986126
2.2546024542416765
-0.15559485728023517
2.1966904277154464
2.2123176545611276
2.16874877071446
2.2022305484956277
2.2329065100834447
2.188780495615557
2.200429880010092
2.2409330763800366
2.188764178133514
2.207583807998599
-0.20780044230182199
2.2321455213837966
2.2105532708692923
2.229121362042175
2.1971604874045085
2.237399584095776
2.2423192289667164
2.2167589667092678
0.10650320040585994
2.2117740402812283
2.2305448636898517
1.1629825461266845
2.243424289716765
2.1861834488384826
0.3542397528288899
2.186575281989148
2.204780288423863
2.2251635568283907
2.2384421202008715
2.2052741214669225
2.2007694116209686
-0.15433627162400243
2.2502358640308557
0.5236488299452682
2.2349721155274462
2.235220822154132
2.2575631680919015
1.035169038240122
2.2477232833947447
2.24957428695903
2.186636701786575
0.7451084864583483
2.196310607184322
1.0301345475015364
2.201804359345179
0.8211918368808159
2.2216011968289187
0.29049729547152886
2.2095192449443806
2.191260569116509
1.3399330225369912
2.2304995988279988
2.2252302415985223
2.2313641909712
2.236698263494822
2.2090918222076725
2.242664163660598
2.1886787378821086
2.2241191266797857
2.2409481257818626
2.198656634468705
2.219034162887013
2.209725790553789
2.2020955742279735
2.2072665155586817
2.2332786444923047
2.221086179224511
-0.1588748075456209
1.1439791356306241
2.18770498148777
2.2448479156841983
2.2369979470306594
2.194248556325605
2.1696331566132296
0.29629254057082394
0.5357055795504204
2.2528807475033394
2.2365629844099795
2.235463131275678
2.2314942644710243
2.1849707350412153
2.1972643509601926
2.242628874980279
0.02176636297732998
2.2526705472869994
2.2286620083501787
0.29048359216616315
2.2458763577928056
2.216735297364852
0.8779386555706543
-0.15197037538930933
0.4300396388699044
2.2233707069546895
2.191546347814613
2.1603220551166604
-0.15056022474907227
0.17286167686079618
2.1859108083079004
2.210372743883769
2.2162934055484493
2.2184157010864034
2.2219873597578244
2.204731555433742
2.182255231430708
2.2236479858777987
0.569145083039821
2.2343018280918567
1.255436285159699
2.2278613588477008
2.2108452849518963
2.2020304325375726
2.2564744833789057
0.46371179455746875
0.2929638071545838
2.220250262670757
2.2177134805112875
2.21650856774835
2.216720246731935
2.2347840133727352
-0.14919961720771646
2.2092955889240455
1.1865200024386613
2.2442736734495288
2.2018635205523447
-0.1591308585816051
2.2337151039966257
2.223332432271178
2.207768070351854
2.2172738814007573
2.2333278965052834
2.235905967045828
2.2189770602612735
2.2178353864529536
2.218890670650489
0.18414933627995836
2.2423282353988574
2.241758790571525
2.216305620107789
1.0768796622920798
0.29164213643046216
0.8124354668374894
2.211148387091214
0.19392867740518027
2.2048698781647174
2.232770514676229
2.223810991501672
2.213542460875333
2.242032763899461
2.207557788923909
2.231957034975914
2.2092757058667547
2.1786479641589365
2.210029922663962
2.220277556896329
2.1928767730895897
2.1983459283957236
-0.15786562295983653
-0.1617344451214702
0.6298445426068389
2.2243554263735072
2.225995144661036
2.2140196087877744
2.2336742716348286
2.1966116943866876
2.212091304573243
2.2340746169278605
2.2031848218749257
2.206962726204324
2.1947112196896015
2.2454190601776407
-0.028314082005129915
2.1887147133867684
2.1808732851454606
2.21537490932376
2.1988741640628353
2.242819213281531
0.09817479038413053
2.1825526646512436
2.211316287258958
0.2960609064744692
2.223646572829518
2.239597338724887
2.198265903612913
2.2313161925609046
2.2036247037335945
2.2089280314823236
2.2627182385622233
2.209883368246296
2.1916183354801393
0.7166638581028704
2.1470973470507335
2.2255180395909933
2.234179041169598
1.349557553425689
2.207620514562284
2.2376333626458917
2.228968213692066
2.2522189927529617
2.2394714835635767
2.238258758159006
2.223175498476574
2.2382536532706028
0.5091445761415476
2.202454297938974
-0.20773803948772895
2.224694439651513
-0.16187272587495127
2.2333145183013907
2.227226133481935
0.8089377052490727
-0.15872370399978447
2.2320065562132516
2.1810185191275018
2.2173873027587403
2.207068426131138
2.195098354801027
2.2080233813229686
2.2159613271205565
2.1686848832029524
-0.15086508858102596
2.2235161261712655
2.2325741751990305
2.2519467008865304
0.7304534672561702
2.2124865822690842
2.1928888295201303
2.23673042666389
2.1686092079512207
0.2926394554712781
-0.1656018896414776
2.228452838499039
2.2003034373242913
2.2298835375173396
2.209261959422422
2.2069139032774006
2.226212781335003
-0.16181298203158673
2.2363327097313435
2.1953028769878014
1.1275939518095957
2.1982813924665425
0.5023030570403931
2.23831452728115
0.6523423392960414
2.2202071958049525
0.022467892963235425
-0.14996908221087119
-0.20830944335208557
0.2911963391374091
2.1900281268624155
2.216973764013113
2.223575257564379
2.215482556855455
2.2417944763020383
2.216138229750066
2.204838074510633
2.2032965457150326
2.2335720909944214
2.239099310348709
2.241790846753727
2.2073880574367726
2.20867074589849
2.2454826976771063
2.1945184554987094
2.218226749912228
2.215829106901271
2.238886386246085
0.8193440036160125
2.182818543153547
2.2176318131524058
2.214855028756163
0.29396265811296707
2.2061821689692827
2.228363171088506
-0.16072779372594195
2.201252207878893
2.2070848336049456
2.235270680399764
-0.15616219804351972
0.29099115103362927
2.225037670318631
2.18521361982489
-0.1539401572007176
2.208928033800573
2.2338359216938084
2.2292883602912608
2.2229052774967437
2.2202774668400225
2.1957120845840707
2.241181262969627
2.1988328009968345
2.2297096502367193
2.2503334575709735
1.168479485345574
1.1910963399061365
2.252889417991912
2.2253700920355537
2.243874618023787
0.7376409727931913
2.204026218040418
-0.1596931529922896
2.1615463162435296
2.2104371787928443
2.2160302862158936
2.2176118970676457
2.212582522166838
2.214722529267864
2.245585182356465
2.2571551997556476
2.2435117492132424
2.191507262166497
2.2113503948414586
2.190937100616723
2.2197586389980994
2.1879887132718263
2.2290300424424734
2.2337337041936673
0.5371532867065982
2.2360864294504053
-0.16323646956808502
2.2222401253984074
2.246027478178742
2.225599957911106
2.2253942507596665
2.2102943049485404
0.7914382470933098
2.214609394466409
2.2069371374249083
2.209230754471921
2.2210668729044056
2.2305878235822543
2.2239711193224485
2.2504262369752226
2.21003865148878
0.2876057848426892
2.1915586824685858
2.1431933142700226
-0.16142562565808402
2.234930470504506
2.2258976013637124
2.227184447599444
2.2510155681728197
2.244088458321183
2.2067414090063697
2.2488055958764246
2.234072054664714
2.2153382798977903
2.2049637831937403
2.225977998732959
2.214970949533401
0.295570899454906
2.219196800592456
2.2448644659198953
2.2222629107878946
0.014646762053321272
2.233654610894293
2.176761659251617
0.4619167558909269
2.2157844888293274
2.2391067128126414
2.218576746783845
2.2439719366378394
2.233081442333884
2.225785029460032
2.2094858994071944
2.2440563198870107
2.222722974740956
2.18411584552252
2.2517453130353218
2.1904048734236055
2.240517257103217
2.199314911156123
-0.20719893109152268
2.21748485153657
2.202197272881438
2.209979329468439
2.238082504557771
2.2267285018130307
-0.13302854110928175
2.2521772423541924
2.246394944450402
2.2165487930158045
2.1362516360486414
2.1913018639945703
2.2020457932124424
2.2270431664898918
-0.14768848379291996
2.221945966163158
2.178565576853504
0.28726008532770314
2.221832389480544
-0.1606644358696751
1.327531591628127
0.4582416346440555
-0.16096147586811513
2.2031599555446046
2.208580019016609
2.174251889375368
2.2152470794900294
2.2189840769637312
-0.31418012887962327
2.237042029662505
2.1726509186123852
2.2030800437518203
2.195154045031952
2.225160262230088
-0.21080263193917295
2.2053279188064665
2.2076560898296975
0.8937738788006216
2.2560980460984275
2.2384272464293566
0.19086501914882853
2.2192293017100706
2.2186256636027197
2.2475749490444703
2.199836481636591
2.2451285532824827
2.2363988508954984
2.235242896623825
2.2599876776365653
-0.1548487791075786
1.3164670726713428
0.2928740295375655
0.8817636503075623
2.2125416668485993
2.2245164627231873
0.9789601826658255
2.1952355613592203
0.017662648547649262
2.2387679214829683
2.190103419837177
2.226961935394141
2.212504256140729
2.2025085962472963
2.2150452930146183
0.21056207857978326
2.249939362520286
2.2336078767575946
2.20199851351473
2.1693079390385672
2.2064436634987534
2.173601774300163
2.19619902427945
2.2309427384674008
2.160137006521543
2.2247240775247987
0.3076618099773007
2.2080592378024395
2.2111552250405513
2.2178364693529202
2.221044371958901
2.2366958312231158
2.229007826339923
2.2312547340021656
2.2413400750624533
2.1587558889039995
2.2017200720852483
2.2232478655157117
2.2315804690027994
2.204726866067289
2.2065926418268216
2.221993322825276
2.247504684980576
2.235751452854136
2.210961585851751
2.1655964123696663
2.1950855999776167
0.5152793956894719
2.1812283376978883
2.191806639398777
2.2382294486633145
2.229246707818954
2.211483428877057
0.6645652787844436
2.21562494735153
2.251023006910507
2.2050781872585423
2.2306844752029757
-0.15596811036557456
2.2570719160011916
2.2431490157258644
2.235722143348044
-0.16195460323757987
2.184689259658911
2.205792003286209
2.210519340560196
2.2348337034389996
2.2301415655618855
2.237856622004215
1.3441341404884095
2.214805062786784
2.194126563828105
2.2426285742798724
2.1917136319450123
2.215500078559942
2.2178440491790528
-0.15785406050263182
2.217317699628207
2.232152952103026
1.1429424549408298
2.2123798234781646
2.1943098201602
2.2171827452216246
-0.16170772816854467
-0.1584715335693189
2.2154880902675367
2.2225957118837814
2.2174795347209137
2.1944333914233978
0.7287575876806527
1.1814489490284001
2.2096631005572895
2.229403844643246
2.233213588678212
2.2460574942715943
2.208032015236718
2.209420194705032
2.2414417361476646
2.1905923736909854
2.236208735182181
-0.15956738462903441
2.2233229248211743
0.6519623113631234
1.1727453962495913
2.2200915750205845
2.2293632677392354
1.290284365378486
2.215210827519705
2.2006903533113595
2.213414009892074
0.288162915176108
2.2079811095667745
0.16223836587759588
0.30005907863832404
2.245662079124018
2.206556352368385
2.213719812710613
0.47533126799278647
1.1771185140054308
2.217099117565907
2.190948156364474
2.2443215357609425
2.2428666882477932
2.220005921951334
2.2105903742380395
2.1491141950706334
2.2327604294063494
2.2349568882131385
-0.1589094437078039
2.1586852857811842
2.2078810439223124
2.220514821517333
0.28931297139009193
2.2410010796632966
-0.16145138569547196
2.212012770111891
2.1965615296827647
2.222898177328955
2.23857323560802
-0.20840507789516333
2.1963876933814728
2.2571743283583117
2.227851480597018
2.2541445252546226
2.2423877506570333
2.2206668517078008
1.23922730838912
2.183247469081575
-0.15742537912044818
2.203538281663996
-0.1514569314991067
2.2566067538195274
0.8282119082359309
2.204138770571573
2.2258338959551622
0.8602914589879147
-0.14614701422643483
2.232863294458104
1.1680059203943036
2.2300213834786864
2.183194031977545
0.7284148533019348
0.2913528533189632
2.220969398780557
2.1876530746463754
2.239626282789768
2.239086748441309
2.2013973987454754
2.2291405476226753
2.1980710627228985
2.1778710712889637
2.208779077498748
2.1859019517618004
2.176147907608465
2.228728795029796
2.2298930871251894
2.2359417639918373
2.21989581351294
2.217113353998658
2.2009636445131506
0.613558580459408
2.2357889158939654
2.217145051993936
0.19538595474847087
2.218447494532202
0.35612726657850824
-0.1615266587978439
0.20050189785224765
2.228434872994256
2.237542484737194
2.2346769518465357
0.8910879273599193
2.225738518139875
0.5152670645116609
2.1870538141023763
2.220260974861006
2.203673119468078
2.2446892233702
2.22176288867965
2.2353889282197734
2.2065907290086777
2.2575627313906055
0.7144089481582395
2.2192159510007734
2.210138356033732
0.7973416169667701
2.2139304637351227
2.2494826208830827
2.1709521112301924
0.42512006433248567
2.2350875178929797
2.236388774922431
1.0937880635114985
2.2134132691502004
2.1936233139537458
2.209965248814246
2.1979439860899688
2.2199427252160016
2.2519954118311887
2.2262006569850095
2.2300437782168405
2.222997665802762
2.2293501975783574
0.2954253241146317
2.248192232843146
0.01193660833836524
0.1859617668692345
2.213302679519949
2.228372949312279
2.2122790952890607
2.2465923000585466
2.2195830148094986
2.243863751156156
2.2173135141900575
2.1975070288972414
2.243555241717205
2.24078183405037
2.2322445988302855
2.2260333652558257
2.240097155857664
2.1942282772738095
-0.15462982195206737
2.20364640526176
2.1985491881031214
2.2049988030903087
2.206938501776353
2.2242330534226746
2.2123712102347453
2.1873109773173454
0.2959638469261152
2.2166511387639654
2.2247693181854786
2.2124996681534346
2.2408747158940896
2.2295942954210632
2.2083792991400397
2.2241412784622923
2.2261401780045222
2.212524199896899
2.2044823009541554
2.2114932157138805
2.1570589792667603
2.1868427410333453
1.2437149886094652
2.2109904186837044
2.219038233279673
2.243145178721953
2.2590806485406727
2.195742171314082
2.2271512240231797
-0.15088632427522575
2.211049317287171
0.28555148360192134
2.2230926380460203
2.215776548570414
2.2389708342150643
2.2217060684434102
-0.15810965978938307
0.4934180598093697
-0.7139058286229247
0.2919326343697574
0.29328918810964344
2.219337238352647
2.210134597389626
2.202423513072553
2.2409638362558058
2.2279662051564957
2.219684981192513
2.2424169406875385
2.2404808327738377
2.2162642243641564
2.2241890888524867
2.2339098098329124
2.2506803402105637
0.2859834090305288
2.2526479673037456
2.228606482263704
2.1946086281724027
2.225087406866768
2.1769050155140945
2.2310836138146186
2.2206320675075566
2.2121064419803895
-0.16247345098229965
2.2165402461752786
2.1993006354245894
2.209547036303836
0.6427618060524625
2.22907250224452
2.238524363104303
2.192382143328471
2.209116219108648
2.22766073587695
2.217529735932331
-0.21165217599120456
2.1921938317080265
2.233103202730172
2.2103761937966127
0.9954590720864772
2.2295935203087005
2.209847685529976
2.2126989581021776
2.2190427735686065
2.1977254170526814
2.2132538996437354
2.2062389868645234
2.212220653599803
0.370497285749637
-0.13870985678665027
2.2176208629670597
2.1897129145645495
0.2925370895183219
2.188193620598564
2.2561650859745512
0.29376753989818816
2.190707020076835
0.6749642814263659
2.219554049124964
2.236175326241425
0.2943767571685344
2.244791394557294
2.2382169048808604
2.227109308429135
0.29509129529055544
2.2223413874718783
0.5621427153539414
2.2011209948404087
2.1553195699845022
1.311843899173969
2.234707808182921
2.2304248017022856
2.192566910658809
-0.21254491765194963
0.7955607129502857
2.126255554174194
2.2553447929979895
2.2365787482027306
2.217242047196355
2.2051336311601437
2.2149477659175196
0.4126842839341637
0.026719928539099103
2.198904165510413
0.7226011090491792
2.2110751895703302
2.2372747260559156
2.2162529410645764
-0.15603861150076329
2.2337319992327447
2.2497590064603363
2.238136575911947
-0.15470096640745476
2.2098440781145516
2.232363585210644
2.2246396405446616
0.2951760388292739
2.206517696255764
-0.15234048304541978
2.2133461133630314
2.2245033592497494
2.237559778327541
2.197103485215027
2.2205218674159477
2.2399860026958773
2.193287166804879
2.2078817630937406
2.2438296566111786
2.1491075789751193
2.189210798443435
2.2421702036549274
0.1937636408570712
2.1851315318926092
2.216662430399531
2.244599901685628
2.223256164711909
2.2190413362809656
-0.15789056634509163
2.198686984543331
2.2064538578619306
2.2165631384743003
1.1703742904147763
2.2336961818826557
-0.1573343290402317
2.179438391871593
0.29122381747161763
2.2447246077524317
2.2468032120003256
2.2266726779155324
0.30533027288110975
2.2064541953368746
2.2170458223360967
0.7035087419849051
0.2939109061804459
0.8263374628773612
1.0308820705959856
2.2466232863223974
2.186843274067475
0.29565722473122086
2.2164872551959727
2.2476826028014543
2.2408421293728793
2.239254496255824
2.2382874302220968
2.242708067129077
2.2147819322980173
2.2184063736940343
2.2013671125536294
2.232912496696839
2.22533445710498
2.236855485895212
2.2341517205101318
0.08213237026149003
2.2033684913531477
2.183071301705887
2.1849830928853615
2.2328566568364296
2.176321996753149
2.2314812797738264
2.22602521006974
2.212701056894956
2.2247377840065345
0.2947195288456472
2.1683005613661277
2.176964346455293
2.2216172431061962
2.1978566681548366
2.211378497543474
2.193919699168404
2.168661600482355
0.8197790535035626
0.17818764926669772
2.2450802917725214
0.6581604256041217
2.2450050176500014
2.216236946109333
-0.20887524752981157
1.2911881711501392
2.238802487748819
2.2387402476489138
2.1794460919870975
2.2194387286012986
2.207165115170106
2.2200278922923773
2.217888139106023
0.7897646883295626
2.1966769887541906
2.196840392980149
2.223322626837036
2.1760107729843625
2.1987681527396536
2.24508300364376
2.247788142443844
2.1999364524262157
0.2980714556678702
2.2280262951877896
2.2238097153983363
2.2103543880126786
-0.15072751591497752
2.185723104447133
2.2343941942103065
-0.15576178439159044
2.198160719340481
2.2233716228633558
2.2344596654867357
2.2537457780792205
2.2445292588443344
2.2437712731950312
2.2206265852203506
0.2940256546233114
2.2268653969582877
2.2119639827367625
2.2328117765852475
2.216736340800785
2.2110791905439147
2.213123805259778
2.216314611181484
2.2439838442408666
2.1721443920945056
2.2288105189318053
2.2171889011239063
2.201789696124763
2.246830881434592
2.2408100752725613
2.2473881369393953
2.214877798455499
2.2368731804136432
0.2942999467571478
2.21535337529159
2.219907463586754
2.202519893354223
0.29825682397801956
1.2958551998685386
2.2140816246826702
2.2205194768146743
2.2021579315669793
2.223584094443326
2.2540535867433684
2.2027244628226055
2.2349522570110283
2.244564245684597
2.2183046730923865
2.215429395508046
-0.1506945524029935
2.2166366216873143
2.2578244374925727
2.205974644845584
2.224761573772138
2.2246304946904223
2.238883122770003
2.214747504103972
2.2154967481737913
2.2368035402685154
2.2178094559137325
2.212228209891361
2.238476134281087
2.2052048417552284
0.30991614016173097
2.2141519214789094
1.3190785330484454
0.6642435488814901
2.246523812525451
2.2100570406306455
0.5346810424689772
2.2397069105129352
2.205973944079968
2.2042509089869
-0.15367895537761325
-0.15335689848840692
2.2525310974725414
2.201797701352618
2.2056761884777667
2.2061673093463665
2.1985550862504115
2.2006826597212648
2.221645737809513
2.177681666177753
2.2158366213722367
2.2112755993078546
2.227399071413572
2.234429466466589
2.2176163459849687
2.2275025561571677
2.2247906102037796
2.2475920840552304
2.2251680393200637
2.1540722643053547
2.230595208441928
2.2226373362660876
2.23979267209019
2.2511704104202552
-0.15079479924484684
2.244169805185166
2.2149171815296813
2.2193561648920297
2.2440778853719543
2.238346779170255
2.2508962410935434
0.2964369492370228
2.2378838941518753
2.1563702563869223
2.208243727029112
2.209490742539864
2.2290331638044685
0.29148672301823303
1.3173581372199512
2.18612287525709
2.2396743410146085
-0.16032614374662996
2.238852067650381
2.2475695264098787
2.2422813868218627
2.231215116842397
2.234107646787798
2.1691307005481937
2.2402667183835607
1.2738778580588548
2.211501895451717
2.2058852866751795
-0.15509411721896346
0.2945716977607787
2.2273311856549403
2.2298374740874873
1.0063978390620822
0.36283327026668466
2.222887585589457
2.240920489716723
2.220851256013507
2.2500264199639344
2.2464753027428297
0.2911342883285089
2.2409518723075563
2.220439952322682
2.212324014580137
2.1837691363661507
2.2125710895731103
2.2327871592247246
0.015322915184933616
0.9566762446320959
2.229613125917755
2.2475465614393526
2.239965686736395
2.2396629580525262
2.1975451923633402
2.219110404808912
2.2299916173988343
1.3439838426787654
2.2205203170259797
0.8701002802579957
2.2026483676086324
2.2314767303494936
0.00672427359245098
1.281021476794259
2.207135190116282
2.182239018271714
2.148600190740088
2.2425006139119166
2.239473040067282
-0.1628087135257226
2.2508829551476297
2.21418673931926
2.208830736901811
2.2410442315122374
2.1505650009699906
2.21693938624722
2.1624870929647573
2.21352007302522
2.25607473516677
2.2157861067339346
2.24870909195326
2.211479289983868
2.217577342826746
2.1994206104795087
2.2333718944584686
2.22776919590315
2.225916441996654
2.23801631050112
2.2252687242922984
2.2415898735464683
2.216739811292399
2.2068486405322716
2.216601642711611
2.217244145563124
2.2346556920866827
2.210994815470048
2.240284009280601
2.2130733873691275
2.218809951100506
0.5310295183808547
-0.15669018896933626
0.7282551867928965
2.2222876227105237
1.2899008070440978
2.1759916516456976
2.2554808671141253
-0.1641996450179069
2.1938846854212524
2.243342599527943
2.2111055323741566
2.241504225843731
2.2166503078295494
2.2250525254416296
2.232782662813843
2.2075912657804375
2.2136951985066657
2.1849947783100836
2.236348727064128
2.234559247862209
2.2041129097251924
2.186892537295801
0.30270884222845423
0.38865906041146125
2.226810620065979
2.2270810011910944
1.2661614594881456
2.216039570014469
2.2341437652986924
2.219149381418519
2.2236910461048676
0.9046684562303131
2.2146764460662265
2.2043618265306257
2.234256655126546
0.29257750251304654
2.245492653119551
2.199052546011529
2.2111887758707756
2.2085458665126216
2.171655590223851
2.1932910633611296
2.201708004659669
-0.3087581790062899
2.1739740097489206
2.230949953158606
2.2041361376592894
0.010802616084715
2.2413993998399677
2.2274161841403455
0.6295490839133089
2.1963557462709984
1.3019839162829432
2.2399782568624627
2.239871298070515
2.218913376298784
0.292340910578177
2.2349272774354363
2.210657596014384
2.224952552824328
2.1832567449394307
2.231023821044831
0.2973625876123708
0.2913396365540437
2.202254408703144
2.2490577106291947
2.211913902526784
2.2129392855863825
2.241297419042305
2.2418481662410223
2.219693868862848
2.2247877658394897
0.4588754830759276
2.1991810865407952
2.2381548903686133
2.2212285592526584
2.246378110402971
1.354926078781697
2.2437871255160085
2.197097734801299
2.2580679475899066
2.2082956878824245
2.2139478654697395
2.236362995223913
2.211327123939607
2.2383220376136306
2.2202168252486523
2.2236224589274323
2.21205152220011
2.230150481694844
2.1986024993168978
0.2862448740470845
2.1931791319522684
2.2127407859197983
2.2168661163484096
2.2297219012954277
2.2233363988581543
2.235412354373241
2.2078774677014583
0.007360089493731015
2.24116695434335
2.1929663900606515
2.2204305797473958
2.1742431277226024
2.236870028260463
2.223257420692188
2.1566969178491027
2.2017244769067865
2.210238417988573
2.2068255543430646
2.2174946795912343
2.243043866799952
2.227988446108756
2.229608788340705
-0.15355305586180612
2.2468666619696505
2.201046955548629
2.228445827024062
2.2154656710898335
2.2161113439397564
2.202155185383054
2.228076153138753
2.229862313311634
2.1889007872868183
2.220605088052692
2.2344140614514933
0.13954564253503632
2.2168404822090597
-0.159961474130641
2.2276642740439945
2.2279633089152138
2.2420034491003267
0.28953834101997733
2.2223731899243964
2.2036443777920462
2.1905381996978606
2.2064424244005263
2.1824563153823453
2.22503522408372
2.2227585828600773
2.2385791584473482
2.2007643278043547
0.19272802278852297
2.2108894508743533
2.159902803341588
2.18924049409376
2.2144532093637372
1.076650593124001
2.222903398528929
2.2320032357116815
0.16100541461918855
2.2064877869394053
2.236070708970643
2.2082080870091008
2.2284436572751978
2.2029459044517914
2.1985740486017207
2.1664474791795834
2.244975881222129
0.5032290009274862
2.2218106846049057
2.224274650209037
2.2492106659078437
2.234744202886242
2.1975273193573694
2.22374612207825
2.2102917449044592
2.241399966883192
2.1932240594743897
2.2319506573986
2.2255427226817925
2.230031156580941
2.2085054579151735
2.227001568166788
0.29084722710585187
2.206680681367171
2.200941314105534
2.214370995897686
2.2054907336218044
0.3206968725368507
2.213110166514657
2.242962576883712
2.2172041151933373
2.2341833588587394
2.24321007661631
-0.1533361690742441
2.15634310170405
2.2150331080775745
2.2403392395955017
2.238265315884469
2.2264403849686634
2.224843612787137
2.2252844381604677
2.2424013017274635
2.224055630389141
-0.1524621793409285
2.206406588326789
2.2211707677755896
2.2455562062295495
2.2232985865399515
2.24454023860312
-0.15508545829265274
0.9002885996575858
1.1682338621600938
2.2217500625433066
2.213588551997102
0.3544015686312014
1.25418006249896
0.3528346724484005
-0.1535223590556528
2.2410676828139704
2.2393940781504504
2.2080187572037797
2.2413696048993117
2.1976539768785193
2.2054608641322613
2.21331660598986
2.212727910493319
-0.15270332790994767
2.2153442077169334
2.2402475781290754
2.1869027628539865
2.237886196209546
2.241398100960245
2.216021602863311
2.238518603570098
2.2066398815328485
2.2399576456756067
2.2481961730862374
2.22644664269182
2.20947448378415
2.2050593027890244
2.226418931193027
2.2256481949881968
0.8087025902233461
2.244909266377156
1.331888677115412
2.2126595411798577
2.2237253260295393
2.202432677026501
2.2171766738769136
2.1944164413245106
2.2341319515762565
2.2032834487592394
2.229189777075214
2.2310955675026705
2.2417913537202976
2.2083437476002477
2.2350272635151893
2.2002008469587855
2.2361968535894556
2.206801973417198
2.223902779176106
2.225816132372861
2.213640969628017
2.2449983761064702
2.2461086364004386
0.19313569781633733
2.222222000155261
-0.15798073699754997
2.219172367778996
2.2174228238864986
2.1882041703823623
2.196704156406462
2.1304933603612985
2.2342159386212614
2.2448426863324884
2.2071984674130456
2.23604293347841
2.20080848316283
2.240402725797737
2.183129259314285
2.2325163632445304
2.207758325917273
-0.1526066191820537
2.217014963176821
-0.15919540036777843
2.2435582200784205
2.239325513022199
0.2423677859474303
2.2094846529755294
2.1869453062761206
2.2380828325139817
2.2380958575924472
2.228243430294606
1.1770999904402515
2.203980849723882
2.195527939760837
2.2226678340311716
2.181374141751134
2.2087742434917064
2.213610941623898
2.176663384798861
0.3609423050131301
2.2135936351476353
2.2261277078709725
2.204422987331759
0.18419474555733062
2.235637124532575
0.3092735809908058
0.38171667460133857
2.2137615719778774
2.2442465733292467
-0.1601868308067895
2.2343705834126166
2.216294305697395
2.231917469408315
2.2128421673727208
2.237745458720042
2.2329545507268476
2.2389944171262934
2.191070157746287
2.2174182251483057
2.2294473779329294
2.2400667307279605
2.2133169915866397
2.2070464075825105
-0.16350527930935596
2.246938428156224
2.2415863258738185
0.2945478056015608
2.2187340624948493
2.2145163069307268
2.223648511966827
2.214276585157156
2.233332440665559
2.227422890232451
2.197889509007352
2.212498884028897
2.215869837052387
2.234832781689774
2.2021974206685666
2.227288146997764
2.2454250977234933
1.3474625843527184
2.229628539349156
2.2241287036339994
2.211481773667482
2.2167716412775325
2.199842955542123
0.28569423926843995
2.237050637068916
0.2917847150641475
2.245018731681505
0.7046298891643141
2.235639686846515
2.2142645017086267
2.2330724536552014
2.227919700437173
2.2386042389633163
2.2531071421606796
2.232768276574409
2.2176397037139677
2.204811581125887
2.1959127292958303
2.161289278673353
0.37153759294132516
2.2204847034426876
2.177947127183569
2.2270790265402116
2.2396282084580417
-0.15075215290384622
2.1955357479450885
2.2296727113589525
2.219711794958629
2.198816047770994
2.2427435311577355
2.208343330705258
2.231835094271756
2.239420468898532
2.2398583110750554
2.24687199432361
2.206586802687954
2.2565490090957523
2.2167406817159794
0.31913730239730687
0.983300450150093
2.192233130462527
2.1970907082742306
2.1965739613872532
2.247177994179016
2.2288023326677404
-0.15119997980087913
2.211254403482749
2.2379198896269754
2.2454877050392232
2.221148718652529
2.240684117228581
2.249886963223444
2.238059925124754
-0.14931858754479108
2.173359017320845
2.222964512734634
2.2374757404766714
2.185594180802157
2.20162715998233
0.010239335037539099
2.2373041729260437
2.1708052245927156
2.2365230758377246
2.238525700567658
2.2250837298063413
2.2341646477313537
0.34879319403908654
2.218104584817243
2.236155591208895
2.2165244956536663
2.238809590907869
2.2002556685522325
1.0947430615784812
0.7273199902373355
2.207779719535425
2.1985547359610735
2.214877140900402
2.1665243587195855
0.3671929261617193
2.2127099562529837
2.1964134979659646
2.2219468614873903
2.215247014635353
2.2234791459530103
2.235884321208516
2.2283680624627724
2.2549845384185367
2.2132973903487008
2.2099087683022356
-0.16185832739804415
0.2971481023422216
2.2098494561015016
0.36933238714364447
2.1704470435289185
2.204434375751544
2.235689201560744
0.9966851207388286
2.1818687992951684
0.982589344033614
2.1947621740308176
2.2256434392754603
2.2339925628506663
0.2920233322172994
2.2344772239243778
2.212632116240407
2.2400293831116183
2.233198022921333
2.2486627906189036
2.2201214196718047
2.250920117173303
2.2194069123838323
2.210285661014389
2.2124313965141145
1.000766431824265
2.2177889944643274
2.2117614696549723
1.115939600700413
2.2370615629578596
0.2926843789854712
2.239724266432218
-0.15774640872207174
2.2199513129210775
2.207720047604961
2.170204603253441
2.222290393281922
2.2016243219389446
0.29372856036229
2.233830480234229
2.2369684158005327
0.8193588508713875
2.209905355663617
2.2298934802251114
2.215668574753452
2.237608359993877
2.2197284286627115
-0.15731067169519292
2.2322312660728514
2.2411975118226435
2.2412972537009357
2.2205681412566776
2.22003039362749
2.2093276812927556
2.2456523425266544
2.2319567183083686
2.2272536192264463
0.21609106550465498
2.2069416877965726
2.2411939483062238
2.2299029791474463
1.1947531145640014
2.234464714200963
2.195556736755579
2.2401113172067038
2.200346337479747
2.237649539074032
2.2283640628635153
0.8398735120758415
2.234195820006221
2.2246147264948313
2.2258008707268018
-0.15704254290697198
2.2015950385428096
2.2398300236160873
2.2233693200232993
2.2363847269867785
2.25035100071345
2.1794389146281112
2.206901223282628
2.1954585124919737
2.228678135449707
2.228821936728318
2.23183632653042
2.2123780186633852
2.2196505254654473
2.1929893334930015
-0.16241938542055104
2.2281481344685883
2.220312463467214
-0.1596698117384843
2.23907638952905
2.2372577503982916
2.2432950591544962
2.235564328117278
2.2208762090924683
2.233268304893184
2.244000718995193
2.2367398099335483
0.880550259443232
2.1863877315105826
2.235561771912315
2.1887939667513194
2.1962658484133977
2.2402333981907607
2.2144087000172394
2.235956557181943
2.2055144315114816
2.177379075271502
2.2026123011956398
2.1858058363863653
2.2048022235124622
2.2360894207614455
2.2222123676409677
2.17532703815084
2.198998827328567
2.218913717521449
2.1806627909368994
2.1897720659013507
2.233912249998509
2.2183145567461624
2.2318747227319546
2.242404523489435
2.2385030810410083
2.2397281400199684
0.17468691883032467
2.2336315624735095
-0.16044791285168192
2.2183144419296346
2.2306287389290076
2.200168992962462
2.2344898121711907
1.3241674558848837
2.2004125714698906
0.2080364016384475
2.179892778823705
1.1089318059856321
2.20621608726002
2.209323943763288
0.39824510557444914
2.2289815973620417
2.2377735705168886
2.2171214295053283
2.2305532207999486
0.47239915376417485
-0.16196289916227335
2.1870065054389842
2.2289887867420917
2.217443946010575
1.3469645095617375
2.249483730313664
2.230039824543507
2.221169526347764
0.7862506546382132
2.1999431740326374
2.2321545416251567
2.2248741407492094
2.230637140881252
2.233653525091687
2.2226176725401148
2.223156207933224
2.217851391500906
2.2104168019893256
2.2101625040908894
2.222066064227
2.2018680214319364
0.013908183909303928
2.1937195161719325
2.2028588300223615
2.249071636422232
2.2105448720195877
2.2136642781246705
2.232698446461766
2.217948194856072
1.211585360742341
2.2460307045000976
2.2423124333908167
2.2048357903538665
2.254836500862645
2.2457237146972426
0.2911144204249003
2.2438051147614457
2.201621205262711
2.2242450722167026
-0.14954315490845466
2.2403051018322904
2.2251641564192886
2.2026045747837566
2.2455584823229
2.202990243952138
2.2197525780318315
2.2395586016932634
0.8465881637953415
2.1910962457108085
2.2330048866526697
2.196273729567433
2.181893419732054
-0.20937253087043192
2.2130089217571194
2.2300073721547857
2.2317808826059027
2.233700721573503
2.23739305460007
2.191986924944457
2.243338071328597
2.2155038661762205
-0.03616159479413761
2.2418718234600292
-0.66378533173186
1.3420880692452892
2.251071633255028
1.367984308911309
2.211478642325249
2.2120878580910333
2.2005053573964277
2.235664231948184
2.236280208893385
2.223757364637466
2.216693281403154
0.48517665637334173
0.8193036094677218
2.253118319767788
2.2326591071915143
2.213240843817082
0.183483842850245
2.218738578775042
2.2240742903241255
2.2197755820816214
2.2059065613017586
2.187896146239435
2.198324548075252
2.2249553665805717
2.1934281325187257
2.1858305164526675
2.2124726780382016
2.2312593041968176
2.228605889013176
2.227162337480329
2.20016844929198
2.2486438253602694
2.191761732770763
2.2089106420148914
0.2720280906955111
0.2944797505982226
2.2135383735611462
0.2916853130373129
2.2175505634435204
0.29568990839307313
2.217383750962724
2.2202833107887887
2.212024985860624
2.2366998942179315
2.191868488433239
2.2246199270956897
2.2037807067298942
2.1706507827030856
-0.15879888032070527
1.1718291322019982
2.222007590902545
2.2148350564150756
0.8938537430609022
2.1995859575881234
-0.16108463434135886
2.220482577315615
2.2081637895860546
2.209100993460444
2.2031565062950538
0.4625099737337268
2.210302072532697
2.2130523406400275
2.227806104657052
2.228955051706546
2.236621261775942
2.251026854517785
2.237512791097573
2.217066466491458
2.210297507118304
2.227738842411146
2.2304238033501362
2.21094307502478
2.2314937718174215
0.8122859948695089
2.246122961464374
2.202784176315851
2.201728319427948
0.37410060672942413
2.2222512991502303
2.2158173802104035
2.2352749608105618
2.239611147760149
2.234160592937837
2.22522621216037
0.973279458452276
-0.1503063226952136
2.228526504768733
2.2031639278359196
2.1877276986487795
2.2376814170064927
2.2236842627499627
2.226014847060944
2.19023917178381
2.239414958228135
2.166585219746482
2.2241375888872343
2.210075148174474
2.2028687794596293
2.2369249537117866
2.235365128215091
2.2178331944083824
1.0834092710732908
2.203119783577337
0.37494382870840276
2.19872525402765
2.1734969059634217
2.191892213025441
2.2273215757279647
2.2025112130454993
2.2214944158971397
2.212769483785153
2.2322830385138785
2.216812556358633
2.2346819198171186
2.2382938454497787
2.2074598182862526
2.2148797552744863
2.230770957733635
2.2195325470976024
2.185952723319745
2.236226780694036
0.91718565931178
2.236317349608969
2.2230751290934525
2.24204407987763
1.3182018900774901
2.2270351492442724
2.225637769453999
2.2359611872204086
2.2369424012890717
1.358286578471814
2.214231812066552
2.2154594879223923
2.22303660278906
2.2394634123544606
2.241825730205731
2.2038854425667638
2.2206713370382607
2.242687493987553
2.2200465522361696
2.2102196684216247
2.2579034838311745
2.2100971498054722
2.1651724087844895
2.2309394252767474
2.233495227226159
2.2516144416287727
2.2148199399864272
2.2171400967565438
2.230064868599624
2.205646523078274
2.2469220546187305
2.2148496740383896
2.233056605114458
2.2508912237236824
1.3364954967466411
2.240577811069748
2.198880280715046
2.2243369262698605
2.23700988152503
2.2365043148173163
0.29282107281613245
2.1957463973034255
0.2973217354854926
2.2516468209858154
2.222840517345258
2.2137031767630027
2.2457886560583287
2.241417349095623
2.243392405783271
0.2019757056597204
2.2267002473796005
2.24847832781397
2.240712142632506
2.220175675354926
2.2258436284977123
1.2042829224254292
2.236988878605297
0.29567166303827724
2.223946840438626
2.2112896030188125
2.246283058072718
2.2373964374347723
2.2329842574362573
2.21045656791144
0.2898873140209782
2.2462938608704563
2.2151687513899816
2.230711916416218
2.242431831909735
2.1876094204739163
2.2364990019193893
1.198867647327165
2.172017346924117
2.240115521171075
2.238224549077911
2.223808116380483
2.2283423324250515
1.0004725051012309
2.227728129486434
2.25617834093712
2.19211570879111
2.2010158066581846
2.2291624915431787
2.2334577949670282
2.2318146582317047
2.19597787991706
2.219804450902693
2.239126411903327
0.4942193906535899
1.2339368718096553
2.2046010359749295
2.2217596098391827
2.2310388410728486
2.240044257405617
2.2383345206297443
2.197343287217384
2.2362713575374524
2.2061891314671827
2.2285168065608776
2.23516307325807
2.217523422140246
2.208415264164894
2.2391375443612054
2.205646101793249
2.2185752793958122
2.224770878398158
0.3171549147114276
2.2188839339109205
0.8074496743281893
2.2056713396550687
0.29409046702116615
2.239660984922251
2.2395964564193616
2.242784123439125
2.2472946899969726
2.172846476778992
2.2217096816868063
2.2132782588311866
2.222870570880311
2.2194313922842657
2.2422516076583725
2.202239730226397
2.2094996019610362
2.1912646567943543
2.1878795686307555
-0.20604261227064447
2.231881037144067
1.1287957797941834
1.219170679856024
2.2516095860026324
2.208584674937648
-0.14859426585144225
2.2211077103740915
2.2217572935415633
2.2057388925450074
2.2379548139392735
2.2076694187880017
2.2437891265652525
2.204962119485051
2.202466088766397
2.2166556268817885
2.2302577132722154
2.2101935546388445
2.219577102057423
-0.15677074685580303
2.2254608315712163
2.2113153713482157
2.2361259304215464
2.1873993091939963
2.224422126407693
0.294380097255608
2.2448128486872383
0.704687807006174
2.248972804006361
2.2477385309643045
2.227105979412169
2.2090045377870644
2.195904588064308
2.229088771033619
2.1995928360804777
2.248130686368232
2.2195764383402787
2.255419580926765
2.181645421409633
2.24109381880321
0.09769528847418937
2.2179245813621833
2.2019833813947534
2.2065957043559847
2.2142458388245263
2.1843152458654402
2.2179044832759383
2.2055990832461467
1.1430443676238373
2.192077942896403
-0.15783519077089342
2.2237675339945904
1.3205578538345786
2.204651035189901
2.2102469177518564
0.4967523654656999
2.2197496552020968
2.18234813655145
2.250157408174542
2.2274928419220656
2.1945308248472575
2.2485537614150677
-0.16185990872879208
2.2320481073415204
2.2092844600080603
2.248228543747386
2.210462831701374
0.05256416159382746
2.2195748917717464
2.213283497546347
2.235039088662319
-0.21173631204901128
0.29457703104444977
2.232340452211931
2.1848920359038377
0.20574216890677735
2.2120628892323415
2.220571252198243
2.224922913156078
2.2529911527004076
2.240256309758718
2.1962316157269117
2.2417986047933325
2.246610333351081
2.2423841002648053
2.146936807246603
2.240393430270552
2.2446310455378162
0.29162672269696666
2.2381412916335948
2.21011033060406
2.2543374165249728
2.245799672281848
-0.1590579633142527
2.239328687954612
2.201803990747563
2.1918109862585453
2.243253872127167
2.2028357056686856
2.2379229596120425
-0.15350952410136315
0.4334963141882422
2.2267000542737048
2.2223093969422214
2.2152175699949423
2.215552622505565
2.2370375553839392
2.2125882894984956
2.2218855232580306
-0.1554334681696125
1.320242091619185
2.2185174227608426
1.1605198543733317
2.242135951673087
2.237785585321455
2.165302004105645
2.2190342081230803
2.231086145927984
2.219824793849302
0.292602370161974
2.2021023775355584
0.6432756720686439
2.221387084427155
2.2017916309318744
1.2439696396163074
2.2168792782479607
2.2278910225308657
2.2157849736200053
2.2102593354191162
2.238847934526323
2.1789509857304314
0.6440745269258115
2.227366963661539
2.2293965605606507
2.2104010920469195
2.2438328676177455
2.2340020953570843
0.5038148908009992
2.247066614026073
2.2368245418937858
2.2309862242677405
2.1742974618281083
2.2418188742494096
0.2901948747233758
2.222342272515749
2.242831373033856
0.16417775105230115
2.238106666504752
2.212526149071134
2.2251913402085988
-0.154293376643549
2.2218532182073476
2.2396675151512047
-0.20833189210093794
1.3064431017745253
0.8255976251914104
2.2439918088134574
2.231673805606679
1.3167457666485927
2.192764251008585
2.2268819915084497
2.1918161580047175
2.23912877716328
2.2527920631276324
2.2188439724884654
2.1920407543128433
2.245434850944148
2.204020195173941
2.241614433799464
2.2164559656171865
2.2164395487834736
2.2096391300608045
2.2051842527053953
2.229429964835024
2.249037682406813
2.2230749895971487
2.2195801287656804
2.204836539491745
0.6476968048731102
2.2209982752991078
-0.15910467917439466
1.3345781433735955
2.2168150230641483
2.239361316470052
2.1887373619551567
2.2351735070609378
2.197031932899617
2.237763984409342
-0.16573366864374828
2.2339984812994214
2.212098223605441
0.13735917115053942
2.2283073647992797
2.228046818769252
2.2300801198595686
2.1924500666567175
2.240242971421789
2.1920692486968414
2.238630081834009
0.5337110557599685
2.216772145043988
0.5606187507868401
2.21167866365207
2.234075446519065
2.232027569840007
2.2272619035641723
2.2386964568136505
0.0270275223957461
2.1984877195616015
2.2355581625427767
2.2215422614049647
0.652093430536632
0.027454830183036516
2.1848163681389696
2.226724538491836
2.231578572244403
2.192123194453696
0.5414665631206815
2.2176177261324312
2.2145775348859305
2.229248396182144
2.1978649275125925
0.17756302213280284
2.2208665307613966
2.2109654626638937
2.2387100117134393
2.224381784228387
2.2427230916675356
2.2415289175297577
2.2275702011742102
2.232355488405317
2.236382672181606
2.2457020675612815
2.249284074702671
2.2333229191718917
2.223072505031154
2.202765267614972
2.1763359051490268
2.253255614498534
-0.15026350670547303
0.6309752582826301
2.229097350171774
2.2215708468126643
2.2111104310464924
2.2240124515234614
2.2219644870681416
2.2134238153231633
2.2489354906205183
2.208766561049481
2.204296695682337
2.2378493186280757
2.2223084078624438
2.2351239558530747
2.2053190533079854
2.2160132817627387
2.230336122934508
0.9636066896329434
2.2247478003424384
2.21457405228451
2.233257736714169
2.222866179296157
2.2349803774576555
0.365399884118416
2.1841354447578487
2.208652101927872
2.226553766387613
2.230583138994589
2.240449876455216
2.238741346678666
2.211296513454725
2.2168575801030723
2.1926600300631125
2.2284801314008833
2.238040483959096
1.3364975445703209
-0.1570118393286687
0.28854902223437856
2.220357372568018
2.238710368233926
2.2025850885114324
2.231692832229906
2.232940847825517
2.180636793689554
2.179039970865352
2.201658001017832
0.46507042143347094
1.3076152714733245
2.230132396567144
2.2361217745422133
2.218136491939347
2.2307406905358973
2.2068401248519525
2.2248726832465233
2.216757386929503
2.2189953443246457
2.199475131381209
2.252186329262182
2.224787939012674
2.207084544664382
2.164286517962564
2.168630367711268
2.2334073896394706
2.2119447287280054
2.228880619511875
-0.15030830331748177
2.237896435344573
2.21689978936048
2.2397596011073015
2.235180391727468
2.2132662841076316
2.2123386343057843
2.2256373518590387
2.232708221652253
2.2428915866913126
2.2377227007660148
2.2307775885464944
-0.15758432997751176
0.8367777898895853
2.16296120516103
2.2207356068097814
2.2193517047750193
2.235559674287322
2.236177217513372
2.256629242496004
2.2167611803839957
2.2448519428270783
2.225902149736531
2.1867235686873148
2.2192626139371856
2.228776862641322
2.2441620626553958
2.145802468931926
2.197902063061405
1.187520627883942
2.1835004758525316
-0.15219547327829738
2.232680385440118
1.0406395354201774
2.1930226695118242
2.1731099756536763
2.213728991327064
2.243133196818335
2.1999036159831595
2.2478820876767154
2.2131990824736443
2.238002993063077
-0.1606240916928241
2.217037789402495
2.203960306362111
2.228118412508368
2.2261073549947734
2.2429596098991254
2.2111311648747027
2.1656350721778
2.2449502912931316
2.2162283652923067
0.08696677707477932
1.1835979392521185
2.195647826261956
2.227884604167948
2.244629466641029
2.2413136135112195
2.1876850327494757
2.2248965532551805
2.233733124944946
2.202871884781807
0.2919105531135606
2.21879153084935
2.212504226826179
0.2943653734370787
2.2233869292771304
2.198904507813563
2.1756056015715917
2.2280029132711614
2.218540589673698
2.2299185811135067
2.2333528832931364
2.210930286105655
2.2237132009822944
2.1964975431473857
2.203128698233365
1.1464420383646652
2.2376548100862
2.2094917866509665
2.225970854220594
2.222244548924421
1.0671195351759803
2.236455199643426
0.29401027166093474
2.226294194432852
0.009491673680274204
2.203447817309464
2.2471920620566115
2.2124211751192866
2.2484231977636258
2.231343840862094
2.222814599107218
2.2500894485651894
2.244432076706163
2.2362617898904804
2.2306974431268887
2.2149858777253355
2.2437642625101972
2.243165351286832
2.22607784345385
2.217019562390288
0.7188854820589483
2.21729165744396
2.20558564354472
2.246293191668026
2.201071997363285
2.1753698083221726
2.2289080640099357
0.3628020155369279
0.815654131932979
2.213463261311011
2.2094562189035516
2.2468799002942896
0.8547101587834318
2.227228543450084
2.2522712754598464
0.2948864226302335
2.208245048750025
0.18562577440591355
2.2412885404181297
2.2364538346622593
2.213340421970039
0.019363281139612
2.2298394085408857
2.2157770207176197
2.1979524645337127
2.2139021234967418
2.242751032501789
2.20639073538248
2.1940708988485698
2.2165062150602988
2.1845753628347553
2.221602464285474
0.28978978949549344
2.2521453876807245
2.2254235473449606
-0.15517216903644404
2.2463585073411965
2.233288065607451
2.173929637774383
2.2119272951360873
-0.16307434216240324
2.2228486773875353
2.236411373220124
1.2979770495808864
2.19332675281629
2.1958155849291563
2.2432879761704836
2.230143631693358
0.7305764583682985
-0.2091832514570619
2.2455654063749226
2.2158004693435167
2.2042695826873366
2.218616970788493
0.2507788061986733
2.2372857402297246
2.228417134395096
2.2071066962089745
-0.1535507498472049
2.2337291721196775
2.181649570268898
2.219688356282819
2.2415687172262757
2.2426386996688636
2.1940817930896794
2.250795600304922
2.212300274992541
2.2027649495405326
2.2133147880551354
2.215548368651053
2.186356501063697
2.232653490640939
1.1929339032950081
2.2438081772727534
2.203088952670801
2.2423865811329793
0.67274599488197
2.2265493599314268
2.2284244440282857
2.2359722968408513
2.2137909396243374
2.217259812670169
2.207351151088594
2.2104448580528353
2.239577514386797
2.205336245315629
2.2458876206558323
2.2560851081352795
0.8901641772800777
0.2983065176018838
2.2486508288823006
2.21259896561744
2.2102636208477127
2.248235340921643
0.01692430504525444
2.1920542499866222
2.238117605711932
2.2501141007803067
2.2065262690338323
0.27054766819862763
2.245944106706911
2.2349151583387066
0.37047526965872113
2.2178164840933987
2.2477245063579487
2.240677032346139
2.228231803074472
2.2378707727550475
-0.1499905996877206
2.209310899572131
2.222366679220344
2.2252380500913205
2.235728253414533
2.2403402212783314
2.221976544582303
2.222415498023884
0.7179041346352237
2.1869932684112077
2.233361079367975
-0.6592390359087242
0.29023151183236884
-0.15616861218031164
2.185477136914925
-0.15489227165973393
0.028586511601886022
2.2304741015902327
2.2113966772440348
2.2485932029623212
2.2391862618734693
2.207281181905274
2.2344982197017167
2.220001517090879
-0.15298386535759348
2.236757546169554
2.2392048051769935
2.222647722346571
2.2382825302206975
2.190344764018555
2.2453898297034707
2.2398372783762786
2.2087133587216887
0.7208286251485749
-0.15857452528705074
0.31670100826138187
2.2320068384707374
2.183279350246633
2.2207056986469134
2.2357138856008083
2.2149654236891614
2.243692699715823
2.2303644110476313
2.2495284395302706
2.237741145994286
2.2236049444208703
0.7277134863585086
0.927530610392745
2.206584849320697
2.242700001258427
2.1961363836160395
2.236536114752378
1.1780273395802245
2.2428865636366306
2.1853850369146004
-0.16369096538871453
2.22296847299021
2.2209112490465013
2.1854444751015922
2.2349058032479103
2.2167195848233083
2.2228453362789518
2.24344793929425
2.234683237216212
2.2228356756377545
2.2180722710578893
2.227150502557052
2.219889734464042
2.234850727025247
2.2403479256523156
2.223101350941933
2.2471788274517994
2.2382403148209
2.2211434435869606
-0.15893660941792642
-0.15340376512011616
0.2969926027179569
2.234374580772336
2.1940661378241124
2.223747293272411
2.232225409996074
2.2320774935600163
2.2210912651102666
2.231712391919081
2.2453151646169633
-0.15396140745425213
2.2302642584952785
2.21969850317374
2.23463881471322
2.2200065811518948
2.215713498190501
2.2326937741316524
2.224789622620494
2.2157503410738584
2.250459675097941
2.196671058514765
2.206024029887929
2.2194413800631354
0.35240950116441294
2.241075893850195
0.8204846007346325
2.226678667629476
2.2179698730042308
2.220642560245685
2.2323687284687175
2.2193441940618857
2.2151698017122294
2.2373222309870124
2.2414016430879333
2.248786485955591
2.2120981283395205
2.2170816856344904
2.190639844743659
0.8984678392030053
2.2436539968224003
2.1993459805343303
2.203316345350316
2.202310435432661
2.2112570267702103
2.2188766026061106
1.1673109970785915
2.2346980672928574
2.2028081545256315
2.2069004012603526
2.2300231160949995
2.2271922299311497
2.2332511122447105
1.3350783720162571
2.2384563839766125
2.185198831764293
2.2488714149771023
0.29412502500137105
2.224313525142109
2.251637894970146
2.2387000652409768
0.4475306753385954
-0.1496431928674885
2.2214394473230863
2.234699317327478
2.2442685328042797
2.2548973196471023
2.215631065691593
2.2442402417278347
2.2447940846196928
2.249435160399696
2.23740251808501
2.2199183857145592
2.2036914885443006
2.2396717960994517
2.2442607710174545
0.5547862928991856
2.199437475521108
2.2319184525201186
2.2027051303416654
2.2194054687348856
0.3056604301417907
2.20436451704954
2.2209413492077115
2.2374730684839452
2.1679337270875028
2.2260185498180043
2.245136041058177
2.2396514233902014
2.2304169795556525
2.246386156924289
2.2355748477399677
2.2280903557532192
0.46656655542389236
2.210842673638123
2.2191823296868605
2.210059074509562
2.242895378019841
2.16628934634515
2.2128826708737463
0.017349297597361535
1.3150743330142611
2.188173147267065
2.222222677468089
2.2341891253513024
2.2114686763157945
2.210590476902964
2.228143422513144
2.241667207438032
2.196919916404789
2.2294185020104824
2.230199481134876
0.8652709056323935
2.232153728547997
2.227567999038439
2.225716780448636
2.2513936185781342
2.223795092296401
2.239442004266448
2.243394373031377
2.2484985599545064
0.5290084574392888
2.2547013771879527
2.2295131219440414
2.225516471209633
2.201840695152184
2.2173511705653217
2.2051652247245115
2.2354568461439337
0.3669562194535775
2.241045890513713
2.213661007436764
2.2227733904726756
0.2939805691237094
2.2065741663970457
2.1883659825560535
2.243786930142432
2.2261090613877297
2.2221352250427278
2.2123433498970915
0.016761138218327698
2.211007485685533
2.2007004157932117
2.2058014537576973
0.288739787097269
2.208202717174359
2.184192273265095
2.2103739401346694
2.217476096578026
0.29731654601393764
2.2215740903142747
2.1719537792720374
2.2172440362595003
2.188390766752559
2.2441384091213505
2.1893975293402006
2.2393726649535064
2.2223397802075526
2.234955519373421
2.2598132950159293
2.2179273122376073
2.247519061990765
2.2201765908445985
2.2096557290526677
2.2089980054249456
2.1666375290334097
2.208629006189658
2.2214510805931678
2.2111675581173778
2.2387613365911494
2.2584628157697084
2.229478851229338
0.30046379018081154
2.220088683127451
2.2108670044054763
1.333182479920404
2.2183252121209733
2.220118684863624
2.244811646299498
2.207246469667509
2.2174000505176035
2.2242634200472735
2.241676567244636
2.2338498993711537
2.2133827369716226
2.21703159416157
2.2402273917695283
2.192184918535405
2.2207491905933714
2.2368560029307383
2.23149119082054
2.2215367894391544
2.222565948323463
2.2250515798755606
0.25297850682837525
2.1719411857176905
2.2038291813790187
2.208482367302277
2.222386438595515
2.2022929857268956
0.3857424956335161
0.3348923164270436
2.1997209888763134
2.217990887930649
2.2324831134855634
2.2233685818248077
2.2233097364843983
2.2129218540345748
2.1929249532628905
2.213437892626264
2.214497980951653
2.246577354465562
2.2361797730394324
2.2111379703149723
2.242656054034015
2.243723890305421
0.8230117287805369
2.2142645206339147
2.2355960858862676
2.2002875953106282
2.2054842225374163
2.2419198548269472
2.2096024647556423
2.2167909900936724
2.240885684247886
2.1900351279336463
2.204035993719569
2.2417899470325793
2.239575546803537
2.1876849282461084
2.196986676358746
2.2405280285385523
2.2185894761760148
0.2960416732669452
2.244740701430204
2.240350521200355
2.2348702856471374
2.254859715068097
2.247495985858217
2.200653699716995
2.217803429896928
2.24464882752672
2.22297431868902
2.1768913993361827
2.238778290980674
2.2489170367549187
2.2453685411144946
2.2094922277444127
2.228518675598484
2.237504343445517
2.247340952570439
2.217326544470151
2.2378813264427087
2.2408175587262926
2.222955256400176
2.186859865394109
2.246339870951666
2.2305904108234884
2.1516541247093044
2.2242953622353414
2.2067195132255515
2.2450012031034445
2.238172353828472
2.228787003361642
0.2974221702893417
2.204849735502462
2.233102858368796
2.236387419529703
2.2086612789492035
2.189587945673426
2.2077440517584828
2.226756918589931
2.198168387218238
-0.21331211720431809
2.234370669912287
2.2013404985833454
2.223968032792415
2.2036466097928717
2.2324202956637738
2.188332529090872
2.1331083094722443
2.21079829153325
2.1764449130145707
2.1960654963384822
2.2378516283957834
2.2450026038029725
2.2277826842953248
2.25327603657806
2.2002503393812276
2.218392305510521
2.217472250594951
2.255412084519115
2.226734445384574
2.2216151759814586
2.2395108790452527
2.2396429611753828
2.236237472559276
0.7090895032836406
2.2478128212421593
2.252571772548965
0.49574192898023384
2.2384890245674685
2.189745559888284
2.235167106150234
2.218628248938379
2.1910385667209793
2.246125606127292
2.2410120722398883
2.23127326777939
0.2938744326900915
2.2467975951548524
2.1926465088905895
2.2250270509933725
2.2253918696734822
1.0230959860271822
2.209824388634491
2.2272730178256177
2.2327286786904663
2.215713125464709
0.29732007657672777
2.2223912747575256
2.192609006073349
2.2535051943760323
2.2392063246455103
2.2325838576026964
2.226683730580314
2.246146270785354
-0.2044494210003431
2.250722429084391
2.189970365565934
2.2333831288848964
2.239816065844668
2.253523441513212
-0.1561963320827695
0.2944855950714548
2.2127121441656143
2.1881766889236496
2.211155890504133
2.217811146435247
2.244220393112283
2.15721134820933
2.2190152687806233
2.2213696689285034
2.19172225062419
2.2244380389834912
2.2189692592516237
0.29389795715917116
2.2316246370113406
2.212953506778929
2.214943806991738
2.2449230063572436
2.2349241801400908
2.198465876213415
2.2171277479822775
0.8020863594026955
2.2164972353557917
2.227619818965108
2.219877029143512
2.2064558986564866
0.6299578654013458
2.231763084813118
2.224909743859013
0.6303595275004836
2.2430760789975124
2.2298464367151736
2.240683767041529
2.241317608502906
2.2492670589774257
2.2278580929164087
2.208254103263843
2.220633779713642
-0.15025305776175785
2.2452565396439197
2.207955661332746
2.243120895662722
2.24228214979939
2.246663325467185
2.2075002120324467
2.2335393670060695
2.2150076597554067
2.2205790662311395
2.254535800076737
2.1686377631359974
2.2316301848544917
2.2258503264996223
2.1742951921189912
2.2531055800131687
2.242263738752567
0.8728936490932577
2.2106750977345917
1.0805921572049175
2.2155389616462413
2.1959792748728617
2.218234950172392
2.2402377823895447
2.236128178017524
2.2098928285035617
2.241437542953862
2.189289148344056
0.19491882390617593
2.2217621740252116
0.2888471628673881
2.1842801895037485
2.225338707571666
2.2225189570952013
2.2386891738181327
0.7940786910783642
2.1722976953251094
2.214344996457098
2.2226472421130024
2.2520111721024367
0.9795676508715433
2.191805685887277
2.1889952989463115
2.233275310699879
2.2178147142201916
2.2189225648655984
2.253199607461352
2.167078952181911
2.2188912699242938
2.2508795378933217
2.245031842443464
0.15369122816451736
2.2141904025477226
2.259849911492075
2.2438572707828555
0.1797746599945271
2.2362355303397985
2.2208563699706785
2.2330072261257765
2.2167860747318864
2.2045407735274463
2.178419817265565
2.2149109990270297
2.2130627103056417
2.2193267822197544
2.2425504746320986
2.2015489135900004
2.214103583001942
2.220814317676542
2.2196185204833863
2.2185958572593045
2.2139573317528125
0.1503803065770999
2.2398949513101676
2.219747644330932
2.2506511423197297
0.3674101280192146
2.211649407804032
2.199435649501969
2.2139620794946513
2.2482949196603674
2.250384013799506
2.2467199012883614
2.231822989657533
2.249880233673217
2.2157147606530634
2.227257767980492
-0.16143148196497267
2.227481682637242
2.2269520967457366
2.237509156780685
2.1933489064646006
2.208321584601117
2.2168872518356397
2.2248006167817316
2.215613741960543
2.2166604115021498
2.1954899978533318
2.215680226505092
2.251061642712104
2.239592948323563
2.225245495326941
2.2394944831899517
2.2362122915631337
2.2139602826113984
-0.16045282269626976
2.242719698726574
2.2099893000880435
0.9702366286087549
2.2443470976867417
2.2492555974656043
2.1967716245711353
2.209270430313473
2.24461953696322
2.2514008680507027
2.2447037086000012
2.239273322128694
2.2387662678638147
2.193146781147072
2.2390157347928907
