0.8044683994203169
0.1562762050299916
-0.20597433604256365
0.2835021921501829
0.04950990750187784
-0.380655526505997
0.4097112669512537
0.2829689271301639
0.6172009873248184
0.2294990340704065
-0.03175980770745654
0.17490814328511828
0.0467584368463064
0.26194514660834095
0.2856989791135688
0.26812349820690234
0.1721677190561925
0.46302690225553
0.15431152204890783
0.14937064382370577
0.29763271853681444
0.25362277205438954
-0.012177795154379445
0.6674866263238848
0.16038633425177526
0.2747824187878157
0.14390749525399296
0.9485574499760311
0.2970076431950895
0.505454850656771
-0.44691272806018245
-0.04983155892989388
0.022489238887093255
0.18057691756386168
0.16078435682380654
0.1577423109930304
0.26979277527914136
0.6327226555764199
0.38368188337555276
0.39654434006488315
0.02466856977013973
0.11978378785115143
-0.22699714975845914
0.3184534767596929
0.4518882272975609
0.4296397932474709
0.2691270696161846
0.4886214017134076
0.44568371057588035
0.47017627486967056
0.2786434910841092
0.11227243275856541
0.2228168626253
0.44207971790033973
0.6275718162829638
0.44377008810891166
-0.08225920248982688
0.08961478745822177
0.429414356804472
0.442779399035222
0.2811138930269218
0.48699223132910624
0.26876680555640353
0.35078348561029443
0.23067907715765906
0.4888379536158374
0.30669254466829254
0.5393485324962768
0.4362693497536509
0.6750668385845888
0.0445313133363848
-0.17758135831808158
0.7962079480621906
0.20615003291649914
-0.35297638250462837
0.5098226700154107
0.4420527057286646
-0.17289638967084373
0.4620223224058684
0.23591733324476655
0.055162064669603425
0.3206551794598358
1.2309034635154787
1.1945988165664645
0.041264708968820854
0.27657476682001936
0.2766370171100888
0.08233504376020742
0.8867080302096791
0.6675309858614871
0.7550435330837719
0.2204011218914828
0.32350039383972784
0.36944979565342373
0.5723507480085118
0.14672202233977594
0.10891586341838211
0.28034775082305985
0.27356308075329
0.4046103272279579
0.2582019769454942
0.5916014320495111
0.48092979258944624
0.7545149079743113
0.4221119308862972
0.8549685502880988
0.46106096294246557
-0.0658997104673138
0.41182608100023754
0.9413694212121134
0.35198098554367274
0.2829336172807316
0.5377770913302411
-0.10691299192167314
0.19806629066912523
0.28683405406032103
-0.10063929006351446
0.22625597268212738
0.29862362883389404
0.9478121426780538
0.6044167677700207
0.9966004357521028
0.6551777743401572
0.9568353331289599
0.49250249694268927
0.4799878776062467
0.3939564678853718
0.08978790410889857
0.424462976211319
0.2061910307488523
0.031361126957134666
0.611999603480116
0.43738323936008533
0.4776846427548379
0.7158270207605665
1.3217555650501436
0.19339316881273172
2.1382318320676057
0.3990792662484071
0.7182025701297133
0.8944775933953338
0.024777496563358203
0.18191452031901922
0.31082060686722257
-0.21870840350294118
-0.2557985714959973
0.8302144608087529
0.3290392291010416
-0.05911197144117808
0.3028037586675306
0.38944376252416335
0.6848045813650067
0.47223620438064956
0.12698874985326714
1.1261138433491165
0.4675725194579706
0.28177200910050026
2.1290561236642778
1.046421124890812
0.19646703981822758
0.7734513343425818
0.6578756257444098
0.1437444015248569
0.6213934770462434
0.2923865815822343
0.7524564528138508
-0.14844495443803438
2.1343383306023678
1.2748353727265305
0.7802732131292772
1.2397632470807272
0.39629711993267464
0.9222430805966461
2.1886876836749645
0.7956886021043137
0.7114278491651148
0.2827816753720482
-0.24333363587685677
0.1362339134864885
-0.16798446761538238
0.3533868637084097
0.6648956880378567
0.2901713756063946
0.9976477586936104
0.29971653634488293
0.27165843267271306
0.29534622636041824
0.2563400430451762
0.7994834209032825
0.3447413020151191
2.1428731314664278
0.06463691408043121
0.6482719486980044
0.06528172388040368
-0.007282348637319358
2.1492125869157874
0.5177090964212767
2.1199665391023395
0.33942925251315853
0.7054582564253133
0.8725823617482835
-0.022732012154937586
0.5918867310503735
0.35940958512635884
0.2719613964212907
0.5008655352061196
0.47603505237370736
2.1912011184489066
0.5886775699401198
0.08253425994205492
0.2623113430130231
0.5956536040242253
0.9087263705314963
0.6256432445507218
0.078428341925465
0.2684764544159614
0.42842345631545065
0.6313767765540679
1.3091514568652776
0.17955248738328144
0.7003128178635843
2.1706497220994345
0.47462784179313333
0.5656916998773882
0.05014900256056648
2.169388071831525
1.293432068488857
0.5591878357633103
0.06882908898790596
0.16912787604670027
0.28656169250169533
-0.024428040842800147
0.28304515575278705
0.29184513089245273
-0.24345187381189426
1.0274657859098935
1.042069667689377
0.3457768543627038
2.145665443451481
0.090237104393788
0.21499078554240297
2.184577298998458
0.2793824181285693
1.0364257854411079
1.1065016315343081
0.6288196228079874
0.6203455426246012
0.3131600304333879
0.31528272107405403
0.6097395881345118
0.15928632081865007
0.06456900885039757
0.444505251438631
0.4574102246685634
1.2642136458179034
-0.25833853849213406
2.1473640740100572
0.6928192552151358
0.9941482697247526
2.107230668457752
-0.2431591024071139
0.5568747673240548
0.12315514172063918
1.1410288943994829
0.4040133576845938
0.9935152083469062
1.0783838793218763
1.0977956175743395
0.6128397289505736
1.300681634227931
0.27789706743748255
0.8041383907673515
1.1044231559179734
0.312442676057227
1.2458634925227514
0.1777740663662623
2.159869428929631
0.22877975081267538
0.7339474303786211
0.6615525380131266
0.5429723395711493
2.173236609394545
0.5215781902179818
0.2684516000564494
2.181598701666119
2.1758644092996153
-0.011430633211321206
0.5305858140842713
0.7277105910036716
2.1483758313225767
-0.03634545078777779
0.8139458851794783
1.160884039669573
0.27680022895402245
2.1947886323552828
0.6536214332654466
1.2569231211069989
0.7149348229702343
1.2983945349145172
2.128397154288032
0.36591297120959476
1.2826854832868242
0.7816911960767775
2.179994592560159
0.8130422663181008
0.9466194667410053
0.9498044228230711
0.6995599962352561
0.3081626108672128
2.1576421301129427
0.7369583364669374
2.148913822818575
0.3591493555029683
0.04960538395529396
1.2732906256564613
2.1794187401097718
0.6981772758411068
0.22291083026340586
0.6291755812515611
2.1585511356941103
0.9280600448340602
0.2820062767269676
2.1486646355568197
0.6957309507732629
2.1750260088043563
2.179200289052348
0.8170550959743458
1.2331755392319836
0.6455802821551578
0.4346353224230692
0.13094514819116723
2.1885448513688184
0.9265815880138597
0.26254252123431276
1.3367474946294946
0.4493310804004178
0.9652637509533047
1.0295549966730395
0.11018166798802566
1.2664804006870836
1.1099163746956007
0.6132636541743972
0.5494573999903746
0.8166078085663897
0.25992700152102266
2.1628450109342507
0.22106656803846622
2.160179101623754
0.5028769583944279
0.8350529236913455
0.6455847521572181
1.3148839436536042
1.2352198543360415
2.1751800827912806
0.8455334608955717
0.26559377225249037
0.4403415446561069
2.1697477412801573
0.28171272231620964
0.28159065121183635
0.07007194372218101
1.1280727965745525
2.145972324799665
0.41348815962149693
0.3161482483086308
2.1684734850113165
2.1522173129144617
2.143701877331917
0.6874527153352178
0.8731099823796634
0.7689230323679886
0.9614346609686949
2.1708911775348145
2.185726534695033
0.826027646265146
0.7473978152166341
0.1245234048597246
2.1738145631916495
2.1981323339104417
0.32372784545246824
2.1875381089337846
0.13069354264273858
0.5570726718016514
2.161233758951704
2.1316201444343728
2.182294273860564
0.8903501963491491
0.40411852853672925
2.2006750567311966
0.2815916369832403
0.3975711817846577
1.1267995785561125
0.7237270004944548
0.2728117736977412
0.4798565717953295
2.152620212771944
2.150618477064244
1.271350219331743
0.4717875031168536
0.8130389328352118
2.182582029094159
0.7671266983673778
2.1960594007554324
2.1366866409104137
0.26624516011825233
2.153720488704239
0.28373405840293386
1.06676382506836
0.44326797835700615
2.153808169778973
1.0600146205312866
0.7525371712080948
2.157501506682098
2.1268589719639746
0.9350966118079121
0.5114756535092735
0.2673846634256921
1.14784845574075
0.7705316767519775
2.2065852163245
0.2894913320811057
2.1874903397806884
-0.43119233714329847
0.0802735089603967
2.142488906995081
0.14396107539947717
2.194855688722302
2.1935888561807264
1.0048235136688148
0.8377844263386959
0.8144694013389345
1.2999089046847319
1.0821576585695323
1.1833905619812384
1.1494441671319082
0.4037681428281609
0.2557231789133606
0.880514124081521
0.4156740415366244
0.9258227710484698
2.2368472880450962
2.1572749698986025
0.610452791802724
1.0281805070389647
1.1215927348028956
0.08617404988044244
0.1998840413410614
0.2756215585899041
0.2182646803665773
2.167614423700602
2.1955289860943243
2.1814061314048296
1.2519582339117346
2.1703676818854327
2.1156210365507873
2.175044030691354
1.1169733647483324
0.2789721346193459
0.8343268337542901
0.9039757888425145
2.159093551665757
0.27045435582170796
2.2149460921795576
2.135998438108871
0.16490035675263678
-0.2721748767486001
1.2651497148131132
2.1686890937112864
1.2797637811129923
2.1772221985062297
1.240227078207843
2.19109732978102
2.156169015050673
1.285121743369614
0.6220166181503092
1.2470069984589731
0.13833067798586243
2.2033534310251874
1.2340981651622533
2.1267238595210323
1.121728324866981
0.9136836188619576
1.3072547546089264
0.9859154858679049
0.4910412673396642
2.187354268411142
2.167986215051017
0.2694209857071119
2.199198656751082
2.2147240961779606
1.0627529663302178
2.1692472788648356
1.2630552888548103
1.004140501113672
-0.21004636164677412
2.1951015413937203
0.8674139860465168
0.7882771421470932
2.216941930077711
1.067794811812637
1.0796791743288974
0.6370224441296628
1.0531653648698938
0.29040819123977546
2.1787722617992076
0.6559528063514988
0.2814206026935588
0.4331432161002164
0.3698365600739592
2.14445990252842
2.1674015323713443
2.192436691890034
1.126419402704773
0.8738206764319338
1.1070956147276536
0.2743688093312564
0.5507332694516267
0.28003278263091785
0.22310470848264047
2.159122587764469
2.1724642427202694
0.9244333886366891
2.1868339334419
0.9465209237185319
0.4413501746290919
2.2221899816047452
0.2774032449643327
1.0604674726620364
2.139031241120578
2.1740645882331586
1.263165863445994
2.199334739783221
2.221478141716103
0.029226571524885142
2.1492179080064284
2.1710506880145966
1.2782542843792557
0.5985707223080738
1.3096850392919062
2.1580335874921617
0.6109701302043018
2.1588722474210025
0.7339722526413794
2.1975615238618804
0.36400566317640254
1.26247306670688
1.2233508499814845
0.7143103931871326
0.2668587739985684
2.191886059886175
0.2671303569515502
2.177578199430303
0.2647079887837112
1.1416843800933754
1.0315870606630373
0.6204024302069635
0.4350362168131152
2.1646413210361093
2.2140170564094492
2.1457054630529653
1.128790432526038
2.16724814935644
0.8408551024172931
2.170674337270522
2.181337292340558
1.0927718518424574
1.2666538448791687
0.27163866961257344
2.171164077266135
1.1025040588071042
1.2536409524864138
2.1471342561613884
1.1970651554563245
0.08661055426850878
0.5243841675531835
1.208970862698288
1.2381628080448905
0.7291137116365365
2.1676963433135956
0.87988149146643
0.6211317529111922
1.1019110349837786
2.1776987545535014
2.143945558367325
2.1777887613243037
1.2827061663088517
2.1731307645057476
2.1792563859631833
0.2955481648199823
0.27823182188166184
1.3008537500190025
1.186708734927299
2.1795532908172888
2.1878851251672318
1.1267547234363264
0.2776275491119161
0.28178854322159586
1.2444854222613602
2.1876885395762016
0.28249847723790256
2.112166384516649
2.131148027121577
2.14395896763467
1.0097893550244774
2.19517352614947
2.1733251911983755
1.245710301904549
2.1391709000853405
1.0674054408114313
1.3229364563724841
2.1662229846494334
0.9487270389357105
2.1714785246102974
0.8309567247761867
0.6884463449436248
2.1558951077917055
2.1841440361594975
2.1866856817576226
2.147661627766582
2.1225276095486816
0.8356200631652497
0.76409300529486
2.2098102350499795
2.1342401886607503
1.2719346698229326
2.202041801285681
1.1236165532866005
2.1981258284791303
0.6156059428640805
2.196575665369626
2.1850034523440485
2.132977553801673
0.8190136437396005
2.1686711370365295
0.28144117961511395
1.0531031522585936
2.1873953198871963
2.211565389234133
2.1865730959853886
0.28048029772063643
2.147808431739404
2.141305842825311
1.278827017968025
1.3171108573254766
0.23316215419892983
1.3143840242116112
1.2641686089012218
2.149178144824263
-0.1882698602285401
2.1457237898755155
0.2918612097100248
1.0879755693614446
2.169904303374353
1.2769872415825474
2.1565100586509223
1.2824172270592464
2.2105636150992503
0.5928016947711802
2.1700003478350354
2.1440243013609996
2.1523348097371313
2.0985938962804145
0.26976801257407573
0.2809528993536571
1.1676763044301934
0.28370467267950844
2.157505235910032
0.28128156420553224
0.27041654278666044
2.1876197995470044
1.0749491579897903
1.3327923951528473
2.2100225796209183
1.1550658828823996
2.194254821354699
1.1670351299400574
1.283038347503872
2.181747337960592
0.27807948643977715
0.9347203890212669
2.148475575627079
2.173011614842107
1.3447540621574658
2.15107131767278
0.6145100735914374
2.1990884024175337
0.2768436999974776
1.0273375582128499
2.1995065418225077
2.202168961403738
2.123831133040713
1.1522791705718285
0.27136848688627835
2.1897636055471787
2.1762705017362136
0.9839614987363632
2.140108231843859
1.2689439775822038
2.21506920580482
1.2107427017141508
2.1861122553799266
2.156850788276457
2.175618844278605
2.1694805432142874
2.14376577961854
2.1712241549281166
2.1553676393561365
2.1599568903416286
1.27301059021209
2.1623938595993417
2.1547278757863997
0.28961029621257905
2.1426094630521506
2.1548561154672985
2.112423483952067
2.15673843313897
2.1813497006293834
1.0940816975975665
0.27128305386096874
0.268459233351518
2.1568704482824996
0.9461166956345428
0.2292797780852615
2.167400416031983
2.1842483767255674
0.2774108615758087
2.206686481136089
2.165564697408586
1.276814759087079
2.1408592953420653
2.190915555795491
2.150289493760982
2.196669661850504
2.1467887702925355
0.27491686084734573
1.1033995321829329
2.147158312068229
2.1714113258977426
2.1850413661573995
0.268085138669622
0.2795730298692266
2.1539803616189053
2.193464951153379
2.150788030612577
2.144778151425114
2.185188972515025
2.14091415719213
1.0250887615477422
2.184183438421576
2.149960869178016
2.1777758403622367
0.2821114764879777
2.1625962678599064
0.8266126610502044
2.236453592389839
2.189677498209718
1.1228853437271538
0.2164497068012074
2.1676450127156617
2.1509300313040343
0.6174626054414332
0.5436785436756749
2.1507861550653335
2.183905008916544
1.0149908475846283
2.2037980968515893
2.145531889128993
0.2702198475778993
0.27673483943093136
2.157560615683984
2.1838451496119706
2.1894841539784373
1.270345712602092
2.178587267799799
0.28111625622524467
0.27890670892057295
2.165038410179968
2.163160298261263
0.9050290496746215
2.180795516921119
2.151388420221785
2.1855936284999684
1.2982379633544394
2.2025940296485227
2.190916832533401
1.164909082268077
2.175765399027056
2.1504561733319374
2.177061567744628
2.176935673557665
0.27630545759882574
2.173673509171325
1.1252839886465222
1.274362065353123
2.1565083738743978
2.1943895681982344
2.147334694685516
0.2779260469192678
2.197146644575672
2.160569425394382
2.1548888205451657
1.2417441680451413
0.4539172447835567
1.060281044951872
2.157941482558706
1.0783814742383986
2.183000210036667
2.191491356554942
2.18607527449371
0.2802274346729501
2.1756623922735954
2.1706636175174774
2.181015632820402
-0.5400412363747331
1.3094170062469366
1.1597835644465477
2.1551228333536434
0.7908266406607627
2.1805126819483274
2.176479268350962
0.5770444002619797
0.2819763706286973
0.27939337204080295
2.1619346764165708
0.7367552843729699
1.0651014925636062
1.2116314463738205
1.2128507018738481
2.164611214898162
2.185929944902096
2.2210951529956935
2.198070720221647
2.1678096486052096
0.28359800230011967
0.28152064240067665
1.2926384377343065
2.1602247161217543
0.1887692726491615
0.5258532858627079
2.1864392578032446
2.1781874627470055
0.23098185216993738
0.27328590009904363
0.2703038045421847
2.192032018116678
2.175171511135656
0.280872554961906
0.28272715446854046
-0.1062077784711368
2.17325076278319
2.1198811326779254
0.9447721577919624
2.2077974031780148
0.16068034815074342
2.156056358116698
2.1779925616907825
0.9570756197661436
2.1555717771306933
0.29230150190561394
2.1642186210646033
2.1635231531722794
2.1899182436644953
1.1476245964506921
2.1621213289477756
2.178412670578764
2.179508933419063
0.7723945111278546
0.2755494540239056
0.7503151519900849
2.157223732379268
2.1699305947406398
1.2989927930799157
1.1889550312101558
0.9864643112368245
2.1842238666547087
2.155933547544806
1.2610338332405684
0.28302014972118894
2.1801883505556052
2.181136623198859
2.1623425648274788
2.1807845246242983
2.1835735273949854
2.1341685128822965
0.45686677028354417
2.2012903122604213
2.1475643983153114
2.178991188143527
2.1926971314223884
1.1081356727923248
2.1946244788152796
2.1562759807542924
0.27047265403397713
1.2612019942172334
2.143226983067514
0.2858335554953656
2.2082621184866613
2.1678641576940585
0.28073010370220736
2.203464552996385
2.1334306807505654
2.159272719376581
0.05071774062160733
2.201762316736829
2.166514039523209
1.1280538556930053
2.2175891498666753
1.071481145023808
1.1009688378505496
2.1039292094165454
1.2989184952840116
2.1813972719463135
0.2691633622388249
2.132790251573046
2.180424664633937
0.9720575041379396
2.2051951932644664
0.2754313391704518
2.1513189307309553
0.9405919396395674
1.0410500567537688
2.129813814412991
2.163684614860337
2.2062886635091594
2.171243016107291
2.2153784435010815
2.220093475719688
2.190011450431502
2.14398161292361
2.207842635782094
-0.00016543500420149182
0.27317472601783316
1.2500288500780536
0.7281998167032138
2.166602655678663
2.195790714639931
0.27365407443953205
2.160595188770096
2.1436728464118837
2.2067893175722597
2.252062601572917
0.2200999033792203
2.184493383660141
2.1939747509828393
0.28406589203066185
2.2388840666018845
2.2023536069117053
2.1906338351660817
2.180260809617605
1.329203208431187
2.1914360320129305
2.200624016978054
2.179845138537606
2.15683532769103
2.1746576129971755
2.1716441578850887
2.17219801164261
1.2841593394781357
2.109541533371237
2.240403611451724
2.236279504231492
2.206533785001225
2.2042085701936895
2.199296104137589
1.2513214964714743
2.1830523684328194
2.222074221854533
2.193229314504257
2.1614971990331924
0.27152109725904966
2.159339532867226
0.2790605627914553
2.1485843852275224
1.284918231587992
2.1846128501331457
1.2465671155547087
1.1268317947011375
2.2175054927909668
2.1828618955343506
2.197818823337852
0.7063005453098646
2.1924958121938563
2.1504549806051214
2.234464613753519
2.2109645899858292
2.20709922402928
1.1186397390044196
2.2305066641970592
2.1838259646853952
0.46162573903488935
1.2778087786239294
2.2016570692237427
0.2679907985886466
2.1571159483035087
2.1367410198821934
1.2502667018904594
2.1694421995080173
2.195665713763052
2.1798576652984205
2.232048066776909
2.1241109890494574
2.176962580284255
2.192409505803838
2.1891457128933975
1.158028960741938
2.207532461223373
2.1759241017036057
2.21700070059954
2.203178194380192
2.193987542969562
2.2600012570102272
2.173381728100108
2.20540656461355
2.158559553654986
1.3165888844061475
0.9052921756715305
2.1510097590981463
2.259199131325495
1.12336374659224
1.3299348778429174
2.1464098217188
0.27722159840240207
2.197488112700847
2.195009650706261
2.184242340995996
2.2420107182850817
2.1715996598117986
2.202061315551958
2.1575578214152493
2.1971325487908677
2.2118952801147316
2.2106247284141753
1.0766006189501414
2.2042191348878646
2.1896090025477344
2.1836482414511362
1.2598516606456718
2.157467444150794
2.209201960527798
2.1796637320342374
2.184624212790651
2.2187903387700842
0.915514146532668
2.1945215179594695
2.177131056571201
1.2362959457229403
2.1652449836889898
2.2276977265979427
0.6254144747762393
1.138403992584142
2.155647828772138
2.242027257831014
0.1840168436804679
0.2716543472374514
2.192686639137798
2.2211541315543144
2.2147784767514125
0.2729285045779336
1.270418590937969
2.2073161795687457
1.1573179651636785
2.1640456955228826
2.1621420092552093
2.20117724297993
2.1889495104662133
2.1992564021978334
1.1574645771157839
2.180780725330541
2.181480533239618
2.1562629980031565
2.2021255347345283
2.1699625683192494
1.3671963539377343
1.1870336818414495
2.182300335466298
2.1791989956648448
1.296572378621508
2.1965554888556174
2.170433026031997
2.1733014608273318
2.198858172781411
2.1993759751229556
2.165865299230819
2.1693304666934448
2.21578260138463
2.1587240048089056
1.3024719291055764
2.1900013547234414
2.1965062562687034
2.185277692684889
1.2856011678415113
2.1672547048415947
2.153271794501633
2.1594508318740298
2.1720109508923904
1.2206486529397902
0.7798037166876087
2.2089438062364195
2.2346285603348086
1.2975013485124833
2.1658302816436033
0.2783629633021112
0.27106732557870217
2.2109863379794965
1.142433611895755
2.151138702959919
2.1594153549161854
2.1949984651394923
2.180109831299371
2.1824921394875343
2.2068622387203884
0.9371554012941146
2.17028216744671
2.1747723467724835
0.7797273201520657
1.091619254954402
0.29932377448293535
2.1487594936551817
1.1385746999982649
2.1685266520634014
2.1812635294150162
0.7732418921833204
1.3563953542054539
2.1779829240156143
1.0571186473276364
1.2959393733061018
0.79149988652176
2.1639688896786415
2.1595075671271338
1.1454395164003965
2.179284590132527
2.1995070254926716
2.1976437437461565
2.18262631730524
2.244052606637543
2.2272192670351822
2.1553803748184066
2.15963370977094
2.2284666291663013
2.1895534007276614
2.2211588945599137
2.1787454237813835
1.1244932797213987
0.2743073480270242
2.1794414426493187
2.1965769174548844
2.1648884987322456
2.124887393621252
2.233379484169536
2.192629716990104
2.163915287794553
0.2845648911618853
2.16932915327031
1.2809187889965161
2.142780318359131
2.220749029019271
2.171642110945437
0.9417809394938763
1.2715773229120158
2.186162280192228
0.78953599820676
2.2090245674530484
2.2278595744807315
2.1817504197751445
2.1552532780024785
2.1802825478172645
1.1846917456611976
2.216833447857821
2.198383297332602
0.4602423079470376
0.17209435981479948
2.1598683524390334
2.1792806614159383
2.1765191828182635
2.198069873883031
2.2187360476128357
1.2592296182923703
2.1999342839943172
2.1641938450814617
2.2233012177326756
2.1845237061977216
2.2527271146110515
1.2653344876658894
2.2123570329889244
2.1642655361989793
2.220241862269126
1.0928659852220426
2.208964990770179
0.9976397924515643
2.2024553670761424
2.16224819775419
2.1696902834095795
2.1911105639976642
0.2820050763390679
2.1732809566891063
2.187045833169313
2.15516384010702
2.1988129848963873
1.2771851822803522
2.1851377315991867
2.19158625138717
0.6154832187515444
2.1973585986969257
0.27309048456974094
2.1911032071074046
0.2815465105908774
2.153217949844636
2.168724795515282
2.1809823660192125
2.192892533100277
1.240926273776929
2.179167361895047
1.2784241563398346
2.1512734004813776
2.210613775652463
2.2089872165718307
2.203799652266821
2.1715933634262123
2.195285112443111
2.21896495108149
2.138145833482366
2.2021160948571747
2.1820369947759373
2.232165763087173
2.156070355431771
2.18360694903735
2.147625848155897
0.22076566315499135
2.2313847544199925
2.1982089558566025
2.1890077026424484
1.3387400848400133
2.1593198105471476
0.2730327764655988
1.213069510143488
2.2206440257682636
2.1565066412131855
2.168345767699938
1.1344231793096897
2.1911775140926304
0.27741408445382926
0.2808529323064436
2.1722742042838394
2.209186643713016
2.1926897328105666
2.1965945554048765
0.28573907496908874
1.1188798465621892
1.2738793610305574
2.1754671365351377
2.187926111870784
2.2022335417111414
2.1559698989832583
2.17147052377183
2.1961908571948006
2.149016458195193
2.203542640085141
1.143569262950434
1.2506257263621952
2.198707796438761
1.12026361092748
1.2502871761537069
1.3035851644567482
2.1722325377730414
1.3155048142349226
2.173505191111702
1.1656777267291105
2.22139683984563
2.187799348997973
2.1870272408809757
2.174678123325416
1.0523743525999691
2.2061369445988714
2.201469820334718
2.1712845998246775
2.162425356000644
0.28055637632788083
1.2796650677084815
1.1524295142063252
2.2172767702260603
2.2446347778390603
2.188534917581629
2.1709737649833567
2.1669711168805934
1.2654127625225917
0.10138563428574647
2.1879253556070495
2.203033703613295
2.192535562309294
2.261209743380555
2.1768846157618302
0.7738845864712945
2.156068670484632
1.2019991038827185
2.1553326645938427
-0.09353400701284087
2.1828004678782555
2.175696112667138
2.2234281500230493
2.158841593349516
2.153779896296664
2.214950000947778
2.183664252104615
2.195527639479261
2.2290499729400794
0.2746945162109786
2.204239359407472
0.28124933453434575
2.160437941194925
1.2548376808275905
2.1954573407990856
2.235389011053466
1.1505460218541577
2.1467056799116566
2.20339972993009
2.219804639199782
2.232195770187438
1.092278307447907
2.1860118866549287
2.193035337992634
0.5367989434478055
0.8071690710884752
2.1955969740978087
2.175211228270283
0.2812415343841781
1.1103886855542342
2.1740886420291954
0.27636302359720044
0.9662114356578376
2.218345728659496
1.0649588284596212
1.3198795366189675
2.196898167723919
2.1619624148804983
0.22608455446170925
2.1856856625244383
0.28636475825771257
1.2882596968824789
2.2015221929241533
0.28650579470236426
2.203853669243065
0.28446218526724687
2.2047489697920373
2.1801094768390157
0.7282281431517266
1.1382139332207997
0.969156094875618
1.3106688111658378
0.2699468078935201
2.2111358376202714
2.161428302450926
2.19564137971843
2.182887288978971
2.2199522674759806
0.2755371859596854
0.2740884461911995
1.0695234441647183
2.179224631405014
0.9637392240620203
2.2089157750988964
2.1720305552491466
2.2512873800677613
2.18039301202617
2.2126398775415765
2.213044770056849
2.1704002376564357
2.203651211652003
2.1749598378728514
2.185021197649566
2.1990868652503766
2.184642174116372
2.200275324670934
1.268354831892277
2.1907520797445383
2.201715152825607
2.186265241122414
2.177788719038415
2.1640357086329747
2.176289909928023
2.150511109523886
0.9619267436636435
2.2051354587127947
0.9761552585323778
2.1666240574601057
2.196641715770709
2.235373408125634
2.2072044165608053
2.1921338634303162
1.1202592572196897
0.018178518525162668
2.162791781591358
1.2572714331945747
1.144318660100709
2.2016891301039
2.1812574694981723
2.190353480323285
2.1858315167835083
2.2400560424330775
1.2698029511398707
2.225327590743716
2.191053793374992
2.1942492512116756
2.146580587904247
2.1697583735863937
2.218906122507387
2.184616977145058
2.163631077773836
2.198062829177505
2.1614353793124175
2.1687024055057433
2.170358000244301
2.196000829870896
2.1774480094982827
0.2798473806601865
2.1727807414412568
2.2166953890741077
2.1799687257552183
2.186760924500602
2.1853683399778676
2.2361012265810185
2.2596891178497476
2.2027273092084765
2.1975586929447783
2.2172239854977462
1.2990392938594149
2.183829682724688
2.1917984079875317
1.1443627181409073
0.2793231603107188
1.1181744482002691
2.149529917609575
2.157900145804388
2.2202396094456582
2.1895742951311226
2.2107626256636586
0.28135129285845045
2.22444221561129
2.1718570730068443
2.1905305754298077
2.1600170424335827
2.2411093148770735
0.9584771913463501
2.212999718548864
1.2905747689578235
0.6430877945471412
2.2082696755292965
2.196506666625305
2.1622165262838045
2.2035623414418204
2.204788841883415
2.1686459406627545
2.209483013763057
0.28307431262445054
2.1838455048362713
0.2768616843588499
0.40437066935960314
2.2230033666201914
2.1859991313388516
2.2038391576609815
2.1569521912363108
0.04605997682923001
2.18388129500961
2.1902912431467776
1.2353738607177618
2.1824513843097537
2.189586883196298
2.204057884455942
0.44628630209217496
0.35409386285809125
2.1924674049132684
2.199259115791783
2.1822729615987795
2.1946016025378743
1.1463355459507794
2.181176639428293
2.213429410825471
2.211859954044789
0.2887036585368693
2.2341572495734727
2.1966687582634776
0.7838652641089695
1.1602485330523065
2.1855912096860184
2.2052052941821283
2.155704998303113
2.1950664641434567
1.2992857303362046
2.2647529830188113
0.28568401362842183
2.203861749153545
2.219149647560303
0.44446053668050484
2.1941399743115957
1.2953358150743888
0.8949039952003449
2.181574444286781
2.2049140100923053
2.208781101107802
2.1706226592930307
2.2061883680384966
2.1998158451751824
2.1530332051765404
2.2146574846191274
2.170755104854803
1.3052701258774029
1.2735109824511268
2.169629116167345
2.162210452644249
0.795315681942408
2.181687427644106
2.164184458869709
2.194349947260328
2.202303499454694
1.146990234679482
2.1928967057235047
2.205892741330979
2.149115983623598
2.1601068056445145
1.2518976330440452
2.190460353792683
0.12289785661704311
2.207781385358888
2.215007857506635
2.214854290477623
0.2776139847828097
0.27204273713643545
2.2196060880935975
2.1647789101537707
2.1479858175032236
2.1773955658844786
1.3057478618106175
2.2079660840531536
2.1314532690797803
2.1788404694407557
2.1829826482952406
2.1726485197448966
0.9441088960079691
2.1533880618977594
2.150866854743772
2.1730448995651828
0.9895380483909334
2.2221085045614837
2.183224895471462
2.195598566076634
2.220992052539488
2.159373419466624
0.2764376354377439
2.1894279708643065
2.1638697026435834
1.2490233589496276
1.2847449165180165
2.163594198547411
2.2298704548537254
2.1952122479044283
2.2266650544725426
2.184680876836221
2.175361556269976
0.8581472039961411
2.157918385941842
2.1474403662238037
2.2079340254032704
2.193970174525232
0.2721632924580164
2.19980450249595
2.234043780892347
2.1598500839080046
2.1815462327321673
2.1615542529254945
1.2883841637433153
2.150367512779498
2.1629411888075016
2.183310287407232
2.2173070477667247
2.177875463991673
2.2048880897584597
2.1846780832956876
2.2050482549824864
0.5084399327605301
2.194153763344005
2.1749550984473
2.1969715845450164
1.1315004983222243
2.176604292719526
2.217396206155675
2.219308485169174
2.1953438372877105
0.3981865945675968
0.645664334166804
2.201245540825406
2.1935129812595555
0.27899251626633437
2.135440153796747
0.2853343541154267
2.1724642471981532
2.191630264928375
2.159915964081571
2.1609100446671374
2.1755998650342487
0.2761818350121428
0.2864558128186921
0.2873048676233537
0.23625364971796692
1.1665467205661615
2.1730409440021035
2.205723853796683
0.28357325773490766
0.2811251937826629
1.1579051655517305
2.208870170756354
2.145693053359009
0.28521522210695216
0.8907339584330555
2.1952625125894243
2.206609195895461
2.168018742462181
1.0872123185299647
2.1682485931039985
2.1936370854429783
2.178386093141313
2.163956267020094
2.190773347915378
2.2269394887292986
2.194561850302498
2.198945134078361
1.0000742003531777
1.161200012553798
2.18128319716397
2.1498770884809106
2.19228752271775
2.191432726438076
1.0938360608862987
1.3356268039404517
2.159034340612964
1.1934364952548906
2.2234200931945907
0.2840052979276929
2.190249096075643
2.191838937508818
0.9567935610137184
0.38117131919201475
2.1916471930665646
1.337752989778681
0.6233569686662693
0.7872325348266014
2.2005516956731386
2.1965491469573184
0.2349727473782081
1.1322375168216572
2.183305927777501
2.1918537937698144
2.1889920295864442
2.238027590498337
2.209744747693507
0.284921698863878
2.161799064224015
2.1905241099831803
2.1711261095373597
0.28463661219722397
2.1709156918314463
2.1654106354644655
0.2959857119188619
2.1953128708926224
2.2427366095061343
1.0755941270675353
1.000606880300601
2.2558355585052134
2.1727984523183372
2.1969028649285383
2.1494546926108575
0.5947236500745918
2.200689152774274
2.2331373678206194
0.2814588707729367
1.0900828946475332
2.2011582176978597
2.214669042099989
2.2252170941130704
1.3050693593465073
0.6048224240088566
2.166402978175617
2.2195596333197534
2.1760011258539054
2.206047530498023
2.1747906181764463
2.185197988839669
1.1904776095544907
2.1653661086634957
2.201888129384449
2.233307381043913
0.2836850718540937
0.2790012729518953
1.317201142050163
1.237462908821625
2.2340545621445855
2.1956833015112354
2.209060675995362
2.2331483965296806
0.7937893367976975
1.2806542668689493
0.7407287877233881
2.192740783039323
-0.017792140297006626
0.9419317090290421
2.16639300624356
2.1938408118782586
1.025101362713905
1.1958081063078194
0.2880576824306289
0.4580621850557655
2.256767424918636
0.2736701313061555
2.20533563748905
2.1852446800207788
2.2113312701326464
0.9696494585550287
2.1917179650153678
2.189434903317677
2.2115268906219314
2.181054898756222
2.1917875070884953
2.2070848975262174
2.1743006240860487
2.1848824848660087
2.1775435809615598
2.218516479408949
2.1955966213129248
2.1911438255189957
2.196038566610878
1.1441771679861379
1.3321338356658765
2.2152180434847084
2.2303788883150406
2.2138133804813385
2.1903534911641915
2.245548790303472
1.1748309103979604
2.164408926230329
2.1819523302651014
2.219901162571788
2.1790177189873807
2.2348387756722183
2.2222820110997943
0.7812626567447623
2.184514612228951
2.2188724023615443
1.2464237495114228
2.1577985442623744
2.218673303431321
2.1864005046856194
2.177358726748918
2.208819946411805
2.1750260303432842
2.2113507390094505
2.1712170280397762
0.15430607190639267
0.27259889951604943
2.172958576145426
2.229236033689852
2.211074369078637
2.2090714480698965
1.0841263495608633
-0.45535833551270716
2.178498247284806
2.16219366719915
1.2666100213521472
2.213401345411212
2.236072548205206
2.144981793930228
1.1391769819373707
2.1777166665770915
2.2322360038670777
2.2187050343435564
2.179936228640006
2.2106090563759198
0.28481843478762403
2.229650754117784
1.3111143799098246
2.1981645253526896
2.1560752733565836
0.9411393967007343
2.1801954463248285
1.2803159749960542
2.1615736194625925
2.2321945089706836
0.2786027328824479
1.2330129151476532
2.240544057643495
2.2382917135244242
0.2939149354787064
2.2018421120882143
2.2098059819315825
2.2254571081073324
2.181925726524125
2.2162387196516895
2.2093062013021085
2.140351886737298
2.1644024916369053
2.2082032165977985
1.0677010676539604
2.2334941603918557
1.3335664701610426
0.8039887437406579
2.210901604469372
0.284348943423252
2.192567563614676
0.235196582992848
2.222065432046273
2.2059141778236633
2.2227284946225536
2.183797371031738
2.23280614227604
2.2161258219865196
2.19800328891606
0.2335860531961285
0.28630602893814583
2.1942597189941435
1.3054593487757535
1.352609468887594
2.145879556972381
0.08465338540751145
1.3284341762051435
2.214750964070127
2.26602658204523
2.183884265168295
1.026808383655153
1.2842192718884486
2.1679384769607104
1.1510563921564105
1.3428042193676697
2.206927837025633
2.208525908185834
2.2015165566411135
0.2733439520352734
2.2113874858251097
2.1689584907640924
2.2049565937237894
0.27370154717997486
2.2233217428182313
2.1993932962449536
2.221735214660463
2.188406396748042
0.27375620538449563
2.1817011669269664
2.21206815729059
1.3249276649485442
2.1923031889382933
1.2645524002562083
0.9914113317400394
1.3111768254129166
2.162694399375912
1.2909498416977432
0.8560976504083679
2.1948180393314
2.1666896349525233
2.1741634995966024
2.1802641245034273
2.250676228134505
2.1783067727846896
1.3186797200236136
1.2091929912215476
2.1628831996624847
2.2559349069636445
2.2303105634497955
2.171833866028914
0.28773378174468506
0.28141919209369837
2.1741499840721557
1.151341796643868
0.773307028964954
2.211502020195419
0.28442944146567023
2.253515879760106
1.0126598198138577
2.204648788863162
2.18390682420258
0.2832484445812731
2.1737239148779284
2.1986849199756375
2.2087807331315092
2.2209033894371455
2.1872236077643272
1.1288156673768195
2.205334799454147
2.1649904796601054
1.2402090870859324
2.200473966634968
0.29216585556634517
2.2007584115099115
2.1772160305960684
1.2906137250277296
2.265937475483152
1.1217619769114953
2.191636267156052
2.21769328308454
0.2810440908574752
0.2830975176175053
2.19783112760419
2.184630784204841
2.194701860032447
2.168788103785423
0.797413806219974
2.1718725730231707
1.1702870523702302
2.213921861940218
2.2043327800159864
2.2187899846674117
2.2299809587238837
1.2665927376575756
2.239584736176758
2.2064491477041743
2.181900154927092
2.220610313309228
1.3532847800535708
1.0495970114365463
1.1383201815119186
2.2045405382956247
0.8009339187750523
2.2115110269704834
0.668262705120469
2.2216422238077125
2.2214892279545753
2.213299978008539
2.176823069734645
2.2013214354618604
2.2183972340005234
2.187391507691897
2.1955136693827098
1.296687978129436
2.200722091670502
2.161889305995623
2.185829652437114
2.2179279078563265
2.179830018973199
2.182616179230898
2.1756902498945423
1.272883484751828
2.2168342452705336
2.2370793699639773
2.22397614894562
2.1813149580029187
2.205834286091081
2.2323638389605858
2.2089908825953937
2.1890604595167265
2.216438837936262
2.1733858104009274
2.1754080611778375
0.2985955711490802
2.1441174357598545
2.198530260994808
2.199891769901136
2.1438522887640534
2.1747920135265395
2.20640582485651
0.2844170990910081
0.7904755646735793
0.2832106448558239
1.2944978965521763
2.2205752291508034
2.1918669159897
0.9098588087106645
2.1779309162992737
0.28503191522587024
2.2046485898863537
2.2076699339972943
2.197891618465624
2.1545021484931954
2.1840923053884187
2.1983943964733372
0.9410205193257543
1.262757636177751
2.199422758219541
2.1850263041125886
1.3251847483187364
0.8064582880904593
1.2289563904786465
2.1856835982705274
1.2417483143553552
2.1608973982915813
0.276382162876481
2.234033865745164
2.203118856320597
2.1957256190902146
1.1559738808720632
1.3063822684898383
2.1721179475582226
2.2016556851074496
2.169339886571024
2.2171419864774493
2.1775210533518723
2.2045705104546447
1.1213761443600774
2.165033705107315
2.229410008613561
2.207497433670169
2.1535317238830602
2.173805532738903
1.2637428623246276
2.1694400167169166
2.2254891249607356
2.2209996241077055
2.22630480466195
2.1818740048158913
1.0094309065676352
2.2196174765559897
2.1721143344599736
0.9761875117320259
2.1927469387126246
2.1890108821099306
2.1905402947121786
2.236869514760967
2.199547464108015
2.2032173694058437
2.1621579772913124
2.179309526217459
2.2177202191150367
2.194582181640948
0.7861843511430645
2.2066231365980853
2.1614240864284966
2.201299010760142
2.1611155140650187
2.205490190220014
2.1764248017758523
2.1785448493561947
2.2687606486375422
2.2256985538480833
2.2174283735076044
2.1767661714838225
2.2127531808308496
1.2571018986050222
2.2215726026815634
2.18399909648776
2.1449881077426136
2.1815271197822392
0.8001660827419553
2.1696048874366785
2.236372675298657
1.3083178982325792
2.1910741382575813
2.212249038148067
0.28329965260204687
2.1860797398842244
2.249681582681104
2.2113014398777615
2.2397107422555202
2.221094685553868
2.1631107442596784
2.1913808465205937
2.1860259893093077
2.19395723311637
2.2182322186290113
2.1710741320894487
2.2078617747355045
2.1952772124704554
1.3271423763219423
0.796843876826819
2.2159527095424894
-0.04586768261473745
2.1751313735251907
2.2234440758910794
1.262654989571257
1.1443764679569168
2.2033372893261323
2.1910978985801863
2.2166841798102928
0.855796066072683
2.206847378636672
0.9702617481343897
1.1450726717993505
2.2147712201288434
2.2217701698865207
2.2091016604360263
1.2659350253579909
0.680533364714801
1.1282133682900912
2.2010723807019312
2.212992997891906
2.162182257975837
2.2026855129954686
2.1652735714774662
2.1960984532091485
2.180361059261134
0.8440714403964656
2.2549581698244596
2.1942969074626784
0.28556358894854134
2.1856246202738845
2.181327145865634
2.1463288888179957
2.2090643638359326
2.205654522518943
2.199772347865559
2.197896023395271
2.2069767409286687
-0.23273904408196744
2.172982480697411
2.214591046944871
1.1632189544982936
1.11297405864269
2.244236361637239
1.3153693397945225
1.2806984433202164
1.2965480871350448
1.1470003459483575
2.1910749514419194
2.2433824954959998
2.1851597134922125
2.16640142126316
1.1861127143647743
2.209609612734373
0.29432845737879476
2.1755060604639747
2.1458133448867382
2.203781661525698
1.1796580512020107
0.7957973494185153
2.1605665360042705
2.221475242563577
2.1774691438325204
2.2502354844346337
2.1651242762645726
2.209657068615387
2.160967923447508
1.3128732794806337
2.205320518183038
1.1359207175102635
2.2071342064739206
2.2179817801901
2.231671433579759
0.9583450528179092
2.1926174776864293
1.020623043109115
2.2099092969249012
2.1886733220592154
0.2920732815237525
2.1964287428384948
2.2503363174343898
0.29278605555875326
0.3064413446632677
2.247542494869516
2.2066034247005337
0.8506710827745864
2.2082342376755992
2.223771766926545
2.18271109026933
2.203926757950116
2.1998310199124607
2.1919161566363785
2.270534768094448
2.2242158242413126
2.244758492589162
2.236328454393183
1.256821938482568
0.4816949143862951
2.2430806941634125
0.295141327825648
2.187417725110341
0.8386244971486817
2.2122784578487233
1.0481205992246976
2.204161995064606
2.2476551593892227
1.38167037804076
1.3629447957266931
2.2035344432400605
2.1948854710073507
2.201195896482732
2.224013477991636
2.2118719390595176
2.179665645321681
0.3051969979248911
2.211058486069249
1.1692707339139354
2.210465719000733
2.2546065273038765
0.2925597278288067
2.2514666750160903
1.3295540685599327
0.7686926534946588
2.234019844273168
2.244543015568086
2.2100372072002727
2.1967854611204363
2.2129487010380564
1.1565379441564827
2.226627764401501
2.225488113765301
2.1889350696933336
2.1751016882522043
2.184525866929784
2.1886694152568396
1.1424244012458808
2.185421537107846
2.228733595622285
2.1621048423829423
2.215696747432521
2.2505975064560344
2.190878354494743
2.200962180976399
1.1800490351930164
2.225994670794853
2.2249953133770717
2.2416729837019345
2.2004671303761922
2.225843632365237
2.1921962515284497
2.2055102776137128
2.218540360234831
2.2363220570395757
2.198249019391035
0.8739060412763086
2.223387672012196
2.239319440039531
2.2245373754816002
1.1568281695077154
2.2305121549735007
1.2885434593216574
2.2273010607910964
2.2049300565636876
2.2011038946183774
2.2367994684214807
2.2272678247872006
2.227062951529619
0.28965189761429344
2.225119529646837
1.3318253671136466
2.1978647597378567
2.2284844938005923
1.1345010144019883
1.1957669875001733
2.214576337688106
2.2268260132974556
0.2950723575790968
0.24299391713168034
2.2034768001025213
0.6499099022743768
1.1824079368590166
0.29708769047525396
1.363665578520745
2.2084890246059734
2.2431903471420735
1.1765034178072102
2.2126500389788806
2.214044823886585
2.184995276867119
2.190859168424131
2.207002903263828
2.2135950141430674
2.1961921191059957
2.236315313125835
1.1671789597096365
2.201251009377913
2.216267641117177
2.224697036536951
0.2962602624103944
1.2323727727768772
2.218894586287177
1.3002499377045655
2.242752209329734
2.2238206132754414
0.29750209798255756
2.2556231143734715
2.1919159357334905
2.2288074304377137
2.198747345487077
1.252719603522938
2.1972939079462805
2.186187898930573
2.2081602230793296
2.20504846259408
2.2196572891263777
1.3341773744901573
2.1865140105286702
2.217072459564336
2.24455431942366
2.247360976706317
2.1743370239901902
2.220622212111498
2.1605707536102585
2.2583205233674333
2.177306173978159
-0.4278757996608099
2.1917287188188967
2.227134666718146
0.29969107171616904
0.29910764395352973
0.3030708958076075
2.1961660602781428
2.195551771060551
2.245260001658872
1.3286828634297831
1.316220300949887
2.258459056677948
2.236224555802448
2.2048373843161357
2.184277834329494
1.1970429426950548
2.225771153822333
2.2267280759508843
1.0942701784571656
2.2004326805173786
2.211312523842285
0.2954668467240765
2.1988183137871333
2.2130998655712584
2.1922656767932525
2.212465442267671
2.193343796586488
2.2360341446966516
2.214522421954375
2.194879044380395
1.3275658853113266
2.207949380035423
2.2114530179236933
2.2216956549581086
1.1031132118724218
2.233360475815564
2.2399521328975034
2.226240354622886
2.230019187114929
2.2252791349733436
2.2241724137144967
2.2260787270492832
2.229417107837051
2.2208708226276683
2.2410897373090153
2.1968649093899217
0.3000163619382284
0.29971898990145157
2.217751669062902
0.3348926225431549
2.203900927525185
1.1467175815242572
2.202704391149772
2.203507308068424
2.1994843830810944
2.214377293612357
2.1853040683138154
2.2180567968756995
2.214608064654465
2.2715280480933187
2.2095021412181213
2.208487835826343
1.1346467870448467
2.1906986560043276
2.1720602355898024
2.2004446590081366
2.238388884077789
2.230354804185445
0.3095509645608705
1.0430529372451127
2.2205956109873384
2.2205015945097966
2.2608184731749437
2.2043345594277515
0.5706148516403295
0.2742860558141492
0.5800278599660661
2.194582385861688
2.212703422821774
2.223016865422182
2.210250690435382
2.2590515197363406
1.0135248959288177
2.1948472776748025
2.1700568620020064
2.2445404224866996
2.221060854594163
2.2441656667546415
2.204915182218593
2.205100112979974
2.260337974291833
2.220001996801817
2.201007229540773
2.269196735311881
2.221180276660176
1.151263019439715
1.123077586635655
2.223493629723655
0.9346105769807788
2.2330042790756623
2.2776662342577376
0.29967012374410473
2.2185210333629284
2.2185835923934984
0.4658543634329025
2.2150270393843736
0.4099368557089297
2.2006649925571824
2.2423303255894416
2.195455433623198
2.2338990188640797
0.9483602837301546
0.2923413351036102
2.2266726535241372
2.243781972843518
2.189262422106906
2.2391427932731776
2.2098328263038383
2.221865767631597
2.2231946843313355
2.2131569544811827
1.3273519059465104
2.251299341219818
2.2066763861029157
1.379553484361551
1.2585084970022167
1.3485247303457168
0.29478505832038393
2.2077929551954263
1.1037259276787073
2.2220733058353686
2.244642631225579
0.8091727294199595
2.223303929110064
2.2404391260383587
2.2327469954134256
2.2062225681682817
2.247041209997887
2.251962143903744
2.242192863388223
2.240278020635633
0.24800665981618603
2.228418028766945
2.209001384973401
2.2451732806207767
1.3584679042904113
1.3581573437971584
2.214564595950571
2.261542934215758
1.3871568348795669
1.1256911585627252
2.210849884036724
2.2161183490610226
2.2441972341109064
0.2942032498489949
2.2025504024879536
2.2550494957282137
2.2495823248481157
0.29250847660091045
2.190005656490453
0.2903984706890941
2.2039544706685468
2.2613260640059463
2.204991387733734
2.2314996236707003
2.2344105534986545
0.6022329921350752
1.2484719142676617
2.221362493266763
2.211213325507594
2.207086277633455
1.3317031965960544
1.1004863520891346
2.187636412740714
1.3737588874864848
0.375862732467432
1.328358737679677
2.244918703101326
2.276746464032634
2.2393558879368882
1.1469032309920133
2.2679075092878227
2.1666772844337316
2.242597180118766
2.1936322367065726
2.247707596351332
2.2076173051094674
2.229403057769048
0.3743552027041752
1.3551183073058066
2.226787136153155
2.221408077627176
2.2037302080645995
2.263482693300457
2.212403295130135
2.2493350311076488
2.2024940316092483
2.2208550398975104
2.2430595381480187
2.277716730781684
2.2075393185489713
2.238352098953127
2.2290405376540035
0.25183451327810924
0.5215212276596669
2.1931981322079603
2.2592083616765994
2.2732135470080186
1.2899020755012935
1.0979752564157963
2.213034052183688
2.2162833360075096
2.252590410444361
2.241554314748599
2.2217303791034126
2.198268276899919
1.2985649125135144
2.1921109007048796
2.2457350349055396
1.1571932342760596
2.212803426735297
2.2189650798587492
2.223906209961402
2.185901667112417
2.2195311278582084
2.174354617932146
1.333924935897607
2.22038450248433
0.8386137655383893
2.1911877217707305
2.249190229331493
0.5195940541561471
2.2394961773407034
2.225921892119605
2.222704987342218
2.209919116715521
1.3159452462579513
2.2508697078385476
2.201456462773983
1.0892985820188967
2.214605998726908
0.30980621974606515
2.209595497689081
2.241830199218918
2.191420655270467
2.247835747809359
2.202281990681602
2.1917303954403087
2.2227317980415586
0.9212472289343127
2.2457534361977927
2.2283061563902677
2.2126071814417365
2.190124166783634
2.2018444056629862
2.201523148592516
2.2465869250687476
2.2238887766943494
2.190343572176057
2.190993789582239
2.249274916074301
1.3867590815092803
-0.024702579492703325
2.229009740069559
2.2196527316974715
1.004981866970756
2.23623518083214
2.1961033663824123
2.2091544143135695
2.2580334555273147
2.2122414252087284
1.318580656733522
0.4236406412177579
0.30401135372379995
2.227959560870314
2.196951874493858
2.1762630090942503
2.223749297067158
2.2538273528070585
2.2068355402314337
1.0939959176604868
2.2330730876131977
2.2314744115896232
2.2143239186259494
1.3586348729376998
2.210023055276002
1.3060588232005377
1.3082799751843237
2.2338170646888664
2.214190728296794
2.217846605597906
0.30780095341492497
0.6637673597106846
2.242075149494928
2.217804939778031
2.2210751626778373
2.1953724762071216
2.223901639370731
2.227811923823917
2.225907365652096
2.202871770201448
2.2251240543622357
2.200317172196725
2.1951555249406107
1.3217529850571048
2.2013722523651458
2.239104693718127
1.0061959767255049
0.2978055171981922
2.2130264395014976
2.262109483569027
2.2071462684117025
1.295070212316209
2.2415390428510342
2.207753666743491
2.2049984710940933
2.2485300932535495
2.214805890488167
2.1864259508345607
2.2216443180716943
2.206541648030181
2.2383842985468636
0.4375148803933046
2.1911479174049964
0.20234281697283052
2.2166091517347333
0.30634102703625365
0.4661897795612768
2.2138181630006857
2.214198774555982
2.21595786722854
2.2223555750784487
1.0445566777807593
2.1909018907998092
1.1857978142672354
2.2095966668287597
2.18664723215621
1.1551846044408287
2.2097191715062285
2.2451896729853518
1.019495815358327
2.202283718767401
2.2096988930006756
2.224733882995195
2.2224978657288554
2.2122147911419376
2.232339644677017
2.21404655193865
2.2419920029148224
2.207060792920564
2.2166483577853247
2.2298443489853685
2.2571337168564645
1.1313282141875822
2.196123499860928
0.7919963410658949
2.2282566025812978
2.196418335618967
2.206563742433918
2.2086654850059357
2.202346438723196
2.20255784403039
2.245389303059474
2.194720197893205
2.257461390770305
2.2338630466663343
2.2201433456241015
2.1910878885013396
1.326201897575159
2.2077099037321903
2.2149532479890714
2.261746927865561
2.1984828012206266
2.219041699517359
2.250863294011792
2.2298702964045747
2.2196665334761496
2.214314234152586
2.248551540070274
2.2253240346437266
2.2667707216105155
2.208968429106607
2.201906977841133
2.2289743755518945
2.213954706949222
2.2275571839718147
2.192994900383079
1.1298897820795923
2.2627939925422167
2.1712050309687765
2.2360712102011275
2.239095709264214
2.198055334068835
2.2240119292720206
2.2026806439846878
2.1776687987507493
2.212279881024215
2.2059222662626943
1.1440499407297098
0.2970755995426628
2.244996320617826
2.240298265797494
0.18319464166222332
2.2130843480015656
2.2384821166698847
2.237368464457793
1.1752761413790187
2.229505367498863
1.3099884732811813
2.229919660171209
2.2421642631983367
0.006475196389237603
2.214846636090735
2.246040811530718
2.2359044029596076
1.2841492609300338
1.3036818013772147
2.209844463093694
2.2154232217179226
2.210872321028715
2.241984930770948
2.2050939365705484
2.2444980312173546
2.2308463017698132
2.240334060887159
2.2187045771744964
2.2627777143210177
2.213315648211048
2.2300045767414263
2.220439014222946
2.2125011294044983
0.30903582074023284
2.2261377074938267
2.222325818418802
2.231351889695649
2.224825702699479
2.1946994316747315
2.200444732444198
2.216120301744671
2.208324270127754
2.2110295340990085
2.233058514575721
1.1641846306293564
2.21919898016869
2.277890661596061
2.2255533537369683
-0.07184729583441346
1.37762029144895
2.1979445098978356
1.297266734176056
2.2088257403641824
2.230222915396852
1.0500238506220645
2.206150367921496
1.15212536077759
2.220199380445176
1.003531356917552
2.221747348887213
2.198937235470054
2.211506978141671
2.234658921301416
2.2278931236043933
2.2206885174175364
2.211528437210604
0.9466216466613575
1.2962742756152739
2.234783183495283
2.226303827662635
1.3480202307870335
2.173168455679262
2.21606806560973
0.6616154918443248
0.31748083203342087
2.25713456049142
2.2383328334806647
-0.2114210499717799
2.2775900648827934
2.2326582643250923
2.23618620270109
2.249620929895239
2.2497189011933694
1.1933226289771586
2.227766479867946
0.3000609070579889
2.2109163726456247
2.240115275437269
2.2271591914855233
2.2215830924181614
1.1663358704885436
2.1981153457575573
2.1968489294583295
1.339368255268492
2.204928976853271
2.2224871049893555
0.11757985342974339
2.22481237088505
2.2093550091258347
2.2145965598166626
1.044532519777811
2.198565664602298
2.239259816637361
2.20988744827941
0.29873501401926705
2.254946787968937
2.2414598747454493
1.194537326484968
0.47334916939503746
1.3444281522995902
2.2408528994485204
2.198679675031572
2.2324307767079126
2.225316977986106
2.245902551817877
2.2034731236801828
2.200112513034833
2.250307066749032
0.9925135773347763
1.2130402969139116
0.294995275866354
2.218806995986772
2.2197495281663646
2.244906744187273
1.3486583334828626
2.2027522422584136
1.2559670550795656
1.1835332870641146
2.2363668625370163
2.2254838940284962
2.2480107551451987
0.2985170386976883
2.1984082345003984
0.9649280069152617
2.212312135657907
2.2160144946856812
2.2203042342325654
2.2522197592907607
2.2284826277379968
2.2610016232647934
2.227619420429154
0.3070653049527228
2.2071264980148637
1.3557830933840318
2.2559316926283928
1.3673601314377224
2.224285171476561
2.234240145493886
2.2099302138647454
2.2450031313805967
2.243483609367897
2.2175743858360493
2.2328508687719344
0.294790877773715
2.2332128044906017
2.2273043964021184
2.2197239438800773
1.0095883817581461
1.3408872100333724
1.0095746799117058
2.1851641124564334
2.2262212538024855
2.2492490839322477
2.232356046069717
0.815593542875467
2.25147855845798
2.2184600562891004
2.2093109192044826
2.250609982985799
1.1817249078672185
2.2135122327986396
2.197529381944548
1.2139115039082546
2.234302997407813
0.2506084676789361
2.258394319883857
0.29167042133963955
2.2103133382953253
2.2729777347359863
2.221153196027302
2.2290971813374343
0.475868259547751
1.1366350554723377
2.2296749885285534
2.222783763335248
2.204166525024028
2.231772953044919
2.2294036083249766
1.3170081597538685
0.30312854854994375
2.1978392695819737
2.254966947400116
2.262882984094392
2.240498968783313
2.2154970010738566
2.213833659567596
2.2115389786070225
0.30129249354480375
2.2250133030569827
2.233300708473817
2.2407573337610436
1.330895746847484
2.2217944178210987
0.7654184168475487
1.3385653179474535
2.211990710309369
2.2371700959317
2.2121668625465305
2.262993749871101
2.210100129916328
2.2439432550185225
2.219732352548771
0.29663291056317587
2.2049000949246853
1.3000952935975816
2.2378902723619025
2.2394026778469422
2.2426936434341207
1.3127905255582144
2.2585945890289816
2.1998359564161802
2.216110017105125
2.2611457301604405
2.220073991052657
2.2499487850524913
2.204325492002682
2.2175442830655046
1.1671656103002646
1.1882850943992744
1.1436638912675952
2.1971807035672923
1.193663413207444
2.230402357597108
2.230351834597162
2.2105556243551296
2.240597958581695
2.1905482099858276
2.2212838737214895
2.2159302905484006
2.1891247137087926
1.2187236603104539
2.216541000865635
2.2571231253228135
0.9078693335703929
2.2518799088756367
0.9619494413064119
2.225372886939832
2.2763256772759446
1.3826876560846537
2.214798746038004
2.228886373528104
2.201963940082564
2.218717795131197
0.2960280432771337
2.1962286606636416
2.253006331897012
2.2248554517165564
2.2320161303691926
2.253548251807771
2.2310171961694354
2.213999702879796
0.8482823579161911
2.2004438980511623
2.2668270069765333
2.1982074755431213
2.2143865834596337
1.1155519265206302
2.192737115910496
2.245941659226612
2.229796588364477
1.308397878364937
2.2640876539854338
2.212740527323172
2.218077999922368
0.653780467586576
2.2130638381630323
2.227539285450336
2.2176951762818455
2.2597625333178604
2.2447712502475365
1.3726065344937561
2.241159855487852
1.3692290835518544
2.259387094542974
0.29430401385438837
2.256886867401685
1.2740959294146628
1.178829875993834
2.246934968222516
1.0179520692068047
2.2363907697472136
2.254696831876116
2.19842569794348
1.188797958366824
2.210949354814251
0.642577792712545
0.2972063676617652
0.2966219438502146
2.2011934075930446
2.203449388955316
2.2229758811644427
2.2276593168582393
2.2642797829946097
0.4796114902181376
2.2448474923747503
2.2145443433241194
1.1840189065655113
2.24921702988991
2.1982892031583035
2.2448044044752216
2.1970740831477222
0.30465622737410014
1.3526768377642422
2.2223191372963464
2.230339511935421
2.2119502323561577
1.1671099829248381
1.3562151371811815
2.2548482800407195
0.6473212978907139
2.231799823280868
2.1849083684065005
2.236226551531806
2.257257884295684
2.2272115400590664
0.8685285600959631
1.4083605191489474
2.1864923100767157
2.2322867165476374
1.2270112190523312
2.2547579660342136
2.2506187879706783
2.2186535876927085
2.1993681584301537
2.2316226362022187
2.240998691248823
1.2003337378827352
2.2375766655380582
2.229279208163467
2.222589347360401
1.3636468856982398
2.21556713030504
2.2215281607799517
2.1878426755820337
0.3373520566252779
0.24331987006709976
1.3376519964802491
2.2377893873278634
2.2267235710625632
2.2392940690171685
2.2629194575238056
2.2050724206220935
0.295308387585945
2.232585128003304
2.199153884153366
2.2146965155005915
1.137292879019636
2.1916654353300338
2.2481026330359475
2.2520009097588156
2.248530093892288
1.3113647527256003
2.2291293437944004
2.211524466401364
2.201926620945307
1.188886921228648
2.238564912820137
2.2397312168397816
0.3011548224003612
2.2111953685064454
2.2517708261214735
2.2022558507929837
2.2623922469471234
2.2077313373721017
1.3071759903069209
1.0221818284125608
2.198126266761057
1.1892796918134945
2.2518779475497883
2.2044998174736135
0.5487221419563914
2.2048908422625253
2.208839137142986
2.2519600858925566
0.3010532046626826
1.286159452982903
0.3399297214324648
1.1754513163520937
2.2328592556979325
2.2468467558702025
2.2187218007603504
2.2200674274294534
2.2413593012208177
1.1577382980488493
0.9899946377245552
-0.29813673856160133
0.7931234141665632
2.1970356455091835
0.3056461474650005
2.2377409641678563
2.272036985124893
2.2773490668824685
2.2474951090125774
1.0285253186738639
1.3932260511348922
2.2884088644525176
2.2310214254135117
2.24282857017909
0.7902925889497552
2.252245927804588
1.192325212374499
2.2263499998535057
2.262921841233699
2.237255583375846
2.233863747305068
1.1703633255847257
1.0582882869369117
2.249306447879646
0.7689956015800761
2.256893881954438
2.2084293763620373
2.2045468522317746
2.232250041143785
2.213833995856211
1.0281196233345369
2.246646388436856
2.24778152745895
2.253695376061687
2.2033260428595307
2.2555738593306582
1.3616311815686237
2.2419144332509653
1.2094366700708559
0.4806520055336575
2.223866125151928
2.2417573393582977
2.2656665601218062
2.269267379961611
2.219814106777008
2.234961047055995
2.192763952539757
2.224408120169193
1.2124553158663691
2.248698672122816
1.0065349067617888
1.196141572386032
0.011176535387946218
2.222899757058215
2.2128215319689843
2.241302427931672
2.223363651816806
2.2571254869345
2.2148273770751645
2.212891080675216
2.2328796048058215
2.1947616690909793
2.2217044373496804
2.2367363775345317
1.1948410360551993
2.1952973490194765
2.23446987185896
1.3504238294872666
2.2186471376767765
2.216734754773867
2.2288968886487632
1.0839798041998392
2.227701858395328
1.1524191654612097
2.240631243140524
2.2218236502940254
2.2062778112587256
0.3024587648315362
1.321747888425802
0.2911377398550229
2.2254342632675126
1.2132291985543486
2.232520302539875
2.199123623981145
2.2667294906492153
2.2406030956856786
2.251182142124885
2.2520264483167054
0.7359847330044443
2.2067024742073094
1.3545319859691711
1.0167032982780462
2.248035558266218
2.2436664662572374
2.2344525457434523
2.245347106862451
2.2477794322061095
2.19840922008498
2.2429067675212524
2.243832612496108
2.2140621893419152
1.3238208067380302
1.1928663210831418
2.186556836681805
1.2934026611217746
2.2260882433886002
2.264897426835918
2.2822414645497062
1.3466485115682212
2.2683755571870594
2.2601366254447846
1.3934613031958136
0.4793497164642661
1.3340209024130674
2.2440692459225158
2.2605848366620687
0.3005006521989501
2.2305650996579396
2.2069242592932765
0.8447606479711717
2.212308597171986
2.2446806488520896
2.244681504735806
2.2198478008861864
2.2015807001937278
2.2221760468114624
2.2358379201198266
2.2446573857989023
2.2137132708717786
2.2221415619796776
2.210186782989764
2.211710312085168
2.250406153221146
2.249987275219942
0.2993009229158339
2.2377560892201878
2.254451430904488
2.2355343082997114
1.2143423157684146
2.21541791345524
0.8239248204393785
2.2106214320803854
1.3304573091642535
2.260387513738694
2.2268878239914587
1.1453826412121215
2.2055881852181702
2.2133685656628295
2.281107560292999
1.147071339524722
2.2375144665816604
2.19210580739518
2.245381040300308
2.265844803173634
2.2318313952352336
0.8983261687137324
2.2028521031869266
1.0170299856779572
2.2076838189812213
2.200305930356892
2.2195627000884515
2.194343603050909
1.221243110708547
2.258219994695733
0.3025133258264002
2.2555468759982915
2.200511288217589
2.255372944859341
2.217130319101141
0.486847200879876
2.227514517998298
1.288985836861216
2.245821341443102
2.256108893037123
2.219598620633156
1.360790340204331
2.235972113928208
2.267278769447602
2.2042170528065763
2.1992632224367754
2.1935109591471136
2.2289085933806567
1.3632150720841698
2.235436972057534
2.267286097781883
2.219031067351197
1.201232491495599
1.1513163569110243
2.2282481730555057
2.249026387399424
2.233860561007008
2.1944996216153747
2.258447482368399
2.2488847160108145
0.8197954767260706
2.2416427006067803
2.290041314813439
2.2033934961390766
2.1800320124585406
2.2136280739132506
2.211900018244187
2.2194359786178177
2.2310509717534055
1.170545028976981
2.2065474491892596
0.30184392082995126
2.227137797753426
2.230048117258657
2.2039817197872775
2.2521054091521977
2.211010023866257
2.2209162398168134
2.2334368208268236
0.9960160376730165
0.9694557181242047
2.229769758419464
1.182561925676794
1.21858419738336
1.3453432546191808
2.203415876776862
2.229991005034578
0.7219182804763058
2.2375056944536467
2.2476295089766585
2.207007348374026
2.2278612222070238
0.3830709101071703
2.2014417610098946
1.1499737246325206
2.2301838989604454
2.2063020946271097
2.2227167007909285
2.2393814316162164
0.36938727709374863
2.2468794691128022
2.236946449135664
2.2035059863324347
2.2556085133081782
1.3605229330141464
2.220446709678389
2.2678084045775373
1.36205961333373
2.2731136332459387
2.2300182675887115
2.209055795825678
2.276471161555973
2.25491567550863
2.1716024295586194
2.2372172413775084
2.194900970563306
2.2244398943218386
0.9438949497330426
0.24550853530319316
2.2428946778095673
2.252057514785882
1.3086405153840521
2.2175176709934834
2.255626371024193
2.2439419357438113
2.215933912988466
2.2089591591242357
2.198330524804109
2.262398982904866
2.230947165981218
0.9636227199837177
2.24757074361266
1.3065079472812504
0.9689027085748897
2.2531980056768113
1.3058489833456213
2.2529479244627324
2.1944463582835203
2.242497411376859
2.2283625245578524
2.238426236085819
2.2181081087757795
2.238543440704467
2.217586906675123
2.2065101594996257
1.1371687776470167
2.2521770465231707
2.212486625896527
0.2961020204017465
1.3374362916498876
2.243684789274149
1.3997950180866612
2.200697676856346
2.2197631819420653
2.211502036910979
2.216116863799019
2.1990214263376986
2.240024967653296
2.2837605403698205
2.264416245309886
2.2280461696099847
1.313463288535195
2.2176121868121115
2.2264570489460107
2.216436159663228
2.265218363903233
2.2158155544764044
2.223756169726448
2.236776037565764
2.2247770981409394
2.2083341702112005
2.1995624191682808
2.236566856254889
2.2363551345117756
2.2100616152150567
2.2350713973383307
2.2341940260336246
2.2391718710557953
2.258983996609243
2.243622160718039
-0.18889085444203058
1.1904687018499067
2.214950012872278
0.2468515903543822
2.214224142857374
2.2426689923427503
2.241405691534178
2.213576060168284
2.229388765450823
1.365162976973358
2.238359424723237
2.2325082284492783
2.2044185318831486
2.224340242886941
2.2111860142557926
2.234014854520196
1.2631198578980012
2.2015845142983688
2.1985791735388363
2.2466165752774603
1.1617522237487818
2.1877839640275814
2.207527521812334
2.225803431631792
2.2533927303980317
2.240100406874217
2.250218324118114
1.3380610871850478
2.2375303084431915
2.229023514896396
2.2586456254061917
1.383909596945627
2.2246108223927634
0.30792102956062545
2.242145275421979
1.32970720112622
1.3149997301783418
2.2260881870939953
1.1632994211899348
2.2723992506534123
2.225837700801047
2.2310650572115844
0.6624912044134115
2.23040426556489
0.36424487507213943
2.197205649875979
2.240607938274342
0.9851396779603177
2.2266100920560303
1.31778164068009
2.2322225372428073
2.2363569489158097
2.262260977671239
2.2277658403843787
0.6594915347056224
2.232182416874929
2.218654860990207
2.2622163706403144
1.3626472453925775
2.22614686108129
2.2685154959836753
2.2065177802460116
2.2202289992058213
2.2093182266355282
2.248735303025462
1.3080339752296801
2.21619944760708
2.173121187385422
2.2406091257547063
2.236691943977285
2.211523162229919
2.2670496928482984
2.236894416835865
2.2402189738958938
2.247164121545891
2.2432908632948427
2.226221336027049
2.2368730071227194
0.19135419075878868
2.2324472545937146
2.2376052936311157
2.2254082647431286
2.1801432615315943
2.2410399289695215
1.1302776598606574
2.2629725244993377
2.217932164563794
1.202981278563944
2.2150197954200976
2.2347564335366217
2.210517427005337
2.220408435447866
2.2493569666770776
2.2122586998217133
1.370289238244105
2.2398062826859895
1.079646300753218
1.163404544898614
2.240487269965479
2.1978942279446416
2.2089149781119204
2.2314475238227107
0.48302961837439473
2.204736411211045
2.2067507921165013
2.2363482755325332
1.3188339911113314
0.29254007025216394
2.2316112849755836
2.276132277320035
2.2438757801461193
2.206037445766537
2.232213242023094
2.236847839828037
2.2169676900838162
2.225806357925281
2.205137578168092
2.20951783620666
2.203376772231703
2.177924307064319
2.2496678150643143
2.2365450723064075
2.202348464725137
2.2063312337358023
0.3021458775625351
2.2293492468033875
2.226407573663592
0.2484762723505708
2.219082445793477
2.2734827429243967
0.30137671294844226
2.202404708370336
2.2500120881615446
2.266236328830447
2.2595903073970085
2.2217723184067335
2.198912482232121
1.1974242754859987
1.1709618193856755
2.2745185397977847
2.2248793195092467
2.2476740835426083
2.2187307932280005
0.2994463012597724
2.2311370305851694
2.2546077712815995
2.208572893252763
0.4792500893440308
2.2286617611055513
2.193923763166393
2.217361647811817
2.25059869409081
2.211458808381707
2.2668373665201367
2.225442030514988
2.215739258739116
0.3057634024436865
1.2380795311571688
2.236300796111493
1.2964429451967658
2.229050683443988
1.1831343403868289
2.2402190476880035
2.2275184163949038
2.2232189205011674
1.349053150532452
0.9887455173451589
2.2456908102253883
2.2471007610528604
2.2270843498153488
2.237091474827754
2.221661036428204
0.5694997370135487
2.2145936543200304
2.227623529907919
2.2056003897685867
0.6653059310623505
1.2025657776153134
2.2227111088455533
2.273150829363573
2.2573766906471837
2.220183546478082
1.3150068606231022
2.2137997092546304
0.30253127058735296
2.2405941675757424
2.197266143528073
2.250916165253762
2.2585878017814487
2.200101589947332
2.2299211745309595
2.200744293548218
2.2195111589535585
2.2123297192156075
2.2206851862940997
2.235414737886778
2.206897983477823
2.228178906392111
2.2051250539066167
2.1953330666657913
2.1939808071720157
2.211471555344617
2.2613035956264316
2.1852983771631536
0.8316833271647587
2.2374263823194758
2.263802124583705
2.2526570903671614
2.2327137517769966
0.3086017303835553
2.236377321186726
2.222314310764731
2.1809993404033454
0.3027206251276703
1.313402327260409
2.1873975715143845
1.3668870238587445
2.211370201247398
2.2495487083297943
2.22619078329633
1.377481967730133
2.2120937127487306
2.247277397691361
2.227299526622931
2.23969418271193
2.2427935557823515
2.214894161114057
2.2591676937341933
0.9719865359626185
1.191850374707615
0.2934667166824726
0.2962798466060875
2.2465505009471594
2.2656584187222437
2.2437448163644094
2.2344884463121426
2.2135838543966697
2.2463253689264775
2.2383859726872783
2.2654919083558553
1.3324883450882186
2.211711307286592
2.1990998420973185
2.2470629132687225
1.314290822063924
0.9845412646503185
2.2019574712570114
2.2126280493836683
2.2531522758853755
2.2554809132499547
2.2631558647486183
2.234534123511833
2.2124234296984184
1.1964718759828008
2.1984809555967866
2.2376095752455516
2.2094671982754885
2.2412350002391133
1.286715126350039
2.2424228968415063
2.2388010316704063
1.3323048540882572
1.2616022644762384
2.2381280345786925
2.217764478666755
2.251642584592173
2.2236720268406964
2.2482935503709847
2.24340986926102
2.2370290945720894
2.22429625764707
2.2713137124738783
2.245925203642728
2.2517354627488047
1.3317607781911724
2.237091301230417
2.2539203112752544
1.3902608237899847
1.3668682259463192
2.2356177786028555
2.2290851838661583
2.247824591475174
2.1983749599219666
2.2184913964857738
0.29482843506391415
1.2971650868141957
2.216933312279337
0.3032825881583405
2.2491375733730363
2.2627359542424905
0.30263712668654535
1.1975983423654035
1.0719966217395211
1.1887605556409573
2.249431353427957
0.9844526825378281
1.3162865142799827
1.186580729725522
1.2109780384443374
2.227139484938959
2.207055502785855
2.2117365982460138
0.4376566103446174
1.3306370723728564
2.252600842622577
1.2244338893098887
2.286643441784764
2.2223241132442695
2.234383312965432
2.269097473523904
2.182304240257003
1.365857372659634
0.48558422000222934
0.2993826944758964
1.3714105632997073
1.1572034905896917
1.0025008029523712
2.2311564838698956
2.247615414266438
1.1291764107029794
0.851212224435272
2.2103363146795916
2.201151331128986
2.2294335733121993
2.241248202610528
2.238623825736708
2.2495596832137847
2.2303549777526155
2.187549948014011
2.2055304247372463
2.239741538122174
2.219281374170775
2.207931725287436
0.8356090453015249
2.2559289995251435
2.2298530399776233
2.226566473704326
2.214825382448792
2.2680692491714574
2.2140852076739663
2.224971210294774
1.3671433528211392
2.250179194362416
2.2332862542233105
2.25432452269139
2.2552320694328105
0.15964654637181708
1.382882550350103
2.2184396129991404
2.2129028450477053
2.2164432166438925
2.2474249586652624
2.215723410752001
2.2232653625870826
2.230722245072549
2.2309978960285606
2.2205347858718794
1.369558864452482
2.250780766807932
1.1359361997625452
1.3561458464427614
1.007517610305486
2.2374708975113204
2.218478130332958
2.223071754890726
2.292276790798312
2.2318181509584836
2.2134865945605013
1.1950923086195657
2.212815264436001
2.191024976750522
2.247090099132702
1.3609406053397024
0.8477149257535322
1.3290509681828795
2.2260893893596494
2.2412103159282935
2.236277274384589
2.2621958499199954
2.2186381227222185
2.223127299884699
2.2460379206467813
2.2442953677510156
2.2302691343148036
2.2267478017805273
2.258738743266373
1.3593792471436714
0.9556633665042955
2.239081539069831
2.208490740456349
2.2366504048574583
2.248300346418522
2.2539940716270284
1.3378119230912828
2.2449026595348096
2.251630324070205
2.2643029054164368
2.2245367626958954
2.2035015237925437
2.2566266970616695
2.2068663673572013
2.2455544589688645
2.2213916706492833
0.9895768493226152
0.9663524937360239
2.259986341116063
2.20660151611248
2.262780874337202
2.2368546026398226
2.179486899409
2.189546990829371
2.245353069714426
2.2064110271062676
2.230863903642343
1.2319076913999403
2.2273057667013467
2.2306132166902612
2.222986372419151
1.2553684311238886
2.2460889066552117
2.253486972870425
2.271520624117869
0.5385195216874828
2.2323703200325897
2.2152524063193444
2.239910627429285
2.1980371161595587
2.2167389371346222
0.09635614545263582
2.236019523722005
1.1885427201382484
2.2394354268572685
2.2052805004953946
2.2462853045320945
1.2425866028653108
2.2243676843442177
2.2144944345960726
0.8388832393192537
1.3020149238347307
2.2597818571552173
1.3260125547937676
2.2180767464595337
2.2192784904021603
2.2275105745103634
2.2443443222571062
1.2750982560908684
2.272309797704776
2.213731895268501
2.19304603776209
2.237709918917406
2.227244042367103
1.3493024769338704
1.3137870991800022
0.2989955638772923
2.224512690417
2.234664067122638
2.2059786138047337
2.2219688259513672
2.2476054064613997
2.202361228931255
2.2458510087731445
0.4878495867546049
2.2122654994122044
2.2393106162841794
2.224155573508976
2.2790169867348835
2.2409442175418586
2.2359128571994553
1.3100822770931178
2.2194995820088685
2.2380046761497896
2.2101698700417503
2.2550541151081775
2.2103285068139407
2.2553790306036037
2.2323366983781794
2.284881998738693
2.261176566123199
2.205192414729794
2.222599917003894
2.1996341260235646
2.212155589531961
2.221704613975543
1.1988315567325403
1.3035686814268361
2.2440114981250847
0.15727777294489953
2.1784595716776636
2.239868771237628
2.222869352767021
2.222143509521229
2.2402880970155623
1.3365959227431232
1.3640987961857238
1.1984312266821335
2.269580365982461
2.2150630791090715
2.224741215069188
2.2241560632698603
2.2163340968842355
2.23953862774255
2.2037606573979778
2.223389667961337
0.29587311511476505
2.2309865177704586
2.208817819179748
2.2343349210866768
0.8940041467036577
1.1793452479988247
0.4030536280502824
2.209741350856332
2.1977506652051635
2.2450802987266547
0.2769423067339484
0.5425526969916291
2.2076353605039074
2.233220527375842
2.2383947231317185
1.1348751194640583
2.2176648126928926
2.2153162743081953
0.2960786872181722
1.344689694871299
2.205578963745965
0.7312939848795075
1.2719157760134419
2.2523047881670513
1.140236740102164
2.2173078434734617
2.2003431680390833
2.2621749938734625
1.3540379427433331
2.1932200171583602
2.245202576557994
2.219812912624861
1.203686089807949
2.202467456754828
2.1918766274872183
2.2533211490889684
0.8541602810840967
2.268698500259472
2.2253885813254475
1.181832127469822
2.2292351342965873
2.258907263604227
2.218086275672276
2.218876952394679
2.2237606429244585
1.1680156715838201
2.2277231023687047
0.06654111951073435
2.2528116487761194
2.2562803618468825
1.12512593218603
1.1989889258545035
2.2635974434910997
2.261638387242046
2.21332110140687
2.2211743809899693
2.224116633667937
0.7044504366175766
2.2167730444117018
2.215311141439254
1.1868064329493628
0.8289616951564225
2.223465796899011
2.232924728946739
2.2508885985259797
2.221585082819609
2.242941428189534
0.4833928828161921
2.2087673630029467
0.9963465852113329
2.2235889656014276
2.2391642440772044
0.20541659210001142
2.2303342876207473
2.2274206557444485
2.2505766116349246
2.2318692891820002
2.240922687016841
2.242522204918294
2.2188691664385143
2.214310766796847
2.2353031196005904
2.249588874368617
2.253879198319172
2.2182270118658005
2.2114836948665304
2.2168678796431456
0.2907021568325941
2.262047587189074
2.2324757099259225
2.2399588120183638
2.2043335377145548
2.2559864883579217
2.220338396558795
2.2200511774229743
2.2197779907341815
2.211819707058628
2.213689804820636
2.242316986428987
2.2214550979523153
1.3379841046593381
2.2475890792757203
1.3777042819197225
0.8015022075064736
2.25644541139832
1.2022443369058258
0.7153767449642743
2.2371795742858884
2.222592313314675
2.249994395158345
2.2255765933042984
2.2502360923561486
0.29481765239151136
2.222808774372056
1.352003785920463
2.224348044255896
2.2500286822241184
2.2326336232092103
2.2282067389164673
2.234922213392216
0.6840184830284661
2.2764275373337592
2.277551498076602
2.2249987442420838
2.205390503714286
2.204950080526948
1.1737188610977825
2.2558077268010575
2.2224128294496848
2.237073227278942
1.0330225292246424
2.2612146487936258
2.235753235774964
2.226592143718012
0.29833380163986456
2.265508754551661
2.244857299974523
2.2108781471377985
0.24569393812282428
2.219500407315767
1.3447084609449325
2.2030988170648973
0.8511865816961335
2.270598033154231
2.2007352385322947
2.2443094852247882
2.1944753938616044
2.280239459672334
1.314017384578637
2.232985008678224
2.24430735352681
2.2375804882420023
2.2373418228933035
2.240478191467416
2.2473965370355433
2.2371191479517325
2.217434125806014
2.2153663029248056
2.20930775349324
2.242317104963429
2.2209349680096357
2.2548917132645245
2.171333904866923
1.3377135233619901
2.2337735661381775
1.1223198656264255
2.2279018161311286
2.2381903481201526
0.5410686033363727
1.1447234925220355
0.4783496314445578
2.2192014108186457
0.8820503145052323
2.2668725041091164
2.213197658937005
2.246999116442608
2.2285733915009316
2.2168499516319837
2.2548241672550065
2.2061809158382455
2.229342177869153
0.29450297621207056
2.2041628134274145
1.1916058685233415
1.3639666252827576
2.223576937252072
2.2219674906454783
2.2076568307006728
2.254660451159639
0.6489595629044732
2.216210072693534
2.2386823252433743
2.245104666653757
1.002089165847797
2.192929238293485
2.23975381070826
2.2286087920349726
2.2232469268296104
2.23956938139634
2.229238688514706
2.236909145721449
2.241473962005089
2.1960217501257246
2.210794120485219
2.1950413441645265
2.2304111452453808
0.3335997452917238
2.215697094483506
0.49441745498328166
2.224700159157651
2.2124732519812413
2.2357279591607018
1.301818658589625
2.212398762836084
1.1714733940981918
2.2198350043617454
2.211791887811972
2.2313307184456512
2.23245876056282
2.2683377385735173
2.2144539913639
2.234023515205764
2.210644272902383
2.2373064182616513
2.2306218801895623
1.315808708297129
2.2301833259960606
2.236424198883576
1.2772545911761504
2.240023024833235
2.2675928876802667
1.3403869977262683
2.231490490106343
2.2202422744567953
2.2549422727421065
2.1957626941104014
2.2297142072798812
2.23957420501676
2.212526798486431
2.207540903485647
2.2045683037640487
2.2310482432602265
2.2148046809668305
2.2165602167183636
2.2336397275578097
2.2235555306079577
1.2268371146756833
2.194457482373104
1.2096272721260017
1.020824958983194
0.2985606297601945
2.2165234389631934
2.2011165107994746
2.224780038914452
2.2408018677307417
0.5981186248041501
0.31250343398359437
2.2264327200687144
2.242588572809394
2.2260607816103977
2.2073801789377754
2.2038932798845012
0.302228120876551
2.2184537067826535
2.2345849379221505
0.056613514931123265
2.235354890282337
2.1969478292737294
2.210960188468498
2.2238076484526585
2.2179828606372474
2.224511667294991
2.204926531046631
2.2272595951765464
2.2168634219387795
2.2209164498724716
1.0185100987314089
2.2292482716133937
2.2520896311895253
2.2383030357190394
0.3017032931821833
1.118834723353768
0.9677487758722689
2.2791805521942363
2.2541895284698663
2.2477182978983232
1.3821969231427982
0.3016427577590231
2.261119056182867
2.2119698493701843
2.279261317780987
1.1930724915707454
2.20842786998385
2.2171999661589954
2.215467797271316
1.3854651360570207
2.23352712642113
2.227158716174768
2.223694778263645
2.2673808419563453
2.2026277416682736
2.2605772646843416
2.2191408132212223
0.2835449836699413
2.223977528688022
2.2421797157086334
2.205554080525751
2.2112328112735025
2.2492875685081035
2.203387290434232
2.229840250077297
1.3146270399127402
2.224130835346246
2.217692052112634
2.242200332133507
-0.06979739730767354
2.225292305818701
2.2169452224860056
2.21267662184274
1.322136667337972
2.2107275996821025
2.2060970759318064
2.2631267836428255
0.29607915348014824
1.1931433597540977
2.2606558503397114
1.2162724466152262
0.916711896974326
2.2325377944177687
0.5910869687704248
2.226860379133431
2.2300193583608854
2.22139168649447
2.2247004044514997
2.2127664605352626
2.195531132206087
2.1975712911224523
1.3461910787517999
2.230652376411829
2.22314141162043
2.216244563194345
2.2305805939894183
2.2363925268551332
1.357376965570581
2.215881328969261
2.2279845382573753
1.0799222542312714
0.30087775599734407
2.2627799056093654
2.232392581373261
2.218653440667552
0.10317774018083387
2.2283870959632903
2.2128886729630795
2.21896979108448
2.2315569148994254
2.2235161589320933
2.2536009927981753
2.2176916463802723
2.243998269834304
1.1245873850107482
2.2414758525191254
2.203464153318332
2.281628314497258
0.2958283700159686
1.0674367733693946
2.2672119544005893
1.0971539622623114
2.203814572436936
2.2750477364012913
2.2134771297304896
2.2680531151431893
2.222763733187925
1.1672960122725313
2.2210663691185943
2.238710263562199
1.3135481254901953
2.2128592452815825
2.2369654846892266
2.237814827000188
2.2180139057108503
0.9706320497195502
2.2627336571929497
2.262427801094227
2.228619992127583
1.1114397852336348
0.30328023728511233
1.3577732478157187
2.217607776953865
2.2353639515458954
2.2223753435238836
2.231030429054617
1.3546094322850242
2.221732483817968
2.2191899285429235
2.1897997411077705
2.2118202168260144
2.2296488084870663
2.223642396013893
2.21327680460235
2.2686881434909405
2.222018867500573
2.268657029385577
2.2521717261777594
2.191267096233512
2.254051996338193
2.210331928986893
2.213166764133808
2.216495701475815
2.2444797576573867
2.2307639180297154
2.2216329525911664
2.223872253733031
2.2261543012265124
2.2623771581984435
2.2538539146253544
2.2030953826368895
2.2497418184365037
2.248689801577247
2.2534030041384394
2.2227708254378014
2.209548737486718
2.240992017116677
2.2266088391174534
2.2580848117920844
2.2541489020849834
2.1824468463855866
1.151791276357868
1.2712365894437696
2.201393201526744
1.3406058424550769
2.2501451153351546
2.2129865886271474
2.213690569613955
0.3110801791251717
2.2223176014602193
1.1616100846262536
1.1616315041573728
2.2695516610331783
2.262081915822789
1.3562535458140919
2.262623740871877
2.2288847806827365
2.2580505988136004
2.229452252292803
2.2088013695615984
-0.22483221576672582
2.218117585501333
2.200075414693547
2.218211319700527
0.9831206256690456
2.2499201588415683
2.247317534419503
2.222330226302007
2.202281302296956
0.9945518384265836
2.2109663878935706
0.30146627503410567
2.2467196454554346
1.2346953800955098
2.216790738734071
2.256145468031086
2.226734185108525
2.265102489405574
2.2312268176446484
0.29420896125797896
2.211393693199182
2.2616994434826623
2.257714412625041
2.2052316676964674
2.2168719925910576
2.1744479573667688
2.2737503350913038
0.2996808676145589
2.1897338367158032
2.191060370687966
1.0760654082809955
2.2481167525130603
2.2480749956280675
1.3698120885844398
2.2233838398163384
2.2176040852749
2.2186455955643076
2.2546085312954904
2.267168580270968
2.2418437262745474
2.232086553431065
2.253250183956326
0.3013941791681394
2.236454946172425
2.213093641633916
2.220894090656554
2.247920862399557
1.3178976281371924
2.233592003339071
2.2451292642999157
2.241893525365454
1.341027708622802
2.2265662984505417
0.651394590623982
2.2276094851801287
2.2557317277124898
2.2110701796900587
2.236906520163976
2.2165392171460185
2.216248315588451
2.2254418822537763
1.3591343690694253
2.2541668100398873
2.2508282703908242
2.2554369838223565
2.2236659492384714
2.2399947182343163
2.221495511259279
0.8260640772946642
2.199049111600085
2.215416703778433
2.23236554412743
2.228023197381154
2.258193490429039
2.242657153378926
2.2163931673015096
2.2627605057964715
2.2447506279974965
1.2929671026614524
2.2020627539146753
2.2155301575530584
2.225507820064459
0.44136762243064404
2.213901580742493
1.1482905645464285
2.2064222817671926
0.30304466013338394
0.29580090768145184
1.2170934293016775
2.19964230145361
1.3892873109148964
1.3087860839209102
2.20422103306301
2.2644730634373618
2.2584179938238798
2.2507683287129288
2.2503754426140974
2.274649413672182
2.2018206876567037
2.2004289156878705
0.47602417446747697
2.189262179002837
0.844001180805799
2.2260032908798224
2.2816838954036003
1.0114128139671925
1.1472713248121662
2.2052661908065554
2.249270181210569
2.178573812903898
2.2431980218447447
2.249528125310216
2.231508879687736
2.231396500769023
2.2339073062219277
2.205135575146074
2.2557451108482116
2.265130253365574
2.2428408121823917
2.189182547624781
2.2533415054928065
2.215519152446014
0.39410960043710896
2.2332160296844674
2.191225865034785
2.2085088250628306
2.2291897381297776
2.2541598912755054
0.6492143587443759
2.2157983143349833
2.218488225153086
2.2392784254301428
1.1615392906765967
0.790086798581607
2.2390190161925307
1.3546493666805843
2.252856690098038
2.2463197565800366
1.1171435723353527
2.283937387112508
2.2467575912047124
2.2681194846431003
2.2027456242213965
2.220930922748008
0.7445476270583842
2.2244180460417695
2.243777523811318
0.5129196834471677
2.2162066385781247
2.216835659196949
2.2150530607920005
2.211898645008852
1.340355840385495
2.2111789627317493
2.2370016009812916
2.193561483006823
0.8332551335439882
2.2526629089571766
2.2050015060729873
2.222059738744009
2.182929634455604
2.207133603775257
1.1750444737894938
1.3481925186353572
2.2451020071462318
2.226950015241454
1.0725541700989976
2.2425471373478247
2.2488520832505783
2.2284994575118455
2.22164294904748
1.3275007151430482
1.1182415048863987
0.6428881867001759
0.982898186623523
2.225301750665423
2.2188926891423093
2.253062525889419
1.11716672393617
2.2280182798608035
0.8496822149490291
2.240776111654456
2.2370741123584317
2.2741843124006076
2.251901714576954
2.2353223753079297
1.127863408201267
2.22509331352592
2.23642924661398
1.1198291413816477
2.2470723605069347
0.9760389711900083
2.268413944221842
2.2104375283000666
2.2177595188862127
2.2034895914188977
1.2986760689986814
2.2091333998700904
2.22313049922224
2.2130417401463327
2.220665479661758
2.263247625645639
2.2511502301295883
1.301092153122603
2.235275793716153
2.2105679130749003
0.4511313982001594
1.3497288333060675
2.210858293748585
2.231244644820934
1.1670362702749943
2.2130228681880135
2.2219000354326854
1.3623167653739143
1.329100749566704
2.213048830038045
2.2233903418552448
2.256255707977189
2.218637306993223
1.3228811109595837
2.198759237620169
2.193980346754129
2.212775743894529
0.117976565458318
2.2309214231752907
2.2569672282121935
2.2755642804085867
1.1867661053020346
2.2135360190617925
2.211105325238351
2.168185816703022
2.2200333024558674
2.2547856218970557
2.252298118559219
2.228649749005554
2.2203974087307623
2.2280923950673377
1.3395169639313322
2.2315878738602244
2.227608802937328
2.2219012395804594
2.1950310308655716
2.247392699683615
2.2083165346346285
2.2022871481984354
1.1110706439971043
2.244531924796082
2.222951876222303
2.2060299461414834
2.2447784710098393
2.2526379661170766
2.2299337010468157
2.214937549986199
0.9438742697112239
2.2620528288775765
2.2335935907237414
2.2052707733918586
2.207306165082219
-0.029487074578379402
0.6588334877413147
2.2292393288604297
2.2132607548595336
2.2451668674194862
2.2479158981633667
2.1714198097112094
2.2539799375842327
2.2555624403475716
2.255604305287094
2.2601145680463683
2.221367430928439
2.2134029608692205
2.228254718422842
2.2759909457607943
2.1989695370368567
1.3699142433471863
1.2017190136909706
2.245442674030764
2.2130791540169144
2.244086829970739
2.243674197920744
2.206823213153485
2.2500268125029423
1.132759008142787
0.823523458003844
1.3199738588423513
2.216501503326474
2.2496608205705426
2.2336585197403114
2.2314373433600876
2.2203421180722027
0.3299734087452062
1.178776840668373
2.2402322987537393
2.2356134556414347
2.2152796094741456
2.232181132820046
2.1969502365438784
2.2334087178195943
1.2238559673937988
2.2453767847979886
2.2360336941694166
2.2066069445773735
1.3825105587447768
2.2508436229410473
2.201144807143133
1.1038881678597392
1.1282159684528599
2.232899507404145
0.3025918261793157
1.1733191665543343
2.254753032020618
2.2551466926614365
2.2221138389305457
2.2043509078201784
2.254095699071093
1.1367545960975143
2.226503142696273
2.2458555442467993
1.197639877999811
2.2698177222451896
2.2319459542421765
2.1908121859211067
2.24274304401961
0.30497759754955195
2.2215362960610485
0.3015480296799738
2.2560117809237346
2.21693578744482
2.1890260450221275
2.223881912471655
0.30098198842654045
2.2499048811912923
2.2332377314059424
2.2146091414065543
2.25539722062887
2.2373314787111296
2.2294116854572756
0.6070581145779549
2.214839925630107
2.218254822750904
2.277638434986691
2.2115025004490123
2.29313743100101
1.3667272313248389
2.2490780644849657
2.222485737107406
2.2609394662692353
2.2577209109591263
2.2146061290914383
2.2094707788168333
2.2482138529333753
2.197092688485823
0.6673378696209615
2.2598306297565536
2.2074190614136695
2.2015505894272005
2.2372244579810356
2.2063131782717837
2.218818944305264
2.2105123111013967
2.201818567389733
1.2748412487190526
1.1858045912064812
2.2134918746595895
1.334799415081154
2.243198838006111
2.2225732243959424
2.2390905488015815
1.1880076526872576
2.2564517608607804
2.227768852445293
2.2065151560078085
2.2471241513189044
2.255536799505287
1.2084525303520866
2.2337153440893385
2.205098925205049
2.266585238281542
2.193651390310989
2.2443043013471553
0.2940156175405919
2.2193812582038213
2.2243464609296155
1.0503836196827891
1.069707131079435
2.2339165353424746
2.2382928563696787
2.2131673605205586
0.8444015406491268
2.2206741741425082
2.224936967656614
0.4751520908034541
2.2481548193291507
2.2167464904032004
2.201329895441968
2.2552499207734895
2.219404227493
-0.02753047332283784
2.245809427911277
2.229788771413704
2.1992569276130376
2.267828592393881
2.2331287398596906
2.2281178369755548
2.2120717454722785
2.2098685390483768
2.2762201012979704
2.217861969223056
1.2106990933719946
2.2118584399058503
2.206082544118173
2.216223783138423
2.2362575563553957
2.239026570752454
1.1925334143612187
2.2256736184190737
0.6435209160307652
2.2985142675225156
1.0090813447020603
1.1769936012393694
2.20641456146864
0.752111366406525
2.243041078749755
2.2065899671981484
2.2917928529179816
2.2637253989009496
0.9390746748265104
1.1629979956412384
2.230080181967052
2.211701207203804
2.2296024655687114
2.240621018128115
2.2148887354493074
2.2183388300508438
2.262030342664841
2.2120008889561724
2.220647323075332
2.169327794115731
2.2355379922593195
2.221198084607379
1.356209191370007
2.2324087999326068
2.258508263730058
0.25373771955983393
1.3336012808212176
1.0908411862938825
2.232460516125899
2.2217161722721928
2.2191585482729743
0.301583448747892
2.199333664630883
2.2607992140917075
0.29399190530865266
2.2770117442915483
2.266075212705751
0.2955554276709327
2.244872310415686
2.1912814584251263
2.227153181719067
2.2289151284935915
2.2236851182081003
2.2184814187516793
2.2051596975808314
1.1851157286889102
2.2197953763425082
2.2300804544596793
2.2232945503150017
2.253951626443645
1.3076855798752494
2.221293017266288
2.2034513184133675
2.2117105271231803
2.214865671773675
1.0694300753756754
2.231414171972766
0.6050973896816196
0.9685809463439333
1.1356987966565903
1.1707374521756473
2.2420420920919852
2.261243483603454
0.2927296724614069
2.211349851420091
2.202406774621866
2.223607622594624
2.1995278322891876
2.237392817585814
2.2403213200705743
2.2600842501513005
1.1554559812095602
2.1976891434302743
1.1199086503162354
1.315708395764141
2.241531864619173
2.2267371784419723
2.223306223900438
2.251086952889726
2.2314521185233493
2.261682473336809
2.2596675595258753
1.3731972735597922
1.382984434034414
2.249872207283425
2.2331148004609673
2.2045154666809
0.7536369594721567
1.3520343391897818
2.2426723247421188
2.2296135565596487
2.259330364776278
2.2384329158905967
2.241018028852485
2.2600779066132315
2.2319916305843392
2.2180262439428673
2.234245557222425
2.205194573277783
2.255781260885767
2.247864317407366
2.2215236032663435
0.9088783788728814
2.25918075231714
2.247395586685184
0.2997133312564949
2.2719584032889375
2.2447163865439674
2.2623937201612576
2.2692681132207637
2.225136758995641
1.3916015715489252
2.2481245835270247
2.2160308024505753
2.2525431914740883
2.2463239402738893
2.2775240194361457
0.6452353119826644
2.2015368615000903
2.2622653068843963
2.1959890018529133
1.215960687311429
0.25730205175141996
1.1905458980251176
2.2221392626283016
2.221348486240644
2.22491454653135
2.225818063849508
2.225348934414771
2.236481540890515
2.2425757938018833
2.274501060531918
2.2359082093947427
2.199818714636093
2.215312592850263
2.213795568633948
2.240271862912734
2.224878532203588
0.2484672235428218
2.221612343306481
2.215463745345712
2.2355073317974306
2.2055852239310725
0.8714134895357503
2.2286928848206182
2.216436012972233
2.2330167266736316
2.2260712225046437
1.3559850140622076
2.193689007150163
2.2304107226049625
2.2574260209966823
2.2385881366013907
2.2185099951380978
2.2264603332220254
2.2138436136898885
1.3778516286704894
2.2273444156114817
1.2035123100839302
2.2289111909376262
2.263088396652628
2.2271745075866507
2.2517881882108446
2.238405447423313
2.208271974162847
2.1974116643237465
0.8080520566034441
2.2559585893552283
0.918955812834598
2.234258228490452
2.2292422681562485
2.2453945430694846
2.225289855699695
2.239205010839095
2.2267040968069836
2.205968406682064
2.2497162485150244
2.2557216381212872
2.224236557831493
2.2646418078710777
2.2783528944828446
2.2191911405086606
2.213527664244369
2.2014757254034087
2.2588056921483375
2.2612945064401004
2.255040816865845
2.2194363884627872
2.2171130749892156
2.228794441183837
2.225241236890902
1.3650815334945514
2.196575826818065
2.2542029302531237
2.2481704683340817
2.2759425133354965
0.30344247541340713
2.223596005141707
2.275800760580903
0.3027177244513975
2.2238732328632267
2.218601025539555
1.1809903722871806
1.152650464450872
2.219093697144925
2.2231522166484163
2.2236553644438652
2.2551269167282246
2.2084551519823146
2.2495427068143075
2.2393588614076276
1.18717733024754
1.1982740928145263
0.483317288602473
2.2654841211297434
2.266778364870612
2.2396214693167904
2.2534450610707806
2.1960979132414153
2.2314488617259274
1.1206907220534392
2.2757370814533697
1.3166054023258196
2.233526048104455
1.3248910404257213
2.2726222749593044
2.2588675591713194
2.223958933646717
2.244217218523222
2.2167217897544003
2.2318561669920536
2.2390738439411995
2.23539361426185
2.2435879399607854
2.230301180871307
2.1973015841334282
0.7635042956178923
2.3103461235798854
2.2223882009511247
1.2839092597828368
2.2521501910655664
1.1794236431965976
0.291810184103931
1.3261114675981356
2.1915715891605134
