-10.0
-10.0
-10.1
-10.0
-10.0
-10.0
-10.0
-10.0
-10.0
-10.0
-10.0
-10.0
-10.0
-10.0
-10.0
-10.0
-10.0
-10.186203529523617
-10.055443554237124
-10.000025613130795
-10.0
-10.0
-10.0
-10.00002274571976
-10.0
-10.000017534787808
-10.000032017385607
-10.000013172181728
-10.0
-10.0
-10.000026713624925
-10.0
-10.0
-10.0
-10.000013278894983
-10.0
-10.055179681457611
-10.100044096507169
-10.0
-10.0
-10.000006474322069
-10.022891861419822
-10.0
-10.0
-10.0
-10.0
-10.00001285744006
-10.000012884329317
-10.091362771456035
-10.0
-10.0
-10.0
-10.0
-10.0
-10.0
-10.000000597944824
-10.0
-10.0
-10.0000075907133
-10.0
-10.00000947623369
-10.0
-10.0
-10.0
-10.0
-10.0
-10.0
-10.0
-10.074762649748681
-10.0
-10.0
-10.0
-10.000001544669058
-10.0
-10.0
-10.024113794991383
-10.0
-10.0
-10.0
-10.0
-10.000014746862282
-10.0
-10.000019247546248
-10.0
-10.0
-10.00001307363825
-10.0
-10.0
-10.0
-10.000009455994274
-10.0
-10.0
-10.0
-10.0
-10.0
-10.0
-10.0
-10.14259517228459
-10.000006629044584
-10.000006622228645
-10.062238999120515
-10.0
-10.0
-10.0
-10.000012863804526
-10.000040583939077
-10.0
-10.0
-10.0
-10.0
-10.0
-10.0
-10.000009985266672
-10.000008734451866
-10.0
-10.000006612754097
-10.0
-10.0
-10.0
-10.0
-10.000014012763671
-10.0
-10.198554140065015
-10.0
-10.0
-10.000009303421152
-10.0
-10.0
-10.000020316120299
-10.000007622474175
-10.0
-10.0
-10.0
-10.0
-10.000009732054318
-10.0
-10.0
-10.000009551345757
-10.0
-10.000012947674069
-10.0
-10.0
-10.0
-10.0
-10.0
-10.000019311659583
-10.0
-10.0
-10.0
-10.000007916851665
-10.00000657287914
-0.4059573212676221
-10.0
-10.0
-10.028286645986263
-10.000046593784882
-10.0
-10.0
-10.0
-10.0
-10.027435672288787
-10.0
-10.000009509841979
-10.000012685128203
-10.0
-10.0
-10.00001072693646
-10.0
-10.0
-10.0
-10.000006754833977
-10.000008474033217
-10.009484285645447
-10.0
-10.028671371234978
-10.000008485202942
-10.012852737714692
-10.000001384279845
-10.000008505738124
-10.0
-10.0
-10.022681603558228
-10.0
-10.0
-10.0
-10.0
-10.0
-10.0
-10.0
-10.00000851024788
-10.0
-10.00000426373018
-10.0
-10.0
-10.0
-10.0
-10.100393689337558
-10.00000653608093
-10.000000147220524
-10.0
-10.0
-10.00000208748824
-10.032501708848626
-10.013439023449832
-10.000001137244116
-10.000010283719666
-10.0
-10.0
-10.000008564950036
-10.0
-10.0
-10.000012765437338
-10.0
-10.000000194520675
-10.0
-10.018555968764169
-10.01065906048156
-10.0
-10.0
-10.0
-10.000005474826228
-10.000000090295192
-10.000008542745354
-10.0
-10.0
-10.021170509637901
-10.0
-10.0000001145716
-10.0
-10.014414581274997
-10.0
-10.036111452410918
-10.0
-10.008563459269315
-10.015593991459527
-10.0
-10.0
-10.0
-10.0
-10.032392360838049
-10.122048838167089
-10.00001272116302
-10.0
-10.000008484977482
-10.018616671020032
-10.00000163686304
-10.0
-10.0
-10.000006556245692
-10.0
-10.000012740392389
-10.024494695221023
-10.0
-10.000010889178316
-10.027423021044024
-10.000006835448927
-10.0
-10.0
-10.0
-10.0
-10.000008521100199
-10.0
-10.0
-10.0
-10.0
-10.0
-10.03200144169006
-10.0
-10.000008591201311
-10.0
-10.00000430818052
-10.000005312890934
-10.03628635660423
-10.000008550627694
-10.0
-10.014059178438773
-10.0
-10.0
-10.014256977067536
-10.04922890058268
-10.00000855743388
-10.000004438858582
-10.0
-10.00000849204339
-10.012946358750135
-10.0
-10.0
-10.052320746868848
-10.000008504794952
-10.0
-10.000008507560844
-10.0
-10.0
-10.000004357411331
-10.0
-10.014913207633677
-10.0
-10.0
-10.0
-10.0
-10.0
-10.0
-10.0
-10.0
-10.0
-10.000004261799749
-10.0
-10.01208831293921
-10.0
-0.11534159396647872
-10.164528031812242
-10.000012706933834
-10.017194871491691
-0.10546567038536656
-10.166183368177723
-10.000008320330462
-10.00000333405003
-10.163330309209028
-10.0
-10.006868916281828
-10.0
-10.0000071238466
-10.000006541747416
-10.000015959545088
-10.000006654972896
-10.0
-10.00000343133177
-0.0890251211817033
-10.00000658355536
-10.0
-10.042909662578248
-10.0
-10.0
-10.000006519813445
-10.135213269655019
-10.0
-10.148811409433376
-10.0
-10.0
-10.000003831110748
-0.14414848801862762
-10.021375737691232
-10.006823564880989
-10.0
-10.01955555789139
-10.01150917587008
-10.012740899333783
-10.000004380520307
-10.000003201512472
-10.000006493758955
-10.006695246481073
-10.02348815674279
-10.000006444567374
-10.0
-0.0693559415945466
-10.000006412370366
-10.0
-10.0
-10.0
-10.009012493862796
-10.00000812592646
-10.01151450574576
-10.020517084496372
-10.000003386047954
-10.000006452226701
-10.0
-10.000000090582736
-0.07236175670803119
-0.16987681371191077
-10.0
-10.0
-10.0
-10.000006931944723
-10.07443444450979
-10.0
-10.0
-10.033850972201963
-10.0
-0.06394970032245816
-10.0
-10.0
-10.0
-10.000003198757398
-0.09212051363148963
-10.000006407593606
-10.008760116391393
-10.006671638474156
-0.00019948607235219652
-10.01262543617009
-10.00741656882949
-10.0
-0.08116921164741198
-10.000006940226276
-10.00000636276387
-10.018203655345056
-10.0
-10.054722917875372
-10.000090626852748
-10.0
-10.009693127062539
-0.03692596431305982
-10.000003192666354
-10.0
-10.027560691812475
-10.0
-10.0
-10.009031991740889
-10.0
-10.009270530868562
-10.000003186019454
-10.096416858054633
-10.0
-10.038124567520269
-10.07600074576149
-10.0
-10.0
-10.0
-10.046050180388564
-10.0
-10.0
-10.0
-10.0
-10.037210897637989
-10.0
-10.0
-10.0
-10.0
-10.0
-10.008564801578608
-10.03581704832961
-10.0
-10.000004336612069
-10.0
-10.0
-10.0
-10.0
-10.0
-10.041139517914566
-10.000003263358291
-10.000037505392697
-10.000015879510709
-0.07249645486254999
-10.0084666501572
-10.041998207406031
-0.0790502565676506
-10.0
-10.000003652540123
-10.0
-0.0724748106341085
-10.010462437803493
-10.000025487409829
-10.060814972301907
-10.00000502988002
-0.027566546843307053
-10.010612083876882
-10.0
-0.06616577239273255
-10.0
-10.0
-0.0001500237197092031
-10.000003751310627
-10.08305483244911
-0.0486034085662882
-10.020888242182387
-10.0
-10.0
-10.026853797512265
-10.000004798491975
-10.130429397339347
-10.022879621129182
-10.016119718719025
-10.0
-10.008604463365996
-10.012810164098145
-0.042346664820585606
-10.0
-10.030020205365165
-10.0
-10.0
-0.0898250088992559
-0.06182531638748018
-0.07429896127705993
-10.0000032971773
-10.0
-10.0
-10.011501547408209
-10.02282326366039
-0.03059708166615663
-10.118689109301181
-10.056106497626665
-10.042718681894158
-10.019179268927632
-0.019626563185438758
-10.000008127399093
-10.0
-10.019409715567152
-10.0
-10.0
-10.0
-10.083918652769711
-0.0002152079164302269
-0.00019215805178909016
-0.052132685616981735
-0.06933221955174051
-10.0
-10.009486252821414
-10.025142145348202
-10.000006346701277
-0.0001857369353444373
-10.082659825783441
-10.00004933285376
-0.0002102353046228533
-10.010570267631092
-0.00020971174778282198
-0.07487873458968654
-10.000004350786028
-10.009780721917178
-0.00016799187252174375
-10.000004648737013
-10.028984354363716
-10.023581704093171
-0.019340188752120478
-10.059080604560519
-0.0002192918644641875
-0.007091262887025407
-10.02417199849741
-0.13615333365189006
-10.0
-10.000004939650374
-10.000007040929729
-10.048840183166211
-10.010688639995927
-10.00002559640527
-10.011498760887235
-10.000006394894092
-10.018185863416907
-0.07420247758175864
-10.020665386541372
-10.01998754265178
-10.0
-0.05563564020436172
-10.000025262074443
-10.0
-0.00019868037122216235
-10.012277742278128
-10.000004969643836
-0.00016575321570367198
-10.0
-10.0
-0.00021975400282218556
-10.0
-0.00010852457341763784
-10.0
-10.163909400526107
-10.0
-0.00017709038978245908
-0.10087896595315196
-10.0
-0.08796800533138771
-10.104027419768562
-0.00012973750727002936
-0.22059554595211806
-0.07718509491958092
-10.020602182123685
-0.00015687090344385183
-0.14135895624100653
-0.07180105512439153
-10.0
-10.0
-10.0
-0.12044593291417445
-10.011371342566493
-0.03160004709054841
-10.000007881200956
-10.0
-10.016634665000158
-10.0
-0.029036516204827313
-0.00016653557714181962
-10.000008131399905
-10.000003201337801
-10.063646977304678
-10.018616971381784
-10.006619564479378
-10.133013761363774
-10.0
-0.08925689618889833
-10.0
-0.01575537488066348
-0.12499001774426191
-0.00011793803006810512
-10.0
-10.0
-0.017476149330485274
-0.09115532560653855
-10.00000695517961
-0.08438979079719969
-10.0080005482881
-0.00017298159624013276
-0.04902518904159418
-10.018087170982838
-10.114736775020724
-10.01024580365962
-0.028837109084319065
-10.08551875063898
-0.08226690944365109
-10.019881989061618
-7.98510945512894e-05
-10.011812815706827
-10.177005016924577
-10.034334669661856
-0.08879780185798661
-0.07070332073039116
-10.000004585670679
-0.00015038073488438656
-0.0002285349208606653
-0.11186744575269836
-10.0
-10.009393979805575
-0.05170292915859995
-10.011721702671968
-10.00005192801391
-10.009679893543364
-0.00019402037200605068
-0.0001973956084006138
-10.154862186606776
-0.019144983610968672
-0.00014492668246404733
-10.000006129591034
-10.052261561710216
-10.008920333650723
-10.009548856799794
-10.000001749085694
-0.03319925707970303
-0.10622237729219854
-0.00017371300057754702
-0.00016645680283760116
-0.00016326353411987322
-0.00017584395800065994
-0.00015728381132792943
-10.000006082122608
-0.15533973806628432
-0.00017613704251367784
-0.14157329693578402
-0.00018423292913558937
-0.05687465930443233
-0.05975093640753423
-0.01179719489477904
-0.07603358778255409
-0.0001151813189957183
-0.0792663316051195
-0.13586012078070647
-10.031079355101188
-10.000004973328842
-10.0
-10.0
-0.00011626781698703047
-10.065344119240601
-0.008939628458247594
-10.01645025578569
-0.0002166962727518704
-10.012286878792029
-0.23460714771404112
-0.00813544873133894
-0.14776567307732758
-10.000158217626193
-10.086768174449537
-0.00013151956002607637
-0.042986796419933936
-10.008270835442206
-10.02259801214856
-0.00016636778086387557
-10.0
-9.074201119883799e-05
-0.15467953125761302
-0.00012337686194731207
-10.0
-10.037649819434591
-0.00012128509297216697
-10.022085926110156
-0.04700482487349461
-0.0001300436973829337
-10.0
-0.11241939949747803
-10.0
-10.022266835455175
-10.0
-10.017509646751598
-0.06169647981197942
-0.0001388027367727489
-10.012368053791775
-0.0001578774260891075
-0.03425798522679822
-0.00015634703822078535
-10.019479946081908
-0.0969378550676418
-0.0002139945165763711
-0.14391800170777094
-10.0
-0.03861363726035546
-10.0
-10.0
-0.02243155590949131
-0.0466242786183094
-10.0
-0.04522087853118593
-0.00012111920547625899
-10.006786790673171
-10.063877560494532
-0.00015892994495022108
-10.016792496580106
-10.016985631173931
-8.300005755770235e-05
-0.0001998198900848066
-0.00019407760338691375
-10.0
-10.010583616702224
-0.07400180949819941
-10.000003052057611
-0.00017495595829610297
-10.149425706666616
-0.084426380223145
-0.24236832236328917
-10.000007589063282
-0.0001943744541663129
-0.09777109997380712
-0.02503321747740213
-0.00016524435854722332
-0.025823201619298866
-10.0
-0.00017745646504799522
-0.00015149557078879706
-10.017571928403978
-10.008216611523816
-0.04460918739975567
-0.00022479886234838653
-0.000243196920203543
-0.00018629297068029828
-10.051576207446619
-0.00019156774016172357
-0.00021259551178853467
-0.0001488949193618389
-0.00014319451492582905
-0.00016797577732742108
-0.00017437907782009944
-0.0001962732346378434
-10.000000474323821
-0.043625138405796765
-0.00021204345627371985
-0.0001820270429981947
-10.000021710823967
-0.11647140284897786
-0.00020419651223130964
-10.015090802490613
-10.0
-0.00018330630806937188
-0.0001548348522804073
-10.000148281380051
-0.01713718139389699
-0.11448901368785605
-0.00012490248280920657
-0.00016693318429776934
-0.00013316334405562904
-10.000052964208193
-0.17432212874105008
-0.0001798179705594878
-10.0
-0.00015704229015882042
-10.0
-0.2890973025459238
-10.0
-0.00020362437825785832
-0.028413830797822066
-10.018114016567012
-10.0
-0.00013240735248796776
-0.06875086997077932
-0.00015364585749670783
-0.00014215950790808296
-10.000076400079701
-0.007659172138343134
-0.0002192422976352806
-0.038862107116689894
-0.02236142978229501
-0.0001567647868181203
-0.00016134637018285893
-0.00021395624687669152
-0.025695730335883363
-0.0070087145962890235
-0.07678183039155598
-0.00015872910061703335
-0.00022971651339158102
-0.04606716296475133
-0.07476656901382692
-0.0476971173899276
-10.0
-0.15810551790784302
-0.055720801813587885
-0.015760813038922784
-0.01981359159570445
-0.00020849487481231017
-0.00013745911791635302
-10.015688531435432
-10.026151068650451
-10.010455262725209
-0.05874006660837894
-0.000225437022235233
-0.08101439509910618
-0.10424832546450102
-10.183855896083376
-0.0002334422273331986
-0.00014580774240913246
-10.000006127740736
-0.00012582398552524678
-10.006727322568548
-0.0630797310205355
-0.02193774222449313
-0.03026392305540519
-0.00021095416577736648
-0.03401977655119476
-10.016667417364117
-0.05564391467978131
-0.023752280155740307
-0.00016796256738508584
-0.00018999062082547752
-0.00012830347923588434
-0.00014691497860419805
-0.00012005277705140163
-0.009719739999373665
-0.00018167475754905235
-0.08373071776582124
-0.00018162745175936474
-0.00012022420792215426
-0.00017373637095460638
-7.842911007449957e-05
-6.618435676237896e-05
-6.174335996391086e-05
-10.006454549288533
-0.00659731339515549
-0.09520386789726143
-0.06289004217460008
-0.08750611755163334
-0.0002353031145695391
-0.00017503540412207923
-0.00010124270555684804
-0.07931277229672119
-0.021552920446500395
-10.014885909957258
-10.050236413575085
-0.00016702156487461502
-0.00013852938452461213
-0.0001633988954951076
-0.008722676400193167
-0.00013084733384820024
-0.00014172301330252793
-0.0001501310541731944
-0.054004884956599
-0.06921061180987242
-0.10591468007747748
-0.00019261051962865037
-0.00020793774129965997
-0.0001173016673912603
-0.00011981505337541309
-0.00015013849593349841
-0.00021181739755772355
-0.00010952382865007902
-0.00012913087127742356
-0.0001764647057767371
-10.0
-0.00018496926535028444
-0.02430952311242841
-0.00010472066689198921
-0.08858996757777637
-0.00017696555692034405
-0.00025252330659112775
-0.00013268170711271173
-10.000003144869089
-0.24111880974483135
-0.00020289038753271054
-0.10069085991129621
-0.00693376062815283
-9.707939148418662e-05
-0.00022779360268719294
-0.00021213782448372738
-0.00010528167956870221
-0.008935581383384678
-0.00018037967748242022
-0.00017337054712932094
-0.00016148092562199
-0.16417588470857009
-0.12931703248161341
-0.07010143551652626
-0.00018633296230155018
-0.00020188357316604786
-0.00010160045594729189
-0.00016486337795362246
-10.00977854128909
-0.00010717359771250347
-0.00016097818448781504
-0.00018345273853039482
-10.007660884521043
-0.00022850737636936365
-0.0002351709982161882
-0.008157239383401627
-0.018529763831267577
-0.00011258968422461734
-10.025365539120175
-0.0001618202124685616
-0.05218831723506375
-10.0
-0.00015638751041342585
-8.920526189394547e-05
-0.12744962371231483
-0.00023516920595238012
-0.011436797612080565
-0.21070948248313792
-0.0002377562226786267
-0.17890669189225378
-0.00022427091779839712
-0.015219997889408476
-0.00017197753723026336
-0.060349669911675057
-10.000006154772784
-0.000148920157102556
-0.00013374036625132845
-0.00015706859616460703
-0.00016682835435293469
-0.18758142415448692
-0.09188446252403833
-0.00010492939537955365
-0.03879102501114669
-0.00015078758442577464
-0.09975075845433101
-0.00016998237095672514
-0.008598510764808867
-0.01166108513017861
-0.0002312708154433682
-0.06716127182534293
-0.00014886143966823617
-0.006482760146191653
-0.014108015563486002
-0.1348321511427148
-0.08626845247738432
-0.0001663207856660268
-0.00019169587310996464
-10.0
-0.0934306476060976
-0.000159989210705337
-0.00016794676237586535
-0.00014322823217264948
-0.0001323124812487097
-0.030990503548501407
-0.00016005587886101013
-0.000138266644279353
-0.00010318223385720263
-0.11903898506715369
-0.00015764493697272605
-0.00011991948841311723
-0.024644430897558467
-0.00015777969546954223
-0.00023186487821482213
-0.00017346864952477584
-0.000134972086936715
-0.00013266063021393832
-0.00012952294756890558
-10.0
-0.09087424053253103
-0.00019398815111938832
-10.007974976524318
-0.09264180318401061
-0.0001259489761144892
-0.00017494684956701628
-0.007020843919655016
-0.0740876745781002
-0.00017837177825113414
-0.0001745103534004343
-10.017150468970438
-0.0001921921354860585
-0.05983177471141746
-0.0001571369435269369
-0.0001767556530231362
-0.02467469433801515
-0.00017019561579370216
-0.00018077264405388474
-0.00016780718182973656
-0.00012812866259520264
-0.00020587735839054894
-0.00020097468262113887
-0.0001731915223186832
-0.00016592787621635773
-0.0377700599869806
-0.00014053458223104654
-0.04758764234289503
-0.00015141214516270978
-0.00018623241196098728
-0.020334115974008686
-0.00012283755609717248
-0.00023613478432589043
-0.0001647122071528038
-10.038008888759865
-0.058574798415666124
-0.05301942705069497
-9.469304643725053e-05
-0.00021150571031034886
-0.00021060656563217652
-4.1426181087647244e-05
-4.116472126205472e-05
-0.0001439704654877835
-8.658181294612686e-05
-0.00021079056751382622
-0.05184888266425944
-0.0001758060004325982
-0.08476633632182431
-0.000228017055849634
-0.00014535740423644178
-0.00017822643149288783
-0.029811491680387936
-0.00020205142824343677
-0.2285872361253807
-0.1430888464729264
-0.07882321291349509
-0.00019428893710814665
-0.0001995199066747733
-0.037352321232901706
-0.00012617672770613594
-0.0001816487577808714
-0.00011840100173648175
-0.027123462250085145
-3.5918922956646166e-05
-7.719387805664931e-05
-0.0621874346585077
-0.07913723277497384
-0.0538885478071538
-9.629022655788969e-05
-0.00010764887100854945
-0.0001976511468203208
-0.00013385527292396305
-9.110366768899315e-05
-0.00016456071498492666
-4.4963303488374205e-05
-0.11599036394833043
-0.00016263088524788813
-0.0001700704723174345
-0.00013456545293165695
-0.0001872635041501399
-0.20823771785216066
-0.00016647823676309932
-0.13274568781694923
-0.14216340832205568
-0.00013632892022855922
-3.828082180424699e-05
-0.00015322174703802746
-0.0001311662410854188
-9.431167728579398e-05
-0.00012773653017777428
-0.00014895994323129227
-0.00016731915118199555
-7.011552473198057e-05
-7.613576355163429e-05
-0.00021912455464002492
-0.054904316907470926
-6.372528621871262e-05
-0.0002056933752970297
-0.00022831916759413938
-0.0687351090732211
-0.0001363879930996158
-0.00019483988111808272
-0.0001652302812512322
-3.1041947563118197e-05
-0.00013311317770691342
-0.00014347975533213076
-0.00015739733848620013
-0.028506149359533467
-0.03789327970429422
-0.00016100760939683916
-0.2433452037083865
-0.05593418431449076
-3.391264572282945e-05
-0.00011144416070478318
-0.03269449141703512
-0.052257810081011546
-0.15623382865411323
-0.00012047867154266633
-0.026314613255267315
-0.00018853961033721858
-0.06285571659649833
-0.06666427608231157
-0.16094419689948763
-0.06754228901888543
-0.00016059348806555035
-0.0001387518373957113
-0.14245594789169091
-0.00013637270911472563
-0.21986115974322287
-0.00016092021450590945
-0.00019721257453470892
-0.018701986408005668
-0.00011824334720345189
-0.010182475154431346
-8.70831089434086e-05
-0.03380240406464233
-3.646031522106191e-05
-7.539039359751261e-05
-0.00021788719996819464
-0.0001207099737409848
-0.0001298127780041867
-8.45288033997505e-05
-0.027195365497240942
-0.029778320541140074
-8.989820617857679e-05
-10.0
-0.00016027253280407363
-0.00014145143323530303
-0.00018425315332868243
-0.00012705824556590546
-0.04044659775352302
-9.74519910462384e-05
-0.00018041791680898793
-0.05782460635575483
-0.00016539291514730187
-0.0001669687120428082
-0.024914309484779115
-0.00014115638100749804
-3.446716976127244e-05
-0.07901083004338005
-0.0001512166612351912
-0.00021305282446614334
-0.05672113055980986
-0.0001583687818828088
-0.06562104929567121
-0.0001197561478944069
-0.00012223843125125613
-0.00015002928650321903
-0.00019968377248493006
-8.256845257324803e-05
-0.00011029440178861335
-0.00014755325986785098
-0.09677122980528854
-0.04296147608145272
-0.00013799522061898892
-0.0001615360556431753
-0.00019565344022704097
-0.00018308316208534884
-0.08030105193553566
-0.03857564936023152
-0.09325157815497355
-0.00018734171343081274
-0.01925182450486516
-0.00016569357192404888
-0.00012341476262828943
-0.0002346157897637688
-0.0001379583033954488
-0.0001810013013149827
-10.018151129268311
-0.00019075710579539762
-0.034830697434907715
-0.00019303333541035458
-0.00017031017967952838
-0.00020066650231496356
-0.00016880392316491314
-0.00017919956682630622
-6.71930196690003e-05
-6.966384015820418e-05
-10.018949456345283
-0.00016071601978068407
-0.04294971477361274
-0.00011506969049757266
-0.00017292905342270164
-0.06890252685598311
-0.00019178638186724117
-0.07812546064162415
-0.049012280183299346
-0.020285193176187922
-0.11578088309580087
-0.028966086683891147
-0.00014570701603241023
-0.00018177930843866181
-8.985934214788214e-05
-0.00019345838950700906
-8.241159920105349e-05
-6.305817620366939e-05
-0.04188566843061405
-0.025177815526373895
-8.887288768197435e-05
-0.14446904284763876
-0.00010002461609095401
-10.000005431184848
-0.00012002901694426873
-2.866794136435328e-05
-6.437827401003528e-05
-0.00018875103679738317
-0.000141091964943016
-0.00020533950348729403
-0.00020563251120671918
-0.06573057341679397
-0.0001280956113204599
-0.00018453411834493143
-0.00014427228454922203
-0.023908607951493497
-0.04843085810825194
-0.00015236548901453095
-0.00016218076992460673
-0.00011641757447384522
-6.897216936173686e-05
-0.08050195193982491
-0.00011909024759054266
-0.0001903304355970522
-0.00012644822243006068
-0.14441681473896656
-0.015142394993331811
-0.0705020578408374
-0.12936453759136093
-0.00019983172564339686
-0.00016878403424552097
-7.459703586753406e-05
-0.1447477549260303
-0.03892760552362125
-0.00015147495702388518
-0.0002010061750093102
-0.007065053440444742
-0.12934432588074865
-0.00013724590075134429
-5.213449127208787e-05
-0.0002365345964278384
-0.0438304185717265
-0.17082327860317179
-0.00013538884165255707
-4.3454643926653136e-05
-5.2258345881457956e-05
-0.00014815530739114088
-0.00017796934875975024
-0.00011217208538663931
-0.00012490290439580242
-5.441645062899909e-05
-0.00019007613048146603
-0.0001479728627828659
-0.00010087621839599327
-0.0001734702184940962
-0.00013711464649301876
-0.00010179195301426484
-0.13483069315656643
-8.564875305655447e-05
-0.0002401604665696352
-0.07814453337726382
-0.00010935898232753214
-0.07710872983982717
-0.00017653853627308218
-0.20707006385290466
-0.00014048171980760913
-0.0001420136977327339
-0.036626530882350045
-0.00012251939977924654
-0.000134985091667555
-0.03193324034816579
-0.011897133704352606
-0.00012022880405959758
-8.396610273152217e-05
-0.09713296287558514
-0.017196622699149212
-0.00012560391130551308
-4.822437738719215e-05
-0.00017544662114728392
-0.08539180899083645
-0.00010705125740154237
-0.035019049001891026
-5.3484297246711326e-05
-0.00022062187480584018
-0.0002133362793886608
-0.00017585205438829353
-0.03124249386249623
-8.635707172898802e-05
-10.0
-0.00014558883033240655
-0.00011974241883945871
-0.00020319463903590847
-0.00011414800383441631
-0.0001699810846080159
-0.00011290463982244489
-0.00014922608721421683
-0.00012187030276815623
-0.0002009551229708513
-0.0001414374937757952
-0.00012364830341470264
-0.019732066435910366
-0.07573791870846205
-0.027884575448686603
-7.181075023190742e-05
-10.026393490668182
-0.021984526568892333
-0.03503041351999493
-5.043077787227942e-05
-0.04806393603199438
-0.09299432876202285
-0.00014103085945715483
-4.495482104214901e-05
-0.023670833547529108
-0.00023318380601715223
-0.00019863795152166836
-0.00018114002391362037
-0.00018824962195299925
-10.000005354070044
-0.00011717279979605043
-0.00016170914879363082
-0.028091240874833435
-0.0001175957967910893
-0.00015461555069522294
-0.00017856356587400024
-0.00023170902215457594
-5.106219185549604e-05
-0.026292871959283398
-0.0001553589108177112
-0.00018396095852336105
-0.04180987754613165
-0.00016756510565323264
-0.00021136603529891456
-6.069391777461153e-05
-0.0001023306125303978
-0.10370392819762653
-4.9468558084160083e-05
-0.0001429329752035408
-0.00014230122151505855
-0.00011708551942904899
-0.04370774316884307
-0.05425318629125922
-0.00015828140033453573
-0.00015495630285790362
-0.00018722635393717744
-8.10578549731227e-05
-0.007350726616042444
-0.00013961394203726392
-0.1543113136328984
-0.00014733033295523574
-10.0
-0.00014315401376950061
-0.00011069764432840125
-0.08979210764412873
-0.00013261017376810377
-0.07959196528178068
-8.446703666756353e-05
-0.009114907291464426
-0.026385599283641602
-0.00015464733854055865
-4.885073199480777e-05
-10.074395444921146
-10.0
-8.587260013490823e-05
-0.03447871721085573
-0.00012571521584929293
-0.00014222565759389454
-0.0001279493367000542
-0.00016349004994245593
-0.00011634009907099162
-4.929527800822166e-05
-0.11551605103027529
-0.00011646662897323254
-0.00015468828660308756
-0.00011906344719334513
-0.00018089327478155434
-0.09233031378530446
-8.942277687801828e-05
-0.0001986954760780372
-0.03041799806485175
-0.09148181052285452
-0.029853191389881684
-0.000216992874471437
-0.00017403309427942236
-0.00018006884893712678
-0.04844912477011665
-0.00014364509928715364
-0.00016563259466368486
-0.11872643259298184
-0.00013995159811848733
-0.00011894502052092691
-0.027474619135590392
-9.787387810808248e-05
-0.013183833826633195
-0.0001630769375352334
-9.025424530131856e-05
-0.00012430501050282716
-0.00020776491662081716
-4.8576773791190625e-05
-0.00011890658537081945
-8.75653663037436e-05
-0.0001367537615731105
-0.00010450654749971053
-5.317504205193201e-05
-0.1351260280405435
-0.00018771911522684492
-0.00020330875118251384
-0.000107309120847672
-8.649805186279017e-05
-9.2200985575763e-05
-0.07703050433863222
-5.4225142154810496e-05
-10.023053876330023
-0.0001906877369604123
-0.00014130756821295306
-0.00017434744301655583
-0.00011749690095474462
-0.018671158958813727
-0.02807698448735411
-0.04287936642211372
-0.00014252364824237322
-0.0002229005339541096
-0.1995908199546554
-0.036657324903058064
-0.05632227239170827
-0.00014805138998309094
-0.00011475469835438461
-0.00017203957093209194
-6.491504211033243e-05
-0.03242912879003941
-10.000002754635823
-0.00014217981569444724
-0.00014045102005535138
-0.02984926650805923
-0.0553989045697038
-5.295822697933617e-05
-3.804598395343444e-05
-0.00010432289212711091
-0.037362628491672725
-0.020399066257137242
-4.764575135629133e-05
-0.0001231329908069929
-0.00012884190299275623
-0.06420351130350531
-0.03628596725946979
-0.034596079147605124
-0.00015929551126724759
-0.00017799607792764216
-5.915960413031288e-05
-0.00016403863663166663
-0.00019707186676736502
-0.12129842815437022
-0.00014964692129699678
-0.1328680029176917
-0.000113384628188799
-0.00013696647744247946
-0.00012212302763257976
-5.755194070542148e-05
-5.311465602707157e-05
-0.00010203371288037736
-0.00012473372414935482
-0.08978289005997213
-0.027999823127477716
-0.00013270732088124435
-0.00015692808191328846
-0.00019070325439544646
-0.000199665111672267
-0.0001149647053958912
-0.00016043649493720374
-0.00012947980822127677
-0.10879074083722153
-0.047300787264142094
-10.076994441431632
-0.0001438980954772799
-0.050664021675987256
-0.00011673860909593593
-0.06636218744878003
-0.00010006753283213387
-0.00014908302830217568
-0.00015598635894613813
-0.05802356091283431
-4.852677935571842e-05
-0.0001224219059375056
-0.13038692001911922
-0.19754039126395373
-0.0934664448626649
-0.02601479116682774
-0.00011431232773060376
-8.234975204185835e-05
-0.022640876289485704
-0.0001145090215800239
-0.057360902030571585
-0.00011403890530166638
-0.00012914331419846701
-0.00010637638402349981
-0.0001299164485832484
-0.15865824439019766
-0.13383206606193943
-0.02599736852481685
-0.00015549912625318154
-10.000008002293344
-0.031693772594117625
-10.021101196754634
-0.052905682427090095
-0.06770899075865369
-0.06085338225032223
-0.0001654235165104235
-0.00012253002380909996
-0.00018762397659781048
-0.06169152341457758
-0.10602917010470977
-0.00015192098054823857
-0.00015386045356165717
-0.00012146557227209483
-0.00012033436900654303
-0.00013005204376987108
-0.00013990363570533666
-0.024494795094926487
-0.0001770871664913491
-0.000248454919097581
-0.028991899874160613
-0.04712403746000239
-0.00011232382505039568
-0.026675533458377244
-0.0002111154669141189
-0.015157252930587168
-0.00015032964302933103
-5.0384153054542636e-05
-0.029431059028567328
-0.00017027725564837517
-9.02346685815093e-05
-0.09466474286466703
-0.00012695473687454682
-0.00020457258459447106
-0.0002229288640863021
-0.00019591333473609516
-5.1133279036737516e-05
-0.05149313014066195
-0.00014335069247082167
-0.00017199458927895372
-0.08537780356033121
-0.00014577093562981156
-0.025850308687953374
-0.00014480370166975476
-0.00017463843897955612
-0.0001732369656727425
-9.163225224498435e-05
-0.00014151610030680708
-0.00011849179262538338
-0.00017998938789251544
-0.00010953506393123421
-0.00010330316165675719
-0.052825741246392666
-0.04729633582890943
-0.21883838374430967
-0.000196020733005911
-0.04184927344020213
-0.00013643039159476412
-0.00018685082436484886
-0.0002002180909444269
-0.00012270723670000183
-8.3068763196228e-05
-0.08766158019329524
-0.0002179218848082593
-0.00017585130325755327
-0.00018133999202661773
-0.00011595030819215716
-9.719430312326137e-05
-0.00018259624170461272
-0.039091344149860485
-0.00015202398799322488
-4.1113162293208865e-05
-0.0802639662267433
-0.00016808286267915143
-0.00016832867416640844
-0.00014858320356344796
-0.0001466099004067332
-0.00015522500270240893
-0.0001902646518878865
-8.784993576992786e-05
-0.00013037762758373836
-0.00010356207954285595
-0.00013244143610087355
-0.00017636969903883534
-0.0001944317678764076
-0.00012746336626851505
-0.0699623825871863
-10.006325926807481
-5.3149956424973605e-05
-5.010902956709471e-05
-4.199024974453721e-05
-0.00020080964414479648
-8.768100474066527e-05
-0.00019510190863788196
-0.00013323429112576716
-0.052585906297902704
-8.879177134946202e-05
-0.031944646566009524
-0.00014931037075905526
-0.037274848335905296
-0.00010821876398769338
-0.00020811254105024854
-8.201134608826622e-05
-0.1743372369562931
-0.020270016392977267
-0.00013713607285842944
-0.00012570774957272826
-5.981707120709182e-05
-0.08980023308516517
-0.00017213143483266798
-8.030952945063266e-05
-0.053236477783938085
-0.015081654133682298
-0.0001520615026449849
-0.00017458364319050017
-0.00018675634539691658
-0.00020077166341763217
-4.760350299232976e-05
-0.00016635969317921047
-0.056486678827582834
-0.00012112107981392181
-0.018753707565676014
-0.00014026260712587742
-4.287587458567991e-05
-0.015307127164502178
-0.028288426151173766
-0.0001388042820556124
-0.0001737379325329565
-0.00017940842611488536
-0.00013895925502333955
-0.14752850885771407
-0.00015487161925708095
-5.6737947716668064e-05
-0.00014241750584950862
-0.00013461732159859147
-0.00016493156685070873
-0.053283345751716095
-10.00867038870447
-0.04379862931876108
-0.00016549802079102172
-0.00016541494031463132
-0.00011455732280180886
-0.18751561526090862
-10.02769575227637
-0.00011878735067784708
-0.04508477124791304
-0.00018140218713060685
-8.137308399583071e-05
-5.313944260717702e-05
-0.00011777401181394673
-0.04702014124427395
-8.842011783046953e-05
-9.819397221451168e-05
-6.492219512317937e-05
-0.07532214207444995
-0.03695969848402196
-4.1226803054350585e-05
-0.05799971439003647
-0.00010065308484414321
-0.00016938325051382892
-0.0001718976345312824
-9.768218556713505e-05
-0.1168963217977668
-5.657059606373664e-05
-0.00017772037848255213
-0.00017886381181059157
-0.0001838741316088697
-0.00018371643632929846
-0.06335242595913244
-0.00012140072361889324
-0.00013891067303004506
-0.0001342597292486547
-10.009333825100844
-0.00011606260840686382
-0.024282084452034888
-6.766358028655735e-05
-4.383991712239476e-05
-0.00013962355624197643
-0.006053020820737038
-0.07736834237202596
-0.0001603392529184468
-0.05581750694971259
-0.00014176102272618366
-0.00014661127743029572
-0.0002009458830516644
-5.8961332806972024e-05
-0.03427095685571372
-0.0001549296040395066
-0.03811282861948021
-0.016585882286922905
-5.229763569271306e-05
-0.00011101734067506933
-0.00019308876677718282
-0.0001426335801823586
-0.00014546912459828564
-4.3563385605834253e-05
-0.0001027222774270857
-0.09670859200335846
-0.00012522470390958715
-0.00017801822083525812
-4.73726373988306e-05
-0.05925714829116123
-0.0512786038283289
-0.00010491931784209116
-0.07885034442864543
-0.10457129058553136
-4.8267701905615225e-05
-0.12454212764858212
-0.07973308852850014
-0.00018001301241978964
-0.016823921609465234
-4.316842566374445e-05
-0.00015328583004269722
-0.03784744312748734
-0.00013615940287810312
-0.000151873919556521
-0.07817467776521543
-0.00016985856411585
-5.238409197942407e-05
-0.00012457017190415715
-0.00016913386092338387
-0.00013372955889248152
-0.052999811885413875
-0.0001856235727058088
-0.00011521916659712074
-0.022382266063858288
-9.913890323352579e-05
-0.0002163919130482954
-0.0001567105686161624
-4.9543567642215184e-05
-0.049021489549364125
-0.11278493049147162
-0.00019727195543809466
-0.07744658108140483
-0.00013523634615904525
-0.00014158783944045642
-0.00016264899517493155
-0.13249982828822546
-0.00012267135272765734
-0.029898329589205522
-8.942824499634584e-05
-5.1591044254697456e-05
-0.00018280270241859096
-0.0001343688461392161
-0.00013732493224845083
-0.00014976761658818893
-0.00012126336745895837
-9.663078153116284e-05
-7.694012662347847e-05
-0.00011783564455411505
-0.032370407060999015
-0.0001406785093313502
-0.00010192665328871993
-0.014941050223503732
-0.00011179257589497376
-0.02143428626009755
-0.00017768305694428966
-0.00016356581313659168
-0.00018258873281002677
-0.00010929562720656268
-0.08940265119061877
-0.00015346395729702857
-0.05425966163165994
-10.006347077561106
-0.00015827345810869766
-0.00016273459228917988
-0.00013674614849339605
-4.890357711639756e-05
-0.00015535577541500844
-8.539975333170473e-05
-0.00017635502579643004
-0.00012771074958897453
-0.00010439982457170412
-0.00012593614517707096
-0.0001442752383799983
-0.00013873306875683642
-0.013166487690083783
-0.0001893884068808455
-0.05433834476779878
-0.00016906496883826937
-0.00015584614539298613
-10.035189279704568
-0.06182876178899159
-8.214575878212723e-05
-0.00015171564796407247
-10.009942663933478
-0.0001242904564800422
-9.326164633177277e-05
-0.06555863140205723
-0.21151017297352218
-0.00013422107389888637
-0.10022575519591694
-0.011189529395616512
-0.00014273434469127088
-0.0001541232145630635
-0.00018172186347743713
-8.638007154850917e-05
-8.116716924509634e-05
-0.00013041194875795743
-0.00012024119862172015
-0.00019279857581703006
-0.00018797865412403027
-5.5985433668396414e-05
-0.00018472003249477522
-0.00012441271472560765
-0.00018836004574372472
-5.587825289618573e-05
-10.035409062232363
-0.00015835260624305207
-0.00011613921988440385
-8.763352607099551e-05
-0.00013662680729319512
-0.00011310288209571375
-0.00014209453758664984
-0.049033426722562494
-0.0001331909716152504
-0.00017363487832072668
-0.00020024977245733822
-0.015146640865241581
-0.03258523286695293
-0.00011938221201467409
-0.00013189783019075185
-0.00014474751543073504
-0.00010709129166647906
-0.08491502498070638
-0.00013075553661027125
-0.00018323940150290538
-0.0001882797685312304
-5.2593438850517764e-05
-0.00017698270396013634
-9.160478374237274e-05
-6.701457222775383e-05
-0.00010427031715030954
-0.10543930010051444
-0.00010221671539642043
-0.14790565205292275
-8.622444612638046e-05
-0.00020939585437370733
-0.00017380091953663357
-0.0001432383671836636
-4.6990360841720655e-05
-0.00017133319770730996
-0.15135490056243564
-0.0001757079715963119
-0.08710606905264284
-0.0001752306675741514
-0.08462021974339512
-0.00014900204469859662
-0.00014709471784839643
-0.06430378290386421
-0.0001341503740346934
-0.08803488843026136
-0.12718370785307753
-0.00019461258225335234
-0.0002121651318499917
-10.009984747906573
-0.000154313194157808
-0.00016544258267714432
-0.0001540022946605207
-0.00017845955039292547
-0.0001722569207694147
-0.007411944247078385
-0.04813962595669965
-0.00015578689387119263
-0.030249410192250997
-0.0001820813266018787
-0.0001720082126481864
-8.143464539988767e-05
-0.00017753917966740576
-0.00016149194680723305
-0.00011080311412896717
-0.086405836680567
-0.07957252791628197
-0.03542255250451453
-0.07673408178417845
-0.13517632844250396
-0.11044761811670853
-0.00014192281466245945
-0.00017532651436656075
-0.00016736848127951905
-0.00019664859871330317
-0.00013827202588420517
-0.00012338105112851206
-0.014317042848473963
-9.40762084804908e-05
-0.05965966511911591
-0.00019044951756730182
-0.00018297158473416601
-0.0001186859131474695
-0.0001455429506370389
-0.00010087979750917677
-0.0001439149172260422
-0.00015723915622884208
-0.00014238641533709505
-0.0001637748340146742
-0.00020920377590590803
-0.00013043355676502124
-0.00011864015147680434
-0.00012907812160050937
-0.00014521845252375625
-0.02344525019638158
-0.00013810683663859026
-0.00010353842647469148
-6.31507664134453e-05
-0.01857641562417298
-0.07767966282446186
-0.00012452153734893412
-0.044981152769478956
-0.022374554689459855
-5.5744722610450704e-05
-0.00021729801628775385
-0.05149205712462864
-0.00018955751132704882
-0.16255251270806603
-0.00019776117689126451
-10.030200211684187
-0.00011967139953159096
-0.00015624365660888882
-0.012697164993640936
-5.529375943809901e-05
-10.008076341390536
-0.0001068124564209462
-0.000156903561254114
-0.00013562492996306062
-0.0001386931068813933
-0.00011762009241060833
-0.00014092761056713055
-0.00017951859827856415
-0.00020176769315801161
-0.00014102299789892843
-0.0001522809085955093
-0.0001572680309614971
-0.00013900344148406915
-0.013072346911248365
-0.00017650159829379327
-0.00014934227525799756
-0.00019173239127560977
-4.810541114127641e-05
-5.2711085540523494e-05
-4.0100859827258965e-05
-0.013403669390526115
-0.00010948080910694183
-0.12332376530110851
-0.0001566900902865178
-0.00011693566213765883
-10.019854704537385
-0.0001431248130992469
-0.00012072255373861239
-0.04849326045440055
-8.182882102630807e-05
-0.00020062613258797285
-0.00019178902008037737
-0.00015293738750542544
-0.0001223552319651684
-0.00012672221726508438
-0.006014261916480326
-10.000014649338906
-8.728125145833517e-05
-0.00010360869928575686
-0.00010706794578640484
-0.00013998780619362184
-0.00013830578256264476
-0.00011912475603551045
-0.00010686714752492784
-8.108346432859601e-05
-5.894480257565643e-05
-0.00012280787466292323
-0.00019064488355469207
-0.10073520001493967
-0.04144215047724924
-0.0001278103575522078
-0.13878277096167407
-0.1362866777173949
-0.0001422018804805479
-0.00014350067945039535
-0.00019774393714450326
-0.09111982146515848
-0.0001246727405968132
-0.007856824479833338
-0.00023010781333492942
-0.03005435189211021
-0.00011270874207234124
-0.00014237442068712735
-0.00011615198753231525
-0.014050090181520718
-0.00014695008228275246
-0.0001399050298859492
-0.00016671070936649188
-0.00010907909101044348
-0.0001634203443646162
-9.270790524248643e-05
-0.0001865987155116414
-0.0001942579487262468
-0.00018282055084618758
-0.00017774258144195355
-0.0001285617180857646
-0.00016106301921418683
-0.1093268865231401
-0.06802812171753217
-10.0
-9.95747219206192e-05
-0.0001441810984508215
-0.00015059689343573698
-0.03737448029478889
-0.00012001999571582296
-0.00011895237908766352
-0.09343981038944729
-8.691564842253536e-05
-0.027833107204000573
-5.351252792368526e-05
-0.0657586191253457
-0.0001115388413263036
-0.044536418559631114
-0.00015892286486125315
-8.080159585418555e-05
-0.00014119997130897864
-10.0
-0.0001061234246359692
-0.11491520420516538
-0.032936476400234074
-0.064775518591805
-0.00017534215568688693
-0.15486463747583526
-0.12084953204112062
-0.0001346225328376401
-0.0001210627180819694
-0.00019591096284312184
-0.0499798096306264
-0.03187681463827437
-0.00014962895624087122
-5.2745398442625746e-05
-0.00011972891930680759
-0.0001133264093615832
-0.00013708301456050436
-0.00016425900019130762
-0.0001408152185337944
-0.00019527224179131494
-0.00016374044557469598
-0.00010430190493083376
-0.0001749932830309216
-5.2781394132044555e-05
-0.06982975308320837
-0.00015402790582088992
-0.13727566048701142
-0.041485988695807115
-5.845495541882731e-05
-0.3095374729290847
-0.00010586155731278688
-0.06145532903137576
-0.008997411059926375
-5.037277369950192e-05
-0.08597806439399452
-0.00014079705056310875
-0.00016227647769329704
-10.000000068768616
-0.09965505891172127
-8.89189144500288e-05
-0.04586305988913066
-0.07355144120516027
-0.0002025701118425883
-5.077467160322408e-05
-10.000000060833147
-0.04502080559351789
-0.006733740244005336
-7.716667999834596e-05
-9.300998316452778e-05
-9.845645407068826e-05
-0.00018748662114803606
-0.00011886470231016851
-0.00011884577921484692
-0.00013177317008194935
-10.0
-4.9732922609510285e-05
-0.05367837046951402
-0.00015679483206790397
-0.00014368902460386597
-5.1965639478699345e-05
-0.13777043992411478
-0.00013836327635801955
-9.929048892508201e-05
-0.04321478051228452
-0.00010540956134866061
-0.00014321172981809647
-0.00011896933480783978
-0.00011853739571119349
-5.167586183672351e-05
-0.00015263912501546766
-0.00012053326549520122
-0.04391893296059162
-0.0001370378298067996
-0.00011110301718046993
-4.534815942669931e-05
-5.411775578465708e-05
-0.031355053675273
-9.023141807880417e-05
-0.00015281152252210914
-0.04061591918576285
-0.00013365612849581006
-0.04716241914735932
-0.00013833549845173384
-0.018455963655992433
-0.00014399086053024112
-0.00010765691672595326
-0.00011318695267694686
-0.00014430041893525686
-0.0001317192161772524
-0.00021530350511216484
-0.0626590303976996
-8.858653164921174e-05
-0.0001509343085416083
-0.06751024585858767
-0.09074279786639497
-0.1078049487634336
-6.113555235040592e-05
-0.0002383567879008908
-0.06682931333108887
-0.0001367561786009888
-10.000002734844365
-0.06263799816438094
-10.032263084514891
-0.0001317691383807255
-10.005661132710795
-0.19961588463094737
-0.00016838284105776365
-0.09810801373674008
-0.00018484877783319582
-0.00012827685939627195
-0.00015189322929533693
-0.0001702799045037453
-0.00014199216146509002
-5.6131774278617345e-05
-0.11267067165951643
-8.790629092916973e-05
-0.00019104206934216162
-8.782691053653309e-05
-0.00017423961314385426
-0.00015923078058050448
-5.798162291415598e-05
-0.06324385278153698
-0.00017899998733572544
-0.00012413282074711147
-0.00012713012500555908
-0.00014071227563811572
-5.249975120340417e-05
-0.023374854249068277
-0.00016614327617269913
-0.024522779395696852
-0.02196653584356307
-0.00020490322516750138
-0.00014051529035250226
-0.00014582354503573944
-10.00709558793367
-0.00011643420097656227
-0.00019787149846546694
-0.0001380716128039735
-7.587696583778544e-05
-0.009261768502617307
-10.0
-0.02837538455148198
-0.00015063075616621928
-0.0001851999348927734
-0.037304277143974766
-0.0001145125125228346
-10.025385415596475
-0.11266395351115009
-0.00014977541721969276
-0.05367419660046073
-8.25926432852226e-05
-0.0001196189533183135
-0.01996018109036151
-0.0001886878104520039
-0.01871882897351998
-0.00011571860747565229
-0.000205450071724913
-0.0576805272877118
-0.12572717239033496
-0.06229305823872401
-0.0001206094393421698
-0.0001314499800645931
-0.00016930767106415118
-0.000141778320174102
-6.0715686874859064e-05
-0.0001892455716881983
-0.0001472893248827557
-0.00010588742648574774
-10.000008006348637
-0.00020160860891395397
-5.7258047987903195e-05
-0.028848551413890276
-0.00011368897688833864
-0.07874571697836233
-0.00020263517787064706
-0.00014620056140483864
-0.00011447733766592222
-0.07617411354049375
-10.01608641501887
-0.000172899605819234
-0.00014469154112404397
-10.021287647031668
-0.00017338128272872052
-0.00019686315478753107
-0.13475411068800744
-0.00017605728584333148
-0.00011143750598774821
-4.5300071850401276e-05
-9.475924859448059e-05
-10.069281406637076
-0.00017269291273400562
-0.00017290297791484684
-9.48460422564354e-05
-7.780706507852029e-05
-7.500633932815349e-05
-0.00018646449822143764
-0.00017250855211743587
-0.0001346218350672499
-0.06750870185418041
-0.0001922556971382154
-0.00018494053882023976
-10.000005453488848
-0.054099835370963426
-0.05765614403302542
-0.00012672317454453743
-0.006539526852563546
-0.00010034271233228205
-0.00011210049227002692
-0.00012879215242246855
-0.00018096802213206118
-0.045075554984984334
-0.00015343017404684315
-0.12734403825447133
-9.073636345381367e-05
-0.0001367077111235928
-0.00014146345766352756
-0.00011864373592756656
-0.01621418040661439
-0.013256434157876498
-0.010905468747965276
-0.0001950142846192246
-10.000051105691973
-0.00016495778638350904
-0.00013657000587292698
-0.07596951005838748
-0.00010707292626478045
-0.00012212810894219283
-0.00012123301431333683
-0.00013607226476889826
-0.00020408746573579947
-0.05761914371501488
-0.09514780349150473
-0.00011162654650538198
-0.08387109601420441
-0.00015160489730234647
-0.00017314653428360615
-0.00023865396887348987
-0.0001980504887234097
-0.00017269024389448463
-0.00014198229614343364
-0.00010455138319211498
-0.00013703133756394947
-0.00012389735753420546
-0.0001490459868556207
-0.17082306028251062
-9.627859561266931e-05
-0.03894634463860365
-0.00021153345885591016
-6.183932131914138e-05
-0.09911340467163271
-9.058036878645293e-05
-0.00012178542101653209
-0.00014948138764041995
-0.00019033828991774586
-0.0001359044431611469
-0.01702225943905495
-7.82100027999606e-05
-0.05826493581475903
-0.00017665211782285303
-0.00016831734968157902
-0.0001824675392915236
-0.090830866584835
-0.0002023138299226145
-5.794760076804105e-05
-0.023869436114948652
-10.028235954032962
-8.082061766405497e-05
-0.00013580143900835927
-0.00012025769231579802
-0.00020249983319700106
-5.9867291918829524e-05
-0.05898145887792918
-0.0001084529089396331
-0.08367776796110175
-0.06579158139564047
-0.00010739588879360611
-8.372994762580557e-05
-0.00014261933627051225
-0.00017033011075634084
-0.00014233040735667425
-7.881385375154654e-05
-0.00015141223324090957
-4.480301181953426e-05
-0.00018781601391498496
-0.00012193209810415866
-0.00017549589470216282
-0.0001000891834624936
-0.00020203286941412922
-5.319459952651105e-05
-0.0002141652154326555
-0.0002144649502513085
-0.00018588648748871892
-0.00013471390891601635
-10.014730908645436
-0.06457066900223446
-10.0
-0.00012222070181696
-5.0313239474711665e-05
-0.06000964946486795
-0.032911195838521895
-0.0001957695186453587
-0.04915899779942959
-0.012677930864658037
-10.000008000837584
-0.06185633027066486
-10.000018741145164
-0.00013044277147599508
-9.173537274781287e-05
-0.03449707962496059
-0.06434912248969354
-0.00017459316440852378
-0.00020843616185545584
-0.0001681424568950885
-0.07072058797929394
-0.015482740722912539
-0.06134344689776653
-0.00011276109953543048
-0.00010421714376980264
-0.00014376787297407242
-0.00013389377261208854
-9.689352628837689e-05
-0.0001190837561762547
-10.000006001765701
-0.00018486680472695448
-0.08583197010184042
-0.16029932195648117
-0.00011467070787126883
-0.00018626116854571442
-0.00018861131973750382
-0.0001227613583244524
-4.5554871262410015e-05
-0.00010575324593227399
-0.06913847269723192
-9.804508939692189e-05
-0.028462826870746864
-0.00015339003950254148
-0.029225938950975285
-0.00014818634868704345
-0.0001086848046612419
-4.689410239121483e-05
-0.00014721986925929812
-0.0712577452945968
-0.0001714643641438688
-0.08396959683178103
-10.0
-8.67895126332511e-05
-0.017104962385540306
-0.030580544403817515
-0.08230639619106235
-0.04558894515616483
-4.6554696366345916e-05
-0.0715128026708467
-0.00011734855656858503
-0.00012990258130908983
-0.15203437788073162
-0.06583668199431375
-0.013763037880618202
-0.0001628118697770138
-0.00016958369023012623
-0.00011367033867611065
-0.00015846826191677455
-0.00013105905402773757
-0.07284522584625963
-0.00015804321971527133
-0.0001371662770839194
-10.018405649094905
-0.01914646305314087
-10.000011285156601
-0.00019988149529926038
-0.0001676256627424105
-0.09295775814882451
-4.6073406007881955e-05
-8.76624641179105e-05
-0.0001406728220054606
-0.00017368314695208865
-0.00017682903810430501
-0.038701318692223576
-10.025575173626347
-0.024022921077157342
-0.00011753460444101198
-0.00014869993961924203
-0.0001343323427760741
-9.002418803609949e-05
-0.00014536086056976172
-0.00019074067578048816
-0.0001519280591388035
-0.04346823841714357
-0.00013387454881031926
-0.00017173205047464138
-0.00019176182515915494
-0.07765502261872145
-0.00014764987005946308
-0.00014369680259722345
-9.375053719232689e-05
-0.02091554740758737
-0.00013219208271080448
-0.00011361988043748833
-10.000002698311011
-0.00015986100606779483
-0.08645790850806342
-0.0001348186410774768
-0.00018466455113862933
-10.0
-0.1527008902686485
-0.015813002500893212
-0.021419195920171722
-0.028872792781593333
-3.464902717356648e-05
-0.00010102290488549279
-10.0
-0.010353909409937693
-0.14985664724519815
-0.000167342509976789
-0.00015390647450733567
-0.00017824549732879072
-0.00019007663275823997
-0.05942774849747056
-0.09608609777661946
-0.00019641874902321177
-0.01812604822490333
-0.160965405327428
-0.00013823802865299437
-10.000005337746853
-0.0001957971968537993
-0.00012538126767312622
-0.0001495562074474233
-0.0001627524282109648
-0.045098803705126894
-7.687815544185346e-05
-0.0001546185479495425
-10.009925505346766
-0.00013608604696618013
-0.10707600773336153
-0.07294353113320316
-0.00014973274748879219
-0.00017914132562129415
-0.00013927680282679829
-0.0059697798479585494
-5.100240160256183e-05
-9.406692553231663e-05
-0.04280770375230615
-0.006403914063586861
-0.00015252968848530868
-0.067777072760322
-0.010924493667659862
-0.00015942418367078255
-0.07298107916268025
-0.13339999018644746
-0.00013422927273240798
-0.041134129753115464
-0.006993012363028497
-0.07411797632509098
-0.015439899384309713
-0.07411067040393711
-5.101795001467003e-05
-0.00010498493442796629
-0.0001378692685338718
-0.00015490392620370777
-0.0001049473226834019
-0.0001945826142576101
-0.00016228105804889597
-0.020584774364891888
-0.07616276640195539
-0.00014059104539742304
-10.016038289179793
-0.00013813547216616546
-0.00016212470614612203
-0.03758063428922856
-0.0001433005813906797
-0.0001987242377554875
-10.019330920942743
-0.00012177114339919871
-0.0001157253435857153
-0.00018243079670319964
-8.470440676430557e-05
-0.00011875800300374431
-0.00011120865857514335
-0.033845263186825576
-0.00013116265678612336
-0.08816156595078387
-0.0001321524286969816
-0.00011500798274654996
-0.14152592533764224
-0.0001427854984007082
-0.00013713876013462668
-0.031893286931257425
-9.53687401635165e-05
-0.01915437324921838
-0.00018056775449985603
-0.005671273120061525
-0.00017466790154366718
-0.14223601112290724
-0.0267689959206522
-0.0001313773299296889
-0.00015910223733319197
-0.022062691986976298
-0.0001718992723811612
-0.008410603091775545
-0.0073994940904050215
-0.00014804347430631736
-0.00016078304423578028
-0.00013312076472779533
-0.00019144383639701351
-0.022540732947762446
-0.00013946510989755438
-10.018536815427348
-0.0002142481508811582
-0.00019642827703964026
-0.00013880643900932396
-0.006915115567378317
-9.905572967593745e-05
-0.012826978541942289
-0.00015090980894753945
-0.00011630603192545977
-0.00017256931114600834
-0.00014310066744258775
-0.0499101843535049
-0.0001423333937970242
-0.00014507018785126093
-0.00020621758841648727
-0.00018707653053605432
-10.064824256110526
-0.00017184414456939307
-0.00016865848302257064
-0.0001296693046427386
-10.03421341130626
-0.00019599747325519182
-4.653263061625714e-05
-0.07768925338998349
-0.00014884299228255763
-0.05449236746684814
-0.00012242785391433154
-0.00014172601582866556
-8.013011749460874e-05
-0.00017641490957076802
-0.00014189272518390944
-0.027928996561951764
-5.0703076464776906e-05
-0.0346616398815006
-0.03550986920057479
-0.03085581049733215
-0.00011942454724353875
-0.00012243313669953285
-0.11471455699835693
-0.00016075007767158962
-0.006569924336101633
-0.00011675728120074675
-0.00016490253605002628
-0.00014863988927233386
-0.00018265705855617707
-0.00018391852613560363
-0.0001467163043705447
-0.00016987058895363518
-4.531628832592764e-05
-0.00010081925500228457
-0.00014146292293018987
-6.055457408521764e-05
-0.0001702742399545572
-0.11779667271668942
-0.0001858456984249706
-0.042348325703074535
-0.00010338624346632624
-0.00010550282070740658
-0.00019684042452248546
-0.00011854412414318938
-0.0001629685601711536
-0.005817742896289329
-0.00017119900016438822
-0.00013635384388577194
-0.00010226903659459692
-0.0001606471351670089
-0.00019276321552809484
-0.00013526751806513802
-8.310004963573434e-05
-0.00010862238197370519
-0.00018183077770752125
-0.000181515008941482
-0.00017602396616718958
-9.471462383730045e-05
-10.03284612449487
-0.027276582034978052
-0.018449393340668377
-0.00016451005187164382
-0.000130332649560563
-8.88214437320041e-05
-0.0001185532285056165
-0.00014443591858721058
-0.01857412630512252
-0.01849795165047972
-0.00010084587736011605
-9.875875723635693e-05
-0.00020287835312474213
-0.00010888742949559063
-0.00018498622511443368
-0.00015092460800346364
-10.020010605195882
-0.00017368004353655574
-0.06262528857554778
-0.00012769029531338715
-0.0001742503816193651
-0.00018350309146949648
-0.05757033122502998
-0.00014051634304262413
-0.09658557514046712
-10.021919523323591
-0.1008574193631391
-0.00020253412356389665
-9.955874690461938e-05
-0.00011399375549027652
-0.00019758085168563715
-0.038858486498907864
-0.00017425281736625436
-0.05738989432883755
-0.00012655686415299886
-0.09453978634333038
-0.00014319168438181644
-0.020793026880020108
-0.005698698174462325
-0.00011903381317289155
-0.00011296347988142566
-0.0996555099602408
-0.00015311049935894976
-10.040443870839711
-0.030750853444790546
-0.06626928491966216
-0.042852659576787536
-0.00018913056787039288
-9.780542238624367e-05
-0.00012933633751069989
-0.00010076543937514936
-0.00013466270835909498
-0.00013466072402815597
-0.03643230331346395
-0.00011484856854357905
-0.00012438002580532966
-0.07702169800125983
-0.000144619745148292
-4.8080648800840974e-05
-0.020987140424544644
-0.11122380010722621
-8.442611607021806e-05
-0.00010521924907551673
-0.00015183692522927395
-0.000177249505348836
-0.00017587626561187434
-0.00016033503547008867
-0.00014584040362891263
-0.00012966526491622223
-0.00016588208351854853
-0.0001166948374502794
-0.10474287539549412
-0.03172577766127321
-0.028698443760806366
-0.00014493990425881438
-0.00012865000264307557
-0.00024607053635629047
-0.0001107333534739434
-0.00019758894108116705
-0.08169589103326663
-0.00019308677753343906
-4.549971986672404e-05
-0.06803525266702895
-0.00015354004751683375
-0.010244991108151217
-0.00013230989502574427
-0.00019452310360896694
-0.00015152942487027386
-0.0001789553147856553
-0.00010932052345577955
-7.854756179581197e-05
-0.00013687368884118464
-8.934560242583107e-05
-0.00010488959260082469
-0.00013493102418397925
-0.04880477967837487
-0.00013979089887482797
-0.0343284575714293
-4.907731668408586e-05
-0.014160397340713027
-9.30620877445685e-05
-8.91285306117205e-05
-0.01045634847864716
-0.005575858644385408
-0.14701600623445052
-0.00014749467202811677
-0.00013307865087323377
-0.03462712983344016
-0.0001269564715516684
-0.00020424175967439487
-0.10925797535404268
-0.015311516970848487
-0.011692936482285185
-8.997650940142858e-05
-0.0001572316652909819
-0.00010805672822252294
-0.13645238832303463
-0.00016804895890511033
-0.00016079983766043298
-0.00016988782077753277
-0.13530773984450162
-5.073251921890699e-05
-0.02912171950447212
-10.020347089492578
-0.1297646254324418
-8.590779363574697e-05
-0.00015742968777857818
-0.0245657286806375
-0.00017299278994858524
-5.100638633693734e-05
-5.3885175709047616e-05
-0.00018872036737957869
-0.0001454780222749405
-0.00013351362722507275
-0.00011290080008464205
-0.00014560164136196837
-0.00010709113265979411
-0.08714552415021759
-9.123959165236124e-05
-5.9378504322152466e-05
-0.00015109996536028208
-0.00012319841873761948
-0.05656753331275202
-0.00016884032924430512
-0.0001460843320904513
-0.00010999419860457679
-0.00014857780687140446
-0.00014721804143654654
-0.050787857093876274
-0.00014220282199111322
-7.380798383210573e-05
-4.2617418878684684e-05
-0.11028236435066494
-7.66722187762762e-05
-0.02710629979038947
-0.00013907314129985856
-0.00013250788910803
-0.00018292545713306696
-0.00867279449645659
-0.10980176900390966
-0.00017185514530605416
-5.303014118379741e-05
-4.895063437356176e-05
-0.15585171792808122
-0.0001376051777874604
-4.1245697715134246e-05
-0.00014363635289248904
-0.038308958133279405
-7.263872967344142e-05
-0.1822267950615263
-0.00010784970810766223
-0.0002056940158276211
-0.00014823989789676303
-9.852899125158705e-05
-0.00017709130722130906
-0.00015541365280784267
-5.94552601247514e-05
-0.00018439430619199293
-0.00019074996233805737
-0.00012136969912996209
-0.00017651046681132278
-0.00014884645998557942
-0.06883168707658333
-0.03710575452747439
-0.1494308223196353
-0.0001851052759961666
-10.00772110931827
-10.021853451905612
-0.00012396862255493736
-6.608530268014221e-05
-0.0001860153397267439
-0.000127874123465228
-5.9621546823351015e-05
-8.977662841910273e-05
-0.00014273306113479956
-0.020397024434998395
-0.1471973601742086
-0.05534675054972529
-0.0064618390042530775
-0.00015939725975640416
-0.00012400547275753798
-10.007098457433756
-0.00016268907789988165
-0.06177871311201784
-0.0001443048587137378
-0.007084169768777789
-0.08454056733083115
-0.049622548442891004
-0.00018183392334312156
-0.07476636642671916
-0.0001792838179364895
-0.021163469522875705
-0.00014573896132271592
-0.05104938951361418
-0.000126733159420538
-0.00020670891009719373
-0.00018118519256400697
-0.000144116121557644
-0.00015250768724229944
-0.00015641809136839654
-0.0001670999338152007
-0.00020062987425378514
-0.06145897592377973
-0.029951052959294438
-0.00016438880360979786
-0.018850940942350142
-0.0001414815153863968
-0.02293848765090973
-6.043529836261601e-05
-0.00013694330130032794
-0.00018872140711651507
-0.00012392294555598382
-0.07538762346229952
-6.156749213541512e-05
-0.0002118908939447545
-0.18039709816511174
-0.00016104243654994557
-0.00013080609744153658
-0.1817181224753231
-0.00011925842858414281
-4.933622451171104e-05
-9.472570353091754e-05
-0.0001347666246884522
-0.15990773347916823
-0.00016466573704332913
-0.00017144528294868173
-0.00014538044795240026
-0.019082156748771593
-0.00014366637279768124
-0.00011747405584132666
-0.041133286264094474
-0.00013593508749837856
-0.0001381534633526629
-0.0321788701441484
-0.00020568322300601344
-5.728865458352738e-05
-0.031056813175765884
-0.00012384216234552188
-0.00012108624341623201
-0.0001754444903675609
-5.498239505598719e-05
-0.08343643192820147
-0.00019759460653248856
-0.00015148664627350627
-0.00012797843908886084
-0.00020363665982641897
-0.0001077229984862926
-0.00012709500178485512
-0.00016880772417426617
-4.819984228838454e-05
-0.00018781380823593984
-0.00018438277585791846
-10.000000063406423
-4.152018051213207e-05
-0.00013473865811435438
-0.00018195682256950783
-0.00018965936515653813
-0.00016376606543870277
-0.12667012957530233
-0.00013924910946166218
-0.0001349124488598529
-8.53121467180908e-05
-0.00014368737299488726
-0.00014898296006936323
-5.3075259348428505e-05
-0.00017348649771451772
-6.41925336941141e-05
-0.028314747572437522
-0.0001770451259121265
-5.669241006326403e-05
-0.00019316668826725914
-9.704809907240215e-05
-5.148107817866913e-05
-10.005357932722331
-10.014731670755543
-0.00017032287577875598
-10.017674898658512
-10.028544343031166
-0.0001373742132543508
-0.00012208237681944934
-0.0001639639330601559
-10.041555434575587
-0.01897493154289545
-0.00016092608610162036
-0.09439508048791592
-8.644757834203355e-05
-0.00014402214766963837
-0.00018329727257495725
-0.04347640824549283
-10.00663302721963
-0.00020712522782952711
-0.00019850955601795087
-0.1840259551156781
-0.00011890804021458377
-0.0001812748060960266
-5.832232074261766e-05
-10.005615782191608
-4.078065395519636e-05
-0.16447252635763468
-0.000168639010553138
-0.00012416161761784052
-7.966871385544668e-05
-0.00014265628981205533
-0.00012786200627717324
-0.043444470661225615
-0.00017068872227022594
-0.00017365935073016325
-0.039373212840605354
-0.0998241749530944
-0.00015104437677472868
-0.14360545689962456
-5.024832469374067e-05
-0.00016236615540899082
-0.00016898060490910626
-0.0001296417457786706
-10.000091970487759
-0.008583051107957472
-0.10901028356701015
-0.00013903871293947847
-0.00015117241626058626
-0.0001417906413586857
-0.00015660296402800224
-0.00013503373308283343
-0.00018368673592229404
-0.06126491487840126
-0.008430655209337105
-0.00011746803770940687
-4.150659291657833e-05
-0.00019900365602765267
-0.00016730517327885814
-0.024258546583434803
-0.020589929578836732
-0.07599184042206163
-9.231632517529799e-05
-0.09953286763198427
-0.0001462511528559817
-0.00017538892003727248
-0.07161972264588769
-0.00013032261531330925
-0.00013859898383877513
-0.0002140541886936989
-0.009886010957005495
-0.00012341352239712545
-0.020486336132871496
-10.007422557285842
-8.685401539820085e-05
-0.05828650668872392
-0.00021161341877361332
-0.00012022646943109213
-0.00019737195552073502
-0.000165939273968166
-5.534435101598484e-05
-0.0001051663346973067
-0.00014633101985458833
-0.00015392814453771346
-0.00015822320610205765
-9.365605087311376e-05
-0.00023907838604401345
-0.0001793847785559225
-0.00011999922806493476
-0.0001567495568945716
-0.14551861233831517
-9.39607032408556e-05
-0.00022510001524082702
-0.0002023042297199264
-9.295913711902072e-05
-0.000176992429921888
-0.00013771014691943835
-0.0001355664703370777
-0.0001149870186498146
-0.00019424248062314075
-0.05403440641586575
-0.0001072721730505639
-0.00016091515121937342
-0.0729332585918108
-0.00017425907948769048
-0.00018799693166494995
-0.00011769296937828332
-0.0001063172475512583
-0.00020317591671487284
-0.03243713402308528
-0.0001999457567406294
-0.0001711401459651601
-0.045077425981262
-9.02970065948961e-05
-0.03913326603993998
-0.00015933491389379003
-0.0338207654810857
-0.11280204505772717
-0.0001727901316557459
-0.00011361071291564667
-0.0001768617386614226
-0.00017363240743431318
-4.642923805351544e-05
-8.703227871126989e-05
-0.01619223169245162
-0.12629740701900727
-0.0001427096524395415
-0.0001494400818200078
-0.03106371573341156
-0.00015527164611425586
-0.0001389948155189071
