-10.299999999999999
-10.151075518749144
-10.04630989472965
-10.04630989472965
-10.05688388069168
-10.055138263626223
-10.044564277664191
-10.05688388069168
-10.142667124347774
-10.04630989472965
-10.252388798343727
-10.073675828871504
-10.029758092964002
-10.080970072867462
-10.036473688909192
-10.261783213026684
-10.02921591825723
-10.0677935623453
-10.075731802971765
-10.029510975258656
-10.063628572577082
-10.02921591825723
-10.024046141982037
-10.029510975258656
-10.024046141982037
-10.018581308705416
-10.073121130836304
-10.029510975258656
-10.029510975258656
-10.029510975258656
-10.024046141982037
-10.02921591825723
-10.14456880956066
-10.024046141982037
-10.023751084980608
-10.029510975258656
-10.024046141982037
-10.029510975258656
-10.02921591825723
-10.275527259717908
-10.052522521613168
-10.027647698527183
-10.027647698527183
-20.2956358212249
-10.026424219073675
-10.064535646741973
-10.026424219073675
-10.026424219073675
-10.026834136000726
-10.063338597967736
-10.026834136000726
-10.021554043389818
-10.086927807078624
-10.026424219073675
-10.110589564482671
-10.026834136000726
-10.026834136000726
-10.026834136000726
-10.026424219073675
-10.066481526487108
-10.053401045269887
-10.09511751281953
-10.026424219073675
-10.026424219073675
-10.026424219073675
-10.05735783989574
-10.309430067298168
-10.019013563654061
-10.023327443034995
-10.023266424220639
-10.053793611413239
-10.023327443034995
-10.053732592598884
-10.04516585265137
-10.023327443034995
-10.023266424220639
-10.061923844172352
-10.189528771155834
-10.023327443034995
-10.023327443034995
-10.05718732620736
-10.057670983605774
-10.045811499905263
-10.019013563654061
-10.019013563654061
-10.023327443034995
-10.199810019756432
-10.054035729133048
-10.051952561047548
-10.05391723741633
-10.023327443034995
-10.019013563654061
-10.375964871112098
-20.305330238175024
-10.039277428862983
-10.083881366141343
-10.044655585128027
-10.017527131971283
-10.017527131971283
-10.017527131971283
-10.017527131971283
-10.032030621978397
-10.038591076638783
-10.018088629844463
-10.038591076638783
-10.018088629844463
-10.017527131971283
-10.017527131971283
-10.017527131971283
-10.079596789536158
-10.014306657787747
-10.035630068811132
-10.191085316968838
-10.20743560502224
-10.041931057115631
-10.017527131971283
-10.018088629844463
-10.014868155660928
-10.018088629844463
-10.017527131971283
-10.017527131971283
-10.018088629844463
-10.078620699783812
-10.011086183604212
-10.042617409339833
-10.017527131971283
-10.017527131971283
-10.042632515051384
-10.043178907213013
-10.017527131971283
-10.018088629844463
-10.014868155660928
-10.018088629844463
-10.140391476709476
-10.041315604651176
-10.108719019051174
-10.014868155660928
-10.017527131971283
-10.017527131971283
-10.017527131971283
-10.035251096161932
-10.208840675703525
-10.035266201873485
-10.014306657787747
-10.017527131971283
-10.083891120518643
-10.200708168878048
-10.014306657787747
-10.018088629844463
-20.23088521392852
-10.017527131971283
-10.063538771415962
-10.130753493304882
-10.014868155660928
-10.038850542994668
-10.014306657787747
-10.148769034579127
-10.085654021322084
-10.048916586884532
-10.028004289277346
-10.014306657787747
-10.153928378888482
-10.042876875695718
-10.017527131971283
-10.074542196666458
-10.038850542994668
-10.017527131971283
-10.014306657787747
-10.039277428862983
-10.014306657787747
-10.018088629844463
-10.017527131971283
-10.066678182322272
-10.084454295947891
-10.011086183604212
-10.2158212876917
-10.014306657787747
-10.035251096161932
-10.080696540811868
-10.018088629844463
-10.138102269966062
-10.017527131971283
-10.017527131971283
-10.017527131971283
-10.014306657787747
-10.018088629844463
-10.13897368072883
-10.042617409339833
-10.046658847752434
-10.15202678018629
-10.088236801090279
-10.043438373568899
-10.018088629844463
-10.014306657787747
-10.014306657787747
-10.042617409339833
-10.017527131971283
-10.014306657787747
-10.018088629844463
-10.017527131971283
-10.13559493826803
99.71634049161561
-10.014306657787747
-10.042876875695718
-10.09192008853449
-10.014306657787747
-10.017527131971283
-10.03456474393773
-10.014306657787747
-10.017527131971283
-10.018088629844463
-10.017527131971283
-10.035251096161932
-10.017527131971283
-10.031344269754195
-10.040629252426974
-10.219482599977757
-10.035251096161932
-10.035370602455245
-10.014306657787747
-20.210383125730814
-10.079365855959475
-10.08443676343549
-10.017527131971283
-10.134732006264734
-10.014306657787747
-10.080696540811868
-10.014306657787747
-10.017527131971283
-10.038591076638783
-10.35662075584477
-10.017527131971283
-10.018088629844463
-10.04289198140727
-10.115153329099291
-10.014306657787747
-10.017527131971283
-10.18332352271829
-10.129715994933084
-10.014306657787747
-10.017527131971283
-10.017527131971283
-10.014306657787747
-10.039292534574535
-10.017527131971283
-10.14039672739882
-10.230128945647769
-10.017527131971283
-10.078760896836657
-10.018088629844463
-10.045056216437864
-10.018088629844463
-10.085169845368492
-10.014306657787747
-10.017527131971283
-10.042617409339833
-10.076371419122689
-10.018088629844463
-10.042617409339833
99.75639260673455
-10.014306657787747
-10.017527131971283
-10.017527131971283
-10.03456474393773
-10.017527131971283
-10.19246466040399
-10.014306657787747
-10.040770417380926
-10.042190523471517
-10.017527131971283
-10.014868155660928
-10.032290088334282
-10.042632515051384
-10.018088629844463
-10.144405109245975
-10.014306657787747
-10.039292534574535
-10.017527131971283
-10.014868155660928
-10.014306657787747
-10.042876875695718
-10.014306657787747
-10.078895331600405
-10.14957460936617
-10.017527131971283
-10.088854034175004
-10.195885942506166
-10.103289098309114
-10.096437463789638
-10.017527131971283
-10.014306657787747
-10.014306657787747
-10.083555888639571
-10.06059201517239
-10.068061050288154
-10.140628917500683
-10.060776316643032
-10.085724667073464
-10.018088629844463
-10.039152574511963
-10.018088629844463
-10.014306657787747
-10.017527131971283
-10.014306657787747
-10.018088629844463
-10.084048164181397
-10.088153505919799
-10.014306657787747
-10.115722431329868
-10.042876875695718
-10.017527131971283
-10.042617409339833
-10.018088629844463
-10.076229932584656
-10.076662661874773
-10.032030621978397
-10.014306657787747
-10.018088629844463
-10.038850542994668
-10.328361326481808
-10.045957389816683
-10.014306657787747
-20.248274823328792
-10.118393044592453
-10.129598983871787
-10.014306657787747
-10.014306657787747
-10.014306657787747
-10.035266201873485
-10.017527131971283
-10.042617409339833
-10.120704348295995
-10.017527131971283
-10.076213753440925
-10.017527131971283
-10.017527131971283
-10.014306657787747
-10.17490406626815
-10.014306657787747
-10.014306657787747
-10.014306657787747
-10.121379132126368
-20.4076314919923
-10.016198202203848
-20.182108184159773
-10.210444349537001
-10.106842648152478
-10.01670799152564
-10.039392062742298
-10.01670799152564
-10.136403408017292
-10.12016188125666
-10.064683044535142
-10.013221596131972
-10.016198202203848
-10.140056182164761
-10.035666947435804
-10.01670799152564
-10.016198202203848
-10.058934005713095
-10.112534599002284
-10.032843443287769
-20.307729988953337
-10.044334798447085
-10.3123490176053
-20.34658136792923
-10.102402982768014
-10.182773234277308
-10.157668585009578
-10.01670799152564
-10.016198202203848
-10.192116838469197
-10.013221596131972
-10.013221596131972
-10.013221596131972
-10.06545330990487
-10.01670799152564
-10.01670799152564
-10.01670799152564
-10.277756141764714
-10.01670799152564
-10.197548193173565
-10.18178147299554
-10.013221596131972
-10.070689216859215
-10.016198202203848
-10.04245623381548
-10.036570505606587
-10.111603332064655
-10.199608538406626
-10.041492579340963
-10.013221596131972
-10.016198202203848
-10.098501329853882
-10.025901054984251
-10.073772777566283
-10.138687466605875
-10.113118042351047
-10.07651557534775
99.72587450449915
-10.21846340593286
-10.025901054984251
99.80392917267285
-10.039632729667447
-10.111709587964205
99.7366623948281
-10.308958766353886
-10.016198202203848
-10.038731118508986
-10.016198202203848
-10.070624497093963
-10.031941832129307
99.84262521811107
-10.050510271602246
-10.195656642762689
99.73591462230242
-10.016198202203848
-10.078515277163428
-10.13295664431173
-10.070542997811865
-10.029626170290745
-10.204960766518024
-10.087607229124465
-10.016198202203848
-10.066178262431473
99.7533420640357
-10.016198202203848
-10.137241590626765
-10.025901054984251
-10.075613160004034
99.77293190626098
-20.26247063350857
-10.247898710437255
-10.192252237012232
-10.103415067196995
-10.035668894448126
-10.039392062742298
-10.177220360224794
-20.218824239540588
-10.039392062742298
-10.04245623381548
-10.188958816934367
-10.016198202203848
-10.013221596131972
-10.01670799152564
-10.22456992601939
99.83558973049449
-10.05421198905963
-10.036568558594265
-10.0452647399774
-10.145021973159109
-10.061962699315098
-20.222585123854152
-10.102531284574392
-10.065179972312123
-10.138875436970736
-10.035666947435804
-10.171185861177925
99.76021224688874
-10.028877661056127
-10.039394009754622
-20.17842923524007
-10.209614807358895
-10.013221596131972
-10.037917253569459
-10.03575451243711
-10.075527105387534
-10.054255699832678
-10.187999912355837
-10.036568558594265
-10.016198202203848
-20.34674036055222
-10.214541386598064
-10.224061240493972
-10.160953727096066
99.70298817951875
-20.35560010996393
-10.013009871720795
-10.01594011587704
-10.336119435282846
-20.20283242868844
-10.111066808605768
-10.135861309308853
-10.111504592781607
99.73269770239521
-10.111057385675046
-10.123691863508013
-10.01632803915634
99.78438990051434
-10.039315189943476
-10.03885555409869
-10.1158590386239
-10.071541479793083
-10.22570758689115
-10.328461288559922
-10.028378524930462
-10.070883815177906
-20.300675701543057
-10.015868403311554
-10.015868403311554
-10.202882208597222
-10.07539704358935
-20.206655443584
-10.072042686546274
-10.364644645501311
99.78359356675858
-10.03416375737224
-10.283026146188362
-10.034039006556183
99.71554725659098
-10.137854035288361
-10.012309702705997
-10.015427377918595
-20.184053448276345
99.78189166884106
-10.033215373696958
-10.110375431019753
-10.269150759425251
99.79510784251532
-10.036371000322736
-10.012122135258918
-10.15935173377274
-10.03533885720669
-10.012122135258918
-10.264885860544794
-10.014854540065118
-10.329154931744009
-10.014449254119668
-10.05434036097881
-10.029425878929686
-10.030912986068255
-10.01178965376244
99.78689921738915
-10.076805650733753
99.77659793818916
-10.097393702845656
-10.035222470455604
-10.146370194228297
-10.321657988164805
-10.172864695527368
-10.253769319712857
-10.219937115351083
-10.035222470455604
-10.267713510067559
-10.01178965376244
-10.014449254119668
-10.124207926761866
-10.20515002350045
99.7491778083741
-10.03184253059275
-10.09698032734489
-10.163587872224062
-20.27410253071389
-10.309980713032859
-20.165370240255893
99.78465928373956
-10.170200671563766
99.80194001300637
-10.317555617182538
-20.244197560203546
-10.014449254119668
-10.280962460831663
-10.01178965376244
-10.03184253059275
-10.059814435890855
-10.165754869835641
-10.356702435315919
-10.011767717101733
-10.18081074648202
99.8062495217042
99.74856870409158
99.8024433750072
-10.029352281987917
-10.161821783616276
-10.150109523962666
-10.150906785240787
-10.0353776485702
-10.303373126727971
99.78833565294664
99.81234584812192
99.83892491781916
-10.032948693757469
99.74174166725025
99.80360589434378
-10.011767717101733
-10.102753826815059
99.84844941996576
99.77241432872577
99.80357963090013
-10.198790700466137
-10.218457881026719
-10.072189777736984
99.80507789578715
-10.069055672973155
-10.011767717101733
-10.03421019161338
99.77822878812397
-10.014422082994368
99.77773384606829
99.76850253014032
-10.029126870908014
99.80265182664014
99.86222168133497
-10.08996883110385
99.82301226263932
-10.202884018000264
-10.049794012992965
-10.219069632058368
-10.031781236800649
-10.048035431621075
-10.144268963464214
-10.196767617966183
99.82522874899306
-10.107900089870272
-10.11094512644294
99.81751899984944
99.83969986347445
-10.014422082994368
-10.15928487930847
-10.172974982938394
-10.279804958314836
99.77567052744745
-10.2535650836522
-10.085437055510148
-10.331166162756924
-10.069884442325245
-10.100230578164517
99.83248667422868
-10.057031924193694
99.77714022487318
-20.15707072154246
-20.216524307115503
-10.23388595997725
-10.165910591300754
99.77844558114538
99.80286541116091
-10.055174844546192
-10.184469875737419
99.76375692690256
-10.011186562112595
99.7518990886035
99.82639171113524
-10.206467364022197
99.81035108935731
99.84932894042024
-10.221740991142482
-10.149317655089888
-10.030462618297838
99.83963678877623
-10.204366380359332
99.83248430905165
-10.122501072272511
99.76100811722954
99.80403048556342
99.77827444554661
99.80875625692174
-10.013713670791825
99.77827093249238
-10.164173365719838
99.83080323272478
99.77366594199368
99.75589063293162
-10.126101529087892
-10.028155228669934
99.78338969750509
99.8110873678372
-10.12609335033081
99.78481426471923
99.83042556215072
99.83248430905165
-10.15491641090081
-10.193569520493499
99.78133062443989
-10.217343490489498
-10.184612558809294
-10.236175467701148
99.7826104063579
-10.046425363817844
99.83512537826185
-10.154060136306908
99.83150073368954
-10.146265182995318
-10.300359924798256
99.8021082893376
99.86390771735896
-10.220581329666288
99.78816668550861
99.86841448331455
99.79920479025297
99.78337532968786
99.78066397564328
99.81890683961193
99.80958422531937
-10.053426444893885
-10.204753114174629
99.86408706416974
-10.065052209098084
99.78063916836754
99.7743806576421
99.81137454308083
-10.162240406820205
99.82249508120545
99.8361428705953
99.78945171312037
-10.261813340009965
99.77929372193205
99.86389288510266
99.80401943965734
-10.116396652308126
99.88571959224436
-10.21020381044368
99.80878400201657
99.83673968214427
99.88598469868481
99.79469342809627
99.79074429527742
99.78525396874875
99.83217353832508
-10.212440138418062
-10.2561070843323
-10.010845896273198
-10.131516843178586
99.79045201757289
-10.055123427054752
99.84317694158865
-10.03556621967371
99.77822610471007
99.82918756378825
-10.187021126284549
-10.023710193032858
99.79997669309049
99.81079427397086
-10.010845896273198
-10.055137522374766
-10.204525024874014
99.78858416620612
99.77963008349946
99.86407229268977
99.86101723304391
99.82097589175761
99.79053849886786
99.78433104536087
99.78150895740824
-10.26118875729994
-20.138878520077885
99.8202182410865
-10.084969881130743
-10.175235238592267
-10.175327342242484
-10.286002771177019
99.81774176520942
99.86389063123615
-10.142936820648538
99.79461244045189
99.79125050416668
-10.013298408353872
99.86389288510266
99.79176009836686
99.8641557376766
-10.09878017683189
-10.146598689099337
99.77822610471007
99.82879951497894
-10.138435227899993
99.84661366989779
99.78661148449291
-10.186512802229299
-10.278490175631452
-10.256623899214874
99.79060624106992
99.82993914916611
-10.261969303799216
99.81299677420793
-10.18710270251735
99.79440802413487
-10.220200261244514
-10.013298408353872
-10.204058592615675
-10.029335136061398
-10.122948592152431
-10.171098329843359
99.84130212053097
-10.269217192043534
99.80292161233963
99.81590199702492
99.81272308025622
99.78157179696056
99.82447209583412
-10.027675657886483
99.80261546086795
99.89717615702868
99.78795169724475
99.8410802189079
99.76495767855151
99.80958422531937
-10.013298408353872
99.80995095876634
99.81658080419938
99.8179998588083
-10.099551157392613
-10.214189128255757
99.79007886624956
99.8230642558491
99.82977862115513
-10.059858202206652
99.81510670329635
99.81222835976563
99.79706470100668
99.81557318383065
-10.294348455880739
99.81120945130773
-10.151716373647174
-10.319940912709063
99.8422287160495
-10.050428229357456
99.84366925995236
99.81265228613606
99.79087651074204
99.84316488535521
99.81131392655196
99.83269691566458
99.81414555280072
99.78352145948942
99.80124756893659
99.79993547507105
99.7727020237342
99.82097061591752
-10.222219348505481
99.8431626314887
99.82098823920242
99.86529953780848
99.80226837901975
99.81832858698515
99.82087119562647
99.78125497508893
99.86763956872568
99.85037672990916
99.79255831085214
99.86746435639186
99.78766870761287
-10.230218875422652
-10.272755840141285
99.78277001120067
99.82135918857026
99.81833084085166
99.81832858698515
99.79042737123319
99.82009690452253
99.8168873045448
99.82500463306067
99.86763956872568
99.8150630684032
99.81048886889745
99.80112004566202
99.80938755521046
99.82061579309847
99.8203694177144
99.81701286567763
99.82693973576221
99.82052128148482
99.77727778368569
99.79944866194968
99.79764091973173
-10.013123508224941
99.80950528717949
99.83269691566458
99.83949661968053
99.7660685614251
99.82606584198716
99.85454846863438
99.83949661968053
99.81379751406229
99.8117914122673
99.83949729584049
99.81798641344255
99.77244547524869
99.80102490490361
99.78576339289339
99.80878170769422
99.84357612434661
99.81541392441272
99.80357445064396
99.81877794825189
99.83949661968053
-10.164259006345228
99.80802297177189
99.80884040713204
99.80001758945973
99.83686955593642
99.83461320373836
99.83350458400221
99.8168907459605
-10.032052576646837
99.80011226511142
99.81628991304832
99.84486006037838
99.83949661968053
99.84203922832185
-10.180034592861373
-10.059764007568216
99.83666101393305
99.81863497226435
99.78207677592388
99.80124531507008
99.81858426778896
99.8120354724255
99.8168907459605
99.82954032514759
99.83013897594194
99.82740265010288
99.78961678845405
-10.02308881078339
-10.269461238880917
-10.181825968676229
99.83949661968053
-20.257742781322747
99.8235984103487
99.81104265376754
99.83492146364719
99.83879538990803
99.78809706211337
99.81199263489859
-10.191355370119961
99.87942050798377
99.84572270821958
99.8392298843718
99.83994598094728
99.77309339539308
99.82296417568563
99.80009184220683
99.84020146992742
99.80021372003259
99.84174891101411
99.84174891101411
99.78128329063952
99.79971345110108
99.8371381358514
99.80666533310574
99.83644609368899
99.80087843182444
99.82843415551231
99.89352546549952
99.84639941961686
99.81467424925322
99.8360288296556
99.86583818286174
99.80896884031112
99.81322452330514
99.86841310372081
99.82396123263517
99.80320676956083
99.8156967606615
99.81508910814873
99.82016375943404
99.81425698521981
99.82396123263517
99.83096051098819
99.84174891101411
99.80054118382748
99.82080699458656
99.81804505935841
99.84212730389903
99.87290452140059
99.83663867708903
99.80166279230849
99.82081072595169
99.82080699458656
-10.01069267602724
-10.013071990395629
99.8210626341283
-10.261676717081146
99.81803386062522
99.83215111611601
99.81508691322806
99.79434067278814
99.8026248079722
99.86841090880016
99.79923392849253
99.82268152809074
99.80032362831561
99.8360288296556
-10.144175214057107
99.80799418692268
-10.013071990395629
99.8419383397959
-10.296254753938793
-10.174386616813043
99.83702023746397
-10.15166513383295
99.86318693944087
99.82734416637305
99.7550352593392
-10.012506565565342
-10.143043331708409
99.83938890008217
99.83938890008217
99.79498878174705
99.8765235113485
99.77356070960067
99.80575668734745
-10.262638812533481
99.83397729539789
99.80161169564245
99.8077409215285
99.81926999170123
99.86828207381917
99.8195014201972
99.84801246577284
99.81104590866784
99.84246056630883
99.82812498588787
99.82512823371478
99.83938890008217
99.8765235113485
99.81621361233995
99.83977102824353
99.82508856508515
99.82380691341794
-10.24958584699275
99.8320573655314
99.8331352686925
99.82666238588178
99.80608534995397
99.80705375747561
99.83793099532029
99.80320521324342
99.8195014201972
99.82854684606154
99.87669717403386
-10.170910800731464
99.81829303600897
99.8241252951521
99.82971850348883
99.8034286248723
99.82375335212625
99.8790257729647
99.83938890008217
99.82611893045318
99.823926829865
99.8040590312135
99.84321018163874
99.79961394031221
99.80732237945413
99.85448168049395
99.84904127236109
99.84984022607038
99.82812893674506
99.85466157896612
99.90052621752515
99.89641099123347
99.89641099123347
99.81040926743671
-10.284776752914945
99.77847831146141
-10.050672093325863
99.87652526728502
99.8386939603663
99.85849279625627
99.82516835690292
99.8557492643764
99.82385137523323
99.79484714044388
99.8195014201972
99.82982865956036
99.86012008429205
99.85772746907728
99.82989123979664
99.82121829273939
99.84462276295949
99.82836317944162
99.82984339487453
99.84362170427404
99.83980042271747
99.83801421320108
99.84504912690616
99.85232967773607
99.83541580444832
99.84817300279246
99.8443131352803
99.85830053150207
99.8405119189484
99.81041925246556
99.84663777889173
99.85019303717982
99.80176595291823
99.79837460819496
99.83284938381591
99.83938890008217
99.80994117967539
99.88193831050603
-10.210307353667618
99.83718623018602
99.80994117967539
-10.026663683859963
99.83235597837202
99.84525408258293
99.82546849832583
99.80133081285442
99.8195014201972
99.83718623018602
99.8602974947605
99.87675775404506
99.8205324217061
99.82024862342955
99.87836167407241
99.79498588528203
99.8227609392318
99.87675775404506
99.79884795465702
99.86789994565783
99.8717212272144
99.87201517194951
99.85072319286503
99.81726274431747
99.80073093032232
99.82053022678545
99.86477018786668
99.84042605025172
99.80002546294752
99.84824670846942
99.78413689774078
99.9066990569627
99.83994739508722
99.84839459393419
99.82984317538246
99.81238306038148
99.79591460981968
99.8187469789649
99.8435923098001
99.84376867664379
99.82593449764585
99.87811702894946
99.87652482830089
99.83938890008217
-10.116820316793676
99.81290865131005
99.84904127236109
99.8765235113485
99.85183374732941
99.84161141872531
-10.311077401970891
99.79961613523288
99.83083448135247
99.83938890008217
99.82091698527914
99.78798412924787
99.8304535848187
99.84940134861561
99.79704933856691
99.86789994565783
99.83938890008217
99.86892875224608
99.8077409215285
99.82611517675274
99.81726274431747
99.78143013409974
-10.054439615821986
99.81991526918992
99.8060873649408
99.80810507607815
99.82812660635241
99.8253432496416
99.84904274498338
99.84613701620559
99.8315697232276
-10.217401743577701
99.83045520525627
99.78680156475214
99.82480052775338
99.81963966705175
99.84453548445126
99.82915541294066
99.84497602856462
99.83994957360238
99.83994957360238
99.79791427972782
-10.0125064217827
99.84801393839513
99.80023995195171
-10.126775486126656
99.82606167490681
99.82392850341685
99.84801393839513
-10.192414347738353
99.8518352199517
99.84801393839513
99.84917038942348
99.80608517005867
99.83980260123263
99.83939107859733
99.84350630488902
99.84377085515895
99.83740233113082
99.79844023155003
99.82830026899924
99.81829634023994
99.84497602856462
99.82680291278344
99.84801393839513
99.84801393839513
-10.284734500703914
99.81506235278114
99.81299229021826
99.83651053801196
99.79511606715253
99.80511424014112
99.89641146227835
99.79543682238666
99.82812660635241
-10.271505250431066
99.82812660635241
99.86893007702609
99.87172255199441
-10.04263771995595
99.84581125552745
99.87676012881093
99.82053255314287
99.81948058738011
99.82053255314287
99.85823031577077
99.83642756913113
99.84145133235343
-10.248832282372756
99.83939107859733
99.82972012393026
99.82812660635241
99.828360849022
99.89641146227835
-10.14931847936757
99.84442582290792
99.84857243340018
99.84505516313179
99.85526409429384
99.82812880123454
99.83379133231215
99.83183931192954
-10.161352300914537
99.78543268278271
99.82937984163361
99.84801393839513
99.84887644468836
99.79020938946786
99.88210908020294
-10.168779112062548
-20.256766447365152
-10.287168543290013
99.8026693655165
99.85127082063019
99.90199641224565
99.89751961567487
99.90669952800758
99.87172255199441
99.83128502387905
99.77356306686777
99.80835456503691
99.82437416445144
99.84508759531731
-10.050474308345065
99.80994319470074
99.79609606666959
-20.154877948088124
99.84801393839513
99.84801459685977
99.8241269682299
99.77356306686777
99.83939107859733
99.82812660635241
99.82966180193691
99.8589370785168
99.83351630479265
99.82812660635241
99.84818760104196
99.81772059814219
99.78911803816669
99.84967914432656
99.8029268045934
99.7996164145119
99.8000279371472
99.79362051226732
99.81930572071799
99.79502529975136
99.84293546264013
99.82919020956035
99.83980260123263
99.8432123601539
99.84369582988191
99.83515756867212
99.79664840586041
99.80609032933201
99.81816719358596
99.82597250210138
99.85448269394189
99.81950374655462
99.84801393839513
99.8480150358362
99.80248002044182
99.81654004037544
99.82812660635241
99.83045520525627
99.83369820549733
99.82701241640505
99.83939107859733
99.83939107859733
99.79060807808186
99.82617753109774
99.76395492278878
99.81881543100317
99.79318583045752
99.83442131307633
99.84801393839513
99.82097498570035
99.84967914432656
99.86324289761751
99.86790127043784
-10.102229309042139
99.81870043588205
99.87652522767671
99.82895326172896
99.82735974415111
99.8898499785186
99.81041223721246
-10.296928810710796
99.88667756348462
99.85830204503544
99.8115363812051
99.84801393839513
99.8457753443027
99.79013391141905
99.79450301903194
99.78183787011281
99.76449339977086
99.85239371495675
99.84233126516608
99.84967914432656
-10.210114378151236
99.82812660635241
99.82392850341685
99.82023936612748
99.84012034837836
99.84145245463537
-10.243951072433228
99.81950374655462
99.81178118107914
99.8035385309936
-10.145524229667032
99.85681129284575
99.80247150348482
-10.131419439212467
99.828360849022
99.80194501341576
99.80098177061366
99.84904274498338
99.84041988518558
99.84497602856462
99.84818760104196
99.84857462828231
99.83037567992886
99.84801393839513
99.8429355095969
99.86466601485245
99.83939107859733
99.84801393839513
99.83993391806648
99.82812660635241
99.84904274498338
99.8281281427699
99.82812660635241
99.83851673999641
-10.179668748208814
-10.079633298715393
99.81567939939399
99.83939107859733
99.79743251406505
99.81950374655462
-10.1350087282499
99.81636291580763
99.84350630488902
99.82325886339329
99.83146403374269
99.8321975925135
-10.16764057281164
99.78576872805725
99.84497602856462
99.814348275968
99.82972012393026
99.84927698765297
99.84801393839513
99.81850675540308
99.82597250210138
99.82509089140403
99.83148620672665
99.81950594143674
99.85830200412435
-10.183336661148159
99.84801393839513
99.83939107859733
99.83939107859733
99.82861354117456
99.84801393839513
99.84950975245981
99.81766268718866
99.83994957360238
99.84801569430083
99.84573095328807
99.84801591378904
99.82616918304764
99.84839606655649
99.84801393839513
-10.255208358718232
99.84041988518558
99.83597203344922
-10.133475455838179
99.79221565246078
99.82051299240439
99.86813551310743
99.82972231881239
-10.195811201908167
99.84350630488902
99.82597250210138
99.84550839695174
-10.224069650385767
99.81859400554525
99.84350630488902
99.84904274498338
99.83939107859733
99.79213563786456
-10.12724126521728
99.87652632511777
99.87652610562955
99.82525181406824
99.87652610562955
99.81772059814219
99.83045520525627
99.83939107859733
99.8102975748229
99.79738832790561
99.85770251553566
99.82756601967922
99.83939107859733
99.84117485525516
99.82183234545847
99.79071128395738
99.80984394678325
99.84801393839513
99.82950682866057
99.84801393839513
99.82743863060979
99.81950374655462
99.83939107859733
99.84801393839513
99.84801393839513
99.81654004037544
99.83939107859733
-10.194904445172865
99.88210908020294
99.87675837290523
99.83085149473624
99.86016168731554
99.84377085515895
99.83980260123263
99.83939107859733
99.84497602856462
99.83939107859733
99.84390835326661
99.8457753443027
99.85372268226466
-10.167642469307738
99.84403591974618
99.86790324583176
99.83950201197295
99.84041988518558
-10.292182609105542
99.83980260123263
99.83980260123263
99.8165774034768
99.80234914149119
99.82687015538966
99.81547174110635
99.81721154796642
-10.0125064217827
99.8500612724879
99.81950374655462
99.81950374655462
99.81991526918992
99.81950374655462
99.83939107859733
99.82248121492702
99.78484492232741
99.81991964709427
-10.050506419102323
99.79586309465807
99.83980260123263
99.8483488738991
99.87652413023565
99.86720584783698
99.82042007917177
99.82812660635241
-10.12689051487845
-10.12970003284802
-10.13991700671603
99.80080548556145
99.8122025743371
99.8259746969835
99.85070795091481
99.81988587471596
99.77773189765523
99.79976939041298
-10.147488596065228
99.85834071858396
99.86371841860218
99.86697184421963
-10.267360914414022
99.82232102724045
-10.1462280017212
99.87837948535727
99.81345308346084
-10.16010531427755
99.81856770979411
99.82532836808558
99.84447393154899
99.84188846518295
99.81412110065538
99.87652413023565
99.85379437061825
99.86790127043784
99.83939107859733
99.90046698650451
99.877376373468
99.80994319470074
99.82812660635241
99.82466764374288
99.84801832815937
99.87668466723214
-10.235966491378022
99.85228970168332
99.80751609612241
99.78246180944848
99.7982416490745
99.82812660635241
99.83939107859733
99.8432123601539
99.78259204709886
99.82979181228384
99.87652544716492
99.8448567481982
99.81931593828786
99.8122717936046
99.82515706128343
99.8803454117922
-10.199655090475975
-10.161331014989432
99.79367732437393
99.812734004217
99.86790127043784
99.82812660635241
99.86790127043784
99.79670958473038
99.83045520525627
99.82972012393026
99.82812660635241
99.79477934803536
99.84973081089879
99.84801393839513
99.8045315450871
99.83939107859733
99.8296571798036
99.80045489268052
99.85234551150204
99.87675837290523
-10.02462993565025
99.86790127043784
99.85013698801623
99.86813551310743
99.81950374655462
99.82656288385387
99.83691242325288
99.82300953976966
99.8160927794194
99.87348622040514
99.81895886579133
99.79183252410927
99.85163675513866
99.82756601967922
99.84801393839513
99.86790127043784
99.86790127043784
99.86790127043784
99.85127169858305
99.81444932419772
99.79854538860774
99.85415891978496
99.78414151741723
99.79961860939403
99.79817862202664
99.84817447539163
99.82984347885608
99.81748632034495
99.83901575797437
99.83691242325288
99.90076093123963
99.84403797319914
99.84801613327726
99.83939107859733
99.83939107859733
99.8518352199517
99.78199149786528
-10.030501895175897
99.80471239654882
99.83939107859733
99.86392566855126
99.79502529975136
-10.26257857012082
99.82220630158311
99.83212041118769
99.84801393839513
99.84017057475188
99.8356384293924
-10.05529267927366
99.82984347885608
99.8281281427699
99.80161360547986
99.80774371464379
99.84801393839513
99.85239371495675
99.84504439332615
99.82053255314287
99.81686051957357
99.84801393839513
99.84801613327726
99.84801613327726
99.87080701991592
99.83939107859733
99.78812491044248
99.84300921526999
99.87652413023565
99.87271138771824
99.83013164656556
99.80586537080876
99.83994957360238
99.84497602856462
99.83630373931946
99.81469694246422
99.79985782379036
99.8582344860468
99.85663899307505
99.81961467993024
-10.081424764220532
99.83665198206384
-10.220322976340581
99.77356306686777
99.83980260123263
99.870805044522
99.78732737953958
99.81524000605178
99.83115555266431
99.82756601967922
99.7929533825807
99.83977320675868
99.84473536771787
99.86790127043784
99.82611750311017
99.83376749987465
99.84960745597297
99.84453394803377
99.8490912548563
99.82611750311017
99.86790127043784
99.83939107859733
99.84033170176373
99.83939107859733
99.83197974198562
99.83690794963636
99.82513102834834
99.82812836225811
99.82984347885608
99.80064522110015
99.83816560884136
99.82812880123454
99.87275135858266
99.8184520617575
99.8204425845145
99.80823718264156
99.77356306686777
99.83708827814858
99.83845338654125
99.79982196204222
99.82593828057348
99.81949781152272
99.82847368981591
99.82694057462857
99.86818502193177
99.84832935587383
99.80390339310375
99.80113189062997
99.82847368981591
99.79381718975121
99.82377360148828
99.81184293166969
99.82847368981591
99.86818502193177
99.82666260541474
99.79737836958977
99.84992286849871
99.85251245645853
99.822038867129
99.86792192964106
99.82893665492618
99.80629792215471
99.82206779210166
99.84463104548057
99.83985768959681
99.84832935587383
99.84832935587383
99.83565130643595
99.87025079049454
99.82328015037255
99.83985768959681
99.81457952844471
-10.19099215269445
99.826813913925
99.8288852124512
99.77421241855414
99.84832935587383
99.78204745587095
99.82703695093731
-10.192440557031363
99.87665887483595
99.87386886356026
99.85470194858388
99.85627353008755
99.87665668820878
99.84528916252921
99.87376997189905
99.87665734419693
99.87665668820878
99.86009032724081
99.82637242962176
99.84023981775817
99.84041618460186
99.82569876885302
99.79957798751326
99.82472355635706
99.83985768959681
99.83985768959681
99.82833360510217
99.89674659115784
99.84832935587383
99.85861742160306
-10.127732342369303
99.82888674309022
99.81768830360284
99.80014635748095
99.80014635748095
99.84088649618506
99.87665865617323
99.87665668820878
99.90680041999593
99.82477537942265
99.83985768959681
99.84832935587383
99.85047865105193
99.8268407742873
99.82847368981591
99.83006851441708
-20.237215848417385
99.84055098111841
99.84593949418684
99.84888785087888
99.86818720855894
99.8367736684193
99.89651388490573
99.8965123542667
99.8965123542667
99.89651454089388
99.84159087123305
99.80032952809344
99.81778094727402
99.82000202353889
99.82000267952704
-10.252767008678502
99.8409519183634
99.83047872507608
99.81054844259778
99.84600113456916
99.82979360884755
99.83553158033057
99.82738417941485
99.84535886771079
99.77980778376345
99.84367897115338
99.83486058407371
-10.292071317824178
99.83985768959681
99.87689311172707
99.87455542801463
99.84832935587383
99.84832935587383
99.84832935587383
99.8439729158885
99.8132495855863
99.82847368981591
99.88014037798193
99.82311297408468
99.82847368981591
-10.246428623781144
-10.269432867232908
99.78706293036225
-10.083845601901146
99.83386648814879
99.87665668820878
-10.243280972197066
99.82659851375512
99.84992286849871
99.83482930825627
99.84192345815958
-10.01043271894285
99.82847368981591
99.79358515206461
99.85244458216552
99.8103747882059
99.84023981775817
99.86838956118768
99.87665668820878
-10.179783008563023
99.82000202353889
-10.277648905981316
99.87527192767071
99.87390866275835
99.85703525904198
99.829694070941
-10.023995501752902
99.78706293036225
99.83985768959681
99.83272356494717
99.8301916473782
99.82847368981591
99.83985768959681
99.83985768959681
99.81778094727402
99.78943600965411
99.81703000473682
99.84832935587383
99.81428512894512
99.82847368981591
99.83080228294129
99.82847368981591
-10.23109010160066
99.81051355099572
-10.148861368336533
99.80836457584498
99.78204745587095
99.87455542801463
99.83544676718003
99.8965123542667
99.90062976718556
99.8965123542667
99.86916674110618
99.86818502193177
99.84403680744315
99.84088649618506
-10.078291927751296
99.85680102215085
99.85680102215085
-10.010178357062152
99.84026921223212
99.82276413842459
99.83985768959681
99.848331542501
99.78061071699236
99.82847368981591
99.83006720244077
99.82847368981591
99.82847368981591
99.84212800179345
99.848331542501
99.8524456754791
99.84832935587383
99.84832935587383
-10.298269071003256
99.81434217108307
99.80324311669622
99.82409305095588
99.8103747882059
-10.258863212410601
99.7971743386789
99.84871148403518
99.84832935587383
99.83565283707496
99.87119498028287
99.81877870630805
99.83166746182616
99.8204135461742
99.82000202353889
-10.010178357062152
99.7985846945654
99.82000202353889
99.8539164924683
-10.185026357801659
99.81359612582465
