-10.0
-10.0
-10.0
-10.2
-10.0
-10.000014833704055
-10.0
-10.0
-10.000015258992182
-10.0
-10.000068170121699
-10.00000756638157
-10.0
-10.0
-10.0
-10.0
-10.0
-10.0
-10.138534364316005
-10.0
-10.000006293911401
-10.000017476519009
-10.0
-10.0
-10.00001213280605
-10.0
-10.0
-10.0
-10.0
-10.0000118379396
-10.000006232337215
-10.029900050977453
-10.0
-10.0
-10.000011833756883
-10.0
-10.000017739545257
-10.000017495840456
-10.0
-10.000017471183932
-10.174349518232049
-10.000009813531687
-10.0
-10.0
-10.011678925681252
-10.0
-10.0
-10.048214914833212
-10.000005080878674
-10.0
-10.000009881041628
-10.0
-10.0
-10.0
-10.000014703260618
-10.0
-10.0
-10.0
-10.0
-10.0
-10.0
-10.0
-10.0
-10.0
-10.000009823572412
-10.0
-10.0
-10.0
-10.0
-10.0
-10.00004209678985
-10.000009822506648
-10.00000748770759
-10.0
-10.000005081434304
-10.000009785523257
-10.0
-10.0
-10.0
-10.0
-10.012690918777462
-10.000014652592801
-10.000005034794881
-10.0
-10.0
-10.00000986643643
-10.000005153282498
-10.0
-10.0
-10.012321077734237
-10.022711761206185
-10.0
-10.0
-10.0
-10.0
-10.0
-10.0
-10.050604702823
-10.000015473069762
-10.0
-10.0
-10.0
-10.000010019336502
-10.0
-10.0
-10.0
-10.0
-10.0
-10.0
-10.0
-10.184653336735398
-10.000012394489746
-10.0
-10.053657048171067
-10.0
-10.0
-10.0
-10.0
-10.000012061352262
-10.045773968554345
-10.000012347748584
-10.000008334386898
-10.0
-10.000008922975729
-10.0
-10.0
-10.000012133087397
-10.0
-10.0
-10.0
-10.0
-10.000008163941882
-10.0
-10.0
-10.00002408340123
-10.024067694539053
-10.0
-10.020322625499341
-10.000008257659125
-10.035335299556023
-10.000012072734608
-10.000000491170002
-10.0
-10.0
-10.0
-10.052139949717715
-10.0
-10.0
-10.0
-10.0
-10.0
-10.000008434639849
-10.0
-10.00000553075068
-10.0
-10.104481469374463
-10.0
-10.20101603182439
-10.050566027133375
-10.000007191902666
-10.0
-10.000010786290773
-10.0
-10.0
-10.000007664334133
-10.0
-10.0
-10.0
-10.0
-10.000008314878553
-10.0
-10.0
-10.0
-10.0
-10.0
-10.06920367956923
-10.000010709708848
-10.0
-10.0
-10.0
-10.000007272386355
-10.000015402708131
-10.000007216434625
-10.0
-10.000011411552476
-10.041711104505637
-10.000009369767309
-10.000008402582997
-10.000007221498015
-10.0
-10.0
-10.037125241415735
-10.000004807990804
-10.000004622532193
-10.0
-10.000007341774326
-10.0
-10.000007205509341
-0.3594397258875086
-10.0
-10.0
-10.0
-0.11463717183826655
-10.0
-10.0
-10.0
-10.000003024410562
-10.0
-10.0
-10.0
-10.0
-10.0
-10.000007068839427
-10.0
-10.000005338857246
-10.016970836024418
-10.000007924506743
-10.000005332106443
-10.0
-10.0
-10.000000616488691
-10.007036657596366
-10.0
-10.0
-10.0
-10.0
-10.0
-10.0
-10.0
-10.012368425039806
-0.21959450183308893
-10.000003007030124
-10.000002688055456
-10.00000269159476
-10.057835701101173
-10.000006409439827
-10.000002684731548
-10.000002653957536
-10.000007957706318
-10.0
-10.0
-10.005770042514081
-10.0
-10.0
-10.0
-10.0
-10.01342648350423
-10.123984208962334
-10.0
-10.0
-10.033066037278157
-10.0
-0.06487485810173993
-10.010265366468813
-10.000006858047056
-10.000008626708798
-10.0
-10.027399609702744
-0.09857596564492721
-10.0
-10.016931062396923
-10.017194324106768
-10.0
-10.0
-10.151309888987708
-10.000007957329837
-10.000005323385365
-10.000007930100518
-10.0
-10.066189668852422
-10.0
-10.000006070297362
-10.0
-10.042603017033192
-10.0
-10.005840683897246
-10.0
-10.01695253241305
-10.0000054213149
-10.017274019620102
-10.000005299965428
-10.0
-10.000005330263281
-10.0
-10.027930421164402
-10.0
-10.0
-10.0
-10.000005288102482
-10.0
-10.058561624114546
-10.000005327907713
-10.000006509749394
-10.0
-10.08146495453377
-10.070103653222239
-10.0
-10.006136391029631
-10.00000270420038
-10.011513891019518
-10.020740709487
-10.000005323978652
-10.0
-10.0
-10.005776267495785
-10.0
-10.0
-10.000007957942168
-10.0
-10.000006216936896
-10.0
-10.00000566329756
-10.000003005935266
-10.006932304541461
-10.0
-10.000005300953076
-10.032749715606917
-10.013077534006916
-10.011449482521723
-10.0
-10.0
-10.010925423548677
-10.0
-0.2812964285774817
-10.000004696830054
-10.0
-10.0
-10.0
-10.014115308273979
-10.011293006207145
-10.00000520286447
-10.0
-10.000005917928611
-10.0
-10.0
-10.000002613399053
-10.004939647408673
-10.0
-10.0
-10.015211067423039
-10.00000469012662
-10.006439139730784
-10.000005015876773
-10.0
-10.000025456839147
-10.000002752336254
-10.0
-10.000002789876017
-10.17708873439095
-10.0
-10.000005957539912
-10.01082163523941
-10.0
-10.042153094903739
-10.0
-10.000004634102497
-0.09268168160155196
-10.000003093144977
-10.000004654087775
-10.012088346162692
-10.041194170745461
-10.0
-10.0
-10.000006893906091
-10.0
-10.0
-10.043074439058907
-0.11274939084943995
-0.014010809077457368
-10.00000353791212
-10.0
-10.027316666759472
-0.043007394116151725
-10.00000692866506
-10.01641853398351
-10.239387111562054
-10.000005225249424
-10.104134378125922
-10.0
-10.0
-10.007786836042376
-10.0
-10.000004610583815
-10.000004616915165
-10.0
-10.0
-10.0
-10.000007229015035
-0.06451191039385064
-10.0
-10.0
-10.005993108150228
-10.012074714800699
-10.0
-10.0
-10.0
-10.000003422324918
-10.204220693698794
-10.0000046326387
-10.0
-10.0
-10.000002439189425
-10.0
-10.000004690216892
-10.0
-10.013660360512679
-10.000004683908372
-10.080965405470394
-10.024677423539714
-10.005130890889411
-10.0
-10.000004662213357
-10.0
-10.000002420040426
-10.109840224401184
-10.000023278763386
-10.102114681317282
-10.000004641879558
-10.000006977792937
-0.06580374595420214
-10.000006958925692
-10.01130788290765
-10.00000473934189
-0.03259754091925299
-10.012633209429158
-0.00012524427605445745
-10.000004650476466
-10.0
-10.0263600339837
-10.0
-10.000002657630622
-10.0
-10.03508215914517
-10.0
-10.019811426048385
-10.000004696859323
-10.000002388164859
-0.09968932590936748
-10.007135843752707
-10.022421198427782
-0.1254370264954242
-10.000005988559865
-10.01582878167536
-10.021785395257153
-10.0
-10.042924530986635
-0.23489771217675437
-0.0661524545093253
-10.100847346780341
-0.06519030856591372
-10.006841538665778
-10.000002375202001
-0.1324278794294121
-10.022511771365531
-10.038354789546036
-10.0
-10.000004630507888
-0.03229211689927705
-10.0
-10.000004632030295
-10.009370105337215
-10.000002327239397
-10.000002441163755
-10.012085733025824
-10.0
-0.13525538573188245
-0.00023543398406831193
-10.0
-0.0002381601209042814
-10.000004682198584
-10.0
-0.32446005775367237
-10.099949412262562
-0.0001770846127400668
-10.008083776719868
-0.04604140631527038
-0.07511876354985858
-10.0
-0.02953936659616978
-10.0
-10.040875940578045
-10.056528717439754
-0.00020514519628349608
-0.0001740212235601301
-10.0143022435731
-10.0
-10.00000694717138
-10.034444448707326
-0.04971668917130481
-0.012986231495085793
-10.104365469434974
-10.024559599218296
-0.04006783880573871
-0.05732289841207179
-10.0
-10.000004622083836
-10.011009610255215
-10.0063877678067
-10.0
-10.004798758252191
-0.00018515416061611837
-9.041177295263603e-05
-10.161390112097028
-10.014171475587315
-10.0
-10.005479847590836
-10.006348350161607
-9.202633304332594e-05
-10.012814723586033
-10.004586617892727
-10.074113436518692
-0.00024421196622262907
-10.000002950237844
-10.05926299249738
-10.010098571937634
-0.03909487566120533
-0.00014683268790635935
-10.018164346507982
-10.000003737636046
-10.012912015148725
-10.000001907666208
-10.09326897916023
-10.013336440639119
-10.051707242649414
-10.007439491562318
-10.0
-10.017504381645159
-10.0
-10.00759283865537
-0.17272798893465938
-0.02646549070611392
-0.14628582741255858
-0.06737056726773918
-10.0
-10.052989262538881
-0.0675834231535274
-10.0
-10.0
-0.06795441261556517
-10.035376693911934
-10.0
-0.005181886361097419
-0.19504268061582264
-10.000002766911551
-10.0
-0.0001360350129481179
-10.015600895125859
-10.0
-10.0
-10.0
-0.11545549978020991
-0.03823822995195482
-10.000044267883176
-10.004405738285875
-0.03551064421686545
-10.000001896878887
-10.0
-0.06681073623170486
-10.013627886496069
-10.020252237869222
-10.007756925436725
-10.096150712494824
-0.00019662710936621753
-10.000003760533602
-10.015271666778993
-10.000002847876083
-0.00016807010520689325
-0.00019382298481926378
-0.0735335616110139
-0.06328832653315197
-10.000003836944757
-10.16642368654888
-0.0716434786345465
-10.00000191121639
-10.0
-0.011418929072424552
-10.012379625453132
-0.00020968905349881995
-0.00018640559281290483
-0.13072844410902473
-10.004588230862787
-10.004107473231443
-0.00017621591809567765
-10.008152371093065
-10.0
-0.00019838366557651206
-10.0
-10.0
-10.0
-0.10500236136084357
-10.006414647426835
-10.046903263726882
-10.01836217795355
-0.11932001156483098
-10.009529026054253
-10.150281322779438
-0.00015300238012756138
-0.14593674703314102
-9.438994078402502e-05
-0.0998032466350178
-10.011835914407941
-10.015379837832725
-10.000001937617204
-10.013400961335691
-10.0
-10.000002685585262
-0.08392852928540143
-10.05191027608113
-10.000000638579268
-0.06277757992599875
-10.007070451997647
-10.009428311264559
-0.007273792719759712
-10.009886228106133
-10.0
-0.027652512992310592
-10.02193191010018
-0.15137096479486742
-10.00000370791256
-10.031281524722873
-0.0001426368642124876
-0.07849626707585704
-0.000151091309241073
-0.11595630430234995
-10.00540702580944
-0.00010949224339539977
-10.010458775877874
-10.004659556522487
-0.04657721143897832
-10.016405722617128
-10.013770981631675
-0.19448875074000888
-0.1676033742694742
-10.015011616438597
-10.000002771929559
-10.0120177834186
-10.005504604091746
-0.00016249076274775856
-10.00000258008852
-10.012593463776494
-0.00017080976659329043
-0.07450314657323479
-0.14841298042910459
-10.0
-0.0547314859979146
-10.010253480643154
-10.013395001165033
-10.0
-0.01848537997328068
-0.0001850568077600153
-10.005997074624892
-10.006624989912256
-10.028135632265606
-0.00016203397548764808
-0.07213683104630025
-10.007649728952162
-10.009757686965438
-0.00015519528974261828
-0.00015226669525516949
-10.005038005209316
-10.008017279606124
-0.00018090040331922736
-0.07065029248770324
-0.156976668532124
-0.0002052948499438394
-0.00017089132847752947
-10.04597225952366
-10.0
-10.00956069118888
-10.007696282194184
-10.004548598650656
-0.00019936495921133208
-10.000005513643025
-10.061696618515203
-10.022218244525373
-10.0
-10.024407177109625
-0.005511764037081278
-0.00010343270016460407
-0.12088277458349372
-0.00010438625941452338
-0.051671121300841824
-0.00019944618812636105
-0.00014277596103338673
-0.028073110435838905
-10.000003702641951
-9.558274194570815e-05
-0.019237421399579912
-10.110818549785833
-10.0
-10.000005536823096
-0.09335216138310948
-10.00525682500837
-10.047026248290809
-0.2181039785188612
-0.00014746806842835558
-10.0
-0.00013570324035305743
-10.0
-10.068026191258387
-0.06303339389670257
-10.0
-0.02083089245259753
-10.006661738349052
-0.00014430744712963468
-0.09024574110716044
-0.09175744613209405
-10.048593126879245
-10.004161897790851
-10.0
-0.0001586615504915515
-0.00014886945152502656
-0.00017604926780606498
-0.0001395254455515638
-10.012723361297791
-10.0
-0.00017169753198150044
-10.00002208241609
-10.01909678623438
-10.0
-10.017039240326763
-0.020898212012527395
-0.00011379055850599951
-10.0
-10.026417099279712
-0.06088628336673131
-0.00020829175217277842
-10.018757241652827
-0.01227802916197851
-0.00014152468954668735
-0.049459418475290534
-0.00010127142832977527
-0.0001929699050141325
-10.012233221149893
-0.00015883224949964824
-0.00556828994947631
-0.00010401111290406653
-10.009815267617894
-0.006600072822137091
-0.00015268229360852092
-0.00010662272908591616
-10.013179481721869
-0.043566708070305424
-0.00018934976933927044
-0.00010586111453069497
-10.0
-0.0001428041372310932
-0.043726863974673784
-0.14555535190580013
-0.09956116466864812
-10.000004716855212
-10.055357935934959
-10.044526815662888
-10.0
-10.023371117063263
-0.00014855348684434378
-0.06223187419183081
-0.01527831112338179
-0.13887082562972528
-0.00020146891419922766
-0.00019882890768206863
-0.00014874815164519933
-10.03839910843088
-0.0001600624865888984
-0.00020660196381474757
-0.00020179579667889657
-0.007456857687244538
-10.000003775601234
-0.00021182080281367688
-0.018943826302389034
-0.0436806720185883
-10.077435394335195
-10.012032028312792
-10.0
-0.1206994197526918
-10.0
-9.133806673751661e-05
-0.0633924611125975
-0.00019923319881567526
-0.00019910428136512203
-0.08409480456101083
-0.05157789119217131
-0.00014280502557035519
-7.980217001779172e-05
-0.00020037134307446342
-10.0
-0.013798641393372358
-0.00015380341722236946
-9.757391599525198e-05
-10.009961747165281
-0.020732560798731103
-0.04938552171202213
-0.0001242692474265197
-0.0467710425542848
-10.006735112031489
-10.006770468485968
-0.00017405001472766912
-10.01207422773592
-0.005196055154936859
-10.03811214313672
-10.012200251800191
-10.00000217552637
-0.0845122379867067
-0.06771054608162498
-0.00015142288579971807
-0.10019751342002042
-0.1470153281743594
-0.0001523632849877736
-10.051534329579754
-0.00018530454539368888
-0.041196107991379384
-0.0001572377915011615
-0.05772951094657615
-0.046563842684354866
-0.00016755123415493353
-0.000213762201308405
-0.024792108624885137
-0.07105279526451627
-0.03992526197129524
-0.015707368676793586
-0.03727309163764304
-0.12043443224283684
-0.00014023281050566948
-0.00013085486437590263
-0.04077828265480225
-0.0001808031057592683
-10.000086764807827
-0.09404100066107052
-0.00018394278481813434
-0.00020294920170081394
-0.08875744650286323
-0.00021632384192742812
-0.17930701533176513
-0.084174532088234
-0.07219970547351809
-0.00018546721124022668
-8.169781357533122e-05
-0.00021858654491750332
-0.039086298825971026
-10.013817667792042
-0.09064841213451638
-0.00020226015198198993
-0.00014369453283750365
-0.08497527853797186
-10.0
-0.0001949291441983977
-0.00014159448385193545
-0.00012695970383213423
-0.00021440247666844537
-0.0001532438109308932
-10.015873461708187
-0.00011836995661550687
-10.007374948797727
-0.026821030478394244
-0.00014817007271273762
-0.04477726191413173
-5.596187217995646e-05
-3.8619756457949446e-05
-0.00018294767465604976
-10.006043703022815
-0.00015539814266078589
-0.04016179355273204
-10.000003741677634
-0.00017152149083309655
-0.0001943197183627179
-0.00021202367566996132
-0.00014037626760654912
-0.00013396325359745948
-0.00015092062732607956
-0.046552407345536825
-0.053848097193603166
-0.17248868951069898
-10.00000370510384
-0.00013832430028552165
-0.000180220883339184
-0.005201679315002911
-0.00021079830758966484
-0.00017176966754023717
-0.035846671169968966
-0.00019808071421180976
-0.00012503928388869764
-0.00013369918908348602
-10.0
-0.01871753911166149
-10.0
-10.017325282681595
-0.00014192328373664853
-10.01439912522031
-0.019814657043366105
-0.07620799046501314
-0.00017885284952192217
-0.00011807451744032433
-0.00010891540233806565
-0.00015982635658240657
-0.130961348838709
-0.030726084630638972
-0.07837903234740268
-0.0001367671277080435
-0.1199339546688103
-0.0002266130692601257
-0.00019401994877016912
-10.000003719641446
-10.011557863622475
-0.00013648953721508183
-0.00010423650802588791
-10.0
-0.00016113779148970537
-0.0002023273924961443
-0.1204186741218603
-0.00022116518544722504
-10.000004376159369
-0.06730216742437765
-0.06331178264132263
-0.05942021957347371
-0.00015415126787217157
-0.0002202293271732805
-0.05732124672766841
-0.0001758997926513512
-0.00018555176339622487
-8.784936545555058e-05
-0.005044789829947325
-0.10504015503673506
-0.00012663211796604755
-10.005729159654527
-0.03798235517589751
-0.0001867840958003078
-0.00011607614162284095
-7.669350582057502e-05
-0.00013930342044315858
-0.00012169796229729912
-0.0001267725594745097
-6.270035692101478e-05
-0.00011028802204561731
-0.015958376974497264
-0.042928137919361335
-0.00014120567668372342
-0.00012838229557140518
-0.06247852553056274
-0.03447776256852745
-10.000003731593463
-10.0
-10.0
-0.00012896413021227778
-0.00010649546295308146
-0.005511952487904028
-0.06244380229193623
-0.0913306263105963
-0.02659029489503051
-10.014534678439569
-0.00016375362022060127
-5.793050028505272e-05
-0.0001813722962704573
-10.00571105179134
-10.0
-0.00012427290809444006
-0.00015016838428129432
-0.018233453045717773
-0.10575007881435447
-0.00022329853022012923
-0.10730747092905757
-0.00018139809922024296
-0.04858800160884963
-0.1356766708051928
-0.0001628162604156578
-0.0001593234483526584
-0.06906422834752499
-10.000208527013564
-0.06628222945453473
-0.05507775899078059
-0.012848555690816481
-0.0848267340334683
-0.006656063047521592
-0.00014006522627440235
-0.00016676618810749374
-0.00014579285801758092
-0.00012575885938743888
-0.0001477357765467412
-10.013634093149667
-0.004981892161004156
-0.00011820779180086918
-0.11129643528240576
-9.812792240620718e-05
-0.04070336931063426
-0.00012784052822456592
-0.00014167332056269673
-0.00019462804975167763
-0.00018527231912486927
-0.04803706291990358
-0.00010074704723226567
-0.00018524721975364986
-0.00018077412499272117
-0.153874612574678
-0.00015337721835765114
-10.008010269906194
-0.00015159160517766294
-8.046648837053836e-05
-10.0
-0.0001595292291716599
-0.0002174358199012594
-0.0001006871827431881
-6.080782314817819e-05
-0.1219905658991189
-0.1640296392357851
-0.01343760299968437
-0.04241801454511164
-0.0001744280656843734
-0.09366506215369283
-0.00020261199753443692
-0.14358908211333626
-0.07821744060102272
-0.00013474246352825574
-0.0001626676849921116
-3.782067445799241e-05
-0.00013130777114994186
-0.00011064993768421127
-0.00014486268725858391
-0.00017314135531762466
-0.00012728999684905084
-0.00017381763487723953
-0.07306932644745379
-0.22599994965346554
-0.00014876861743751948
-0.00019092066447152874
-0.05095306069178626
-0.006358701776893334
-0.027898810543809292
-10.015183566487783
-0.04361845272522882
-0.0001611306860445945
-0.00014179579979093387
-0.00010983109670044224
-0.07139175876125628
-0.00013017274799222384
-5.314149862170486e-05
-9.750462873149138e-05
-3.8677132306819406e-05
-0.015951969766009617
-0.00019274694472454145
-0.0002030121613002528
-0.0001605953355729238
-0.0075694452564184795
-10.005919547320728
-0.00013126278967209612
-0.01888502037316454
-0.0002296672840948269
-0.10458063855185548
-0.0001828632492968352
-6.124986532112031e-05
-0.00012238784812904402
-0.0001346964542381313
-0.00019875807001739726
-8.103387110591485e-05
-3.446595664724975e-05
-0.00015172034613857463
-8.557825344099764e-05
-0.00010277995199631378
-0.0001437701723506561
-10.0
-0.00015628885056271112
-0.0001288905947954316
-0.026020939117037813
-0.07269653610010343
-0.08267150619350064
-0.00018713713808291558
-0.0718817239889708
-0.00014414339777142626
-0.00014547808575636912
-0.00011736799807193885
-0.00013815794707688244
-0.00016045656317941842
-9.414678418595507e-05
-3.7971885646287366e-05
-0.00013309165735442085
-0.0072188027003849955
-0.00013934795792123298
-0.00014212559612036726
-7.561445683214762e-05
-0.0002241326811770794
-0.028140607438530252
-0.00018006878862876358
-0.0001210875046729962
-0.03804079362990734
-0.014184723043007294
-0.09927695338100537
-0.037564574240003534
-0.12640103597657282
-0.00014857900478607497
-0.03627989404377743
-0.00019583313514562117
-0.00020319341722664695
-0.16458053637046455
-0.0001454728119494102
-0.015614097004649798
-0.00011991930771339455
-0.00013680933652144287
-0.027463009117185223
-0.00017695533229745335
-0.00014877024091763694
-0.05485414049069233
-8.759699336869509e-05
-0.03903372328479186
-0.00019446468448467438
-0.027151567440807222
-0.0002045408099710326
-10.0
-0.00013647210007191379
-0.00014637974781673573
-0.0898616420810477
-0.0001842960351540798
-0.00012131358252415571
-0.12936998541780292
-0.00013942992799827804
-0.00011836735641169696
-0.060203517034710795
-0.13068055111235544
-0.04657106423065247
-0.010016692579470556
-0.0001714568431287496
-0.05234081933104179
-0.00018084313761116213
-0.00020553330022438389
-10.0
-0.00016384622996760674
-0.008046931198979977
-0.054603787864737435
-0.03418317340018314
-0.03877319496153711
-0.00011864271431365585
-0.004202223132398414
-0.19523862957641064
-0.00019529069275615936
-0.12104523222029899
-0.00012710853634518256
-0.03975116550201335
-0.00013093181340361373
-0.00010212499042242136
-0.0001630916762094532
-0.00014593878328740266
-0.00020047531635201287
-0.0062061044348471935
-0.00011871892903524763
-10.00007974966398
-0.028104970903261316
-0.00020316271516081192
-0.00014138998466285422
-9.373794742645597e-05
-0.00010619125565931352
-0.00013034976968577503
-0.0002082363601685315
-0.00017694746654838876
-10.0
-0.00020487949485240492
-10.0
-0.000141687281095633
-0.0001296884699829611
-0.00021349684016986622
-0.00019669511821894298
-0.005157043119976882
-0.00016965447300772786
-0.019162473850365895
-0.00013719942871891154
-8.630569423241069e-05
-0.00011203678407015788
-0.06897221206907808
-0.012342886144054824
-0.00016243160912286054
-0.007579395596301379
-8.807672905479156e-05
-8.010488093595457e-05
-0.00021794596468111845
-3.5998004293036626e-05
-9.257039519066607e-05
-0.0001548978911079429
-0.00010912845074399243
-0.00015052891203414672
-10.02657721748586
-0.14656338072084646
-0.05757411352860225
-0.015105294168578828
-3.779134423317451e-05
-0.044701505967755066
-0.0002112988771935602
-0.00013932708478706476
-0.00020991324369259211
-0.013104142104553273
-0.0001526386289655416
-0.00019439665475987363
-0.0001355770417639858
-0.00011750164417749588
-0.00017735409665978506
-0.0484802268976357
-10.005131237123024
-0.00016823524642297738
-0.00020406629876285593
-0.08870465834833083
-0.00013992266399368757
-0.2222087216200132
-0.00013464724386403387
-0.1392907993203647
-0.0002029967778188732
-6.625492861768618e-05
-0.00014300571438547962
-0.0874461901129475
-7.032261751850327e-05
-0.08087014594087988
-0.06569925757655964
-0.00014168795336854854
-9.136040715176043e-05
-0.01566342719929664
-0.1083023902044794
-0.00014770266748780447
-0.00020994140897052287
-0.00010788730815618651
-0.03349848347404565
-9.569269137194422e-05
-0.10618478690652855
-0.00011386897406086924
-0.1840798547558
-0.00017497951906586884
-0.000152037839878012
-0.04027015380799883
-0.00016304983505709638
-0.04107099730057114
-0.20175830226998295
-0.00019524449489749003
-0.00010254301723995238
-0.0001928882246584185
-0.0001609605799332319
-4.776283762354059e-05
-0.00013985702811103906
-0.0813983998908756
-0.00019363085068981024
-0.00021384140487558156
-0.024177014009564495
-0.05783632691884669
-0.00017992700751189223
-0.00012742100114262317
-0.1446818623704466
-0.00020286194501704607
-0.11267483897731187
-0.0660374959197162
-0.05456793689574664
-0.00018865218089817376
-2.9638484075855562e-05
-0.00018279168970830427
-0.00014180755913431413
-2.579594809929086e-05
-0.1173172593030343
-0.00016743985554026973
-8.48636335249127e-05
-0.05248931583147079
-0.0001537923942068396
-0.00015222523639601813
-0.20879870386981786
-0.0001332242361019529
-0.0002075847813541791
-0.00016202564013035977
-0.0002107750856216464
-0.00014823725000179234
-2.6017354761185636e-05
-0.10979955605514637
-0.14190542846680237
-0.012915242377648533
-0.02610176848518853
-5.634795433167909e-05
-0.00021591461468573384
-10.019030631045792
-0.005511062288738225
-0.00012761258649930288
-8.973010340967981e-05
-0.00010005271358041658
-0.00012397035117619229
-0.00011675637914382038
-0.0001310910453560928
-0.06754740248528625
-0.019877208821152226
-0.00015043902435808625
-0.00011670805107159547
-0.0001276879978530505
-0.13849367378944175
-2.5254533254426746e-05
-0.11154057381276321
-0.08621477263191771
-0.028300733871396505
-0.05457564315944262
-2.779492369282435e-05
-0.00014756922197075093
-0.00014125579198790586
-0.05696660155962703
-0.0001946740141768176
-0.0001582535598487794
-0.0001427560667480303
-0.00014862371736733856
-8.535075188993294e-05
-0.07255229160460668
-3.676519066391923e-05
-0.00015190272291151145
-0.08243244970517696
-0.00021324118216559714
-0.04278680714844754
-0.00014655764561928206
-0.00014519934142527587
-0.0001469126192357852
-10.01310572468586
-0.0001366393412082701
-4.6128481135693166e-05
-0.00020694479222833862
-0.1574703196148695
-8.22465980531052e-05
-7.405537011196752e-05
-0.04567713757225034
-0.0001824019024072671
-0.00014385950346133158
-7.518217153942757e-05
-0.00013410967830878968
-0.0406245487458478
-7.396276672940881e-05
-9.500405188599074e-05
-0.00012973805514360768
-0.06571048907411507
-0.13060007228637552
-2.4711207786535144e-05
-0.00018986343014411398
-5.160357692529627e-05
-0.00015714810038436615
-0.13279124360710687
-0.0001258068096663037
-0.00016997971119426405
-0.00013132453503937017
-0.018678478458530996
-8.458566328152109e-05
-0.008798526942969167
-0.00017452551820639815
-0.014292768145626166
-10.000037905500044
-0.00014082351764908822
-0.01671540685612521
-0.013212231725136848
-0.0001307431746856048
-0.00011763282007785345
-0.019247100870519496
-0.0001553118820524893
-0.00021976411690595072
-9.158497663303692e-05
-0.00018600080470926647
-0.007213230126145097
-0.0001634744462048643
-0.011263986672891977
-0.05603270704468005
-0.00014265357782774072
-0.039987252153425905
-0.0001403336465416671
-8.68136112981738e-05
-7.881785667828156e-05
-0.00020238779174570868
-0.00013665852766738226
-0.041420428084122385
-0.0271861133109597
-0.1940769012771812
-0.00015143813468034839
-0.0001553149553460369
-0.1985879247285035
-0.00018560312760768517
-0.02683676761261646
-0.024917210588217678
-0.07841694672806346
-0.00016574712601995532
-0.00013424991632603975
-0.00013155515158069946
-0.23246151706626816
-0.04380831738635058
-0.00015063428270601753
-0.12577517458097487
-0.00012659652746203364
-0.00010432950740359014
-0.00014414932769152443
-0.00010519362797140767
-0.00018872634091059384
-0.00011183554276919213
-0.12278667291409726
-0.00014483963373945475
-0.05649736507564501
-0.0001833917422046307
-0.00020151384779678322
-0.00014387503112107627
-0.0002236026768765262
-10.0
-0.0065363113443110635
-0.00011585054114656928
-0.058209658571287404
-0.00012399368186427566
-0.20654644989483434
-0.00019827400447967658
-10.016537706635763
-0.00018295515195856064
-2.7623923828939542e-05
-2.6612133461057278e-05
-0.00015174421598255217
-0.11204577281955488
-8.84445295994356e-05
-3.5023482787781493e-05
-0.09764179142350043
-0.00010080198665628976
-0.00013669464317475082
-0.00010397150559949986
-0.0001472725089898575
-0.00014840178818678284
-5.4540002962206526e-05
-0.000197476021820262
-0.0065776817863731135
-0.00015252687595552735
-0.000145541163417861
-10.018987703948474
-0.0923146298651027
-0.00013616352023478962
-0.0001547663379229742
-3.396996275217286e-05
-0.07586933027091754
-0.010768140907471413
-0.006216501004308677
-0.00018847336684323654
-9.736885192931218e-05
-8.11863784976978e-05
-9.640313361258357e-05
-0.000160238202578651
-0.00016819768552027293
-0.013554249606292586
-10.045523266198185
-8.873870604457693e-05
-0.00011543322676490733
-0.00010640670294659552
-0.04666906842032194
-6.702496755642287e-05
-3.11002928050962e-05
-3.572113278310086e-05
-8.84745991764663e-05
-0.00014834093217538794
-0.07890861996314356
-3.6141710593269886e-05
-0.02264036551963936
-3.890619893318889e-05
-0.0293602077016962
-0.06378756478190976
-3.415044888613644e-05
-0.03429160843831837
-9.385744016315825e-05
-0.00010683551273397708
-0.04236356705158255
-0.012139670243473647
-7.074952622833745e-05
-0.07377319708582368
-0.05532990996030577
-3.10824721835298e-05
-0.016372980077406306
-0.00014689431678582628
-8.584745620983017e-05
-0.00014658800135849823
-7.289876734167404e-05
-0.0668097735691349
-0.00018396836701497262
-0.0001907953800915337
-8.904726600700172e-05
-0.00021080653394033765
-9.338720206120775e-05
-0.00010995114886568682
-3.1941314279224936e-05
-0.0001176136505155424
-0.0001891357775504201
-0.00013423995704242141
-0.14882982768539943
-0.0001501649867786404
-0.00016780691658520026
-4.23434870667598e-05
-0.026290631568535186
-0.00014698090833590932
-0.012303149654663394
-6.438023749610598e-05
-0.00018919442056539396
-10.0
-7.954991847255437e-05
-0.0001378980437972503
-0.00013856049420928992
-0.0001657602666216655
-0.014335785035568694
-0.0001481654295931095
-0.0511615435281286
-0.00013769033059923952
-0.00017817483977973953
-0.005556362002019048
-0.031622379787855336
-0.0898363097728814
-0.00020079091369495
-10.000000095197025
-0.00017305573266215664
-0.00014879721368680522
-0.00016134607640736452
-0.00013511622573021033
-0.026312596406374508
-0.00014513627772958667
-0.00015035481843307807
-9.100726927586912e-05
-7.556520428081161e-05
-0.04446424900998186
-0.0686254867679098
-0.00014253930040028368
-0.00013954600843380088
-0.0001673559594792162
-0.00019544364148014968
-0.00012844808413330468
-0.0001395194829723147
-10.0
-0.00017038564748234045
-0.16978537539470615
-0.0002109861014638751
-0.00015998460125694186
-3.781724750376262e-05
-0.00013933931537900258
-0.00015146376337518876
-0.0001572226646430441
-10.012168799583357
-3.9979969103396e-05
-9.6481749811338e-05
-0.00016393558337034962
-0.00017053184511147968
-0.0001303837327977511
-10.013106566817427
-0.00015023252700974187
-0.01434243895013598
-0.05009642922175296
-8.184936589981015e-05
-0.00782107534513743
-0.10586353141255092
-0.01107387882329978
-10.016940374644001
-9.580005821841965e-05
-6.487114910207655e-05
-6.670132400195234e-05
-0.00015044800667185135
-0.09026964306528214
-0.012160375938552737
-3.322289135795714e-05
-0.0001565125465076689
-0.00010212318901647435
-0.00013868549895928415
-0.00014283918791760663
-8.863847854601594e-05
-3.524000276899263e-05
-0.00010755902401027043
-0.00014240867436377826
-0.00015371363342502642
-0.0001370511873087927
-0.00020804634724121154
-0.011358914132397945
-0.00020880568794841493
-0.00021067011534366494
-0.00019013937781682083
-0.0001651411433999054
-0.0001653900029970132
-0.00014485095080165537
-0.00022955926095191454
-0.00013290217419838137
-0.10157712939033796
-0.0001799842276974087
-0.06663114902574353
-0.00015437044134647613
-0.08634892754132922
-0.00018775715995074732
-10.012318397070805
-0.0633132314419439
-8.959553712371677e-05
-3.863449009113052e-05
-0.00020781529729132687
-0.00494862758038158
-7.981502576416387e-05
-3.467535736398316e-05
-9.764725170345041e-05
-4.1491407119830964e-05
-0.00012429450061098366
-0.0001740150974182829
-0.059241997475351305
-0.00019978006652725825
-0.07989236463313601
-0.1740351322720779
-0.00015397501324601213
-9.147104930091528e-05
-0.00017164792265854172
-0.0001599493901935268
-3.774472789276896e-05
-0.0001954683370937302
-0.00020499863485102995
-0.05294302677066198
-0.13029400184370873
-0.00013766408539497399
-0.0001279027450486904
-0.0818530746748434
-0.00017946487451981876
-0.00014905810286443456
-0.0054492740858688585
-3.953546174785631e-05
-0.19147100850578783
-0.13556265001093404
-0.18630032167114155
-6.122076553806716e-05
-0.00019015899524642114
-0.09732207346543104
-0.00011434443696314163
-0.00011979777917668694
-0.005979926124891549
-0.049336280056453866
-3.266184946732005e-05
-0.00019430823127904393
-0.09241269107845357
-0.00018964417345538074
-0.0001397047232262191
-0.00015207219544188693
-0.00013087410911309075
-0.00018763767272035028
-0.00013420638733969325
-0.056784354674882555
-0.14849429622524946
-4.676087666409311e-05
-2.9727899733845745e-05
-0.00017854852368222193
-9.016978905172082e-05
-0.12505108995582964
-0.00015814013061416868
-0.00013794402222007914
-0.00015168944759461777
-0.00019666548052280983
-0.027108172705427314
-0.060021433873614055
-7.529699462359432e-05
-0.00013352758178934048
-0.00016169746528656888
-0.2072935918617265
-0.00016989319371353358
-0.00018711901260897376
-0.18452510137118772
-0.00013424715197600013
-0.00018265636797761952
-0.031249123192432757
-0.00017689960352611158
-0.14859554916515025
-2.311227790923852e-05
-0.00022951552642351433
-0.00020605525154082142
-0.00021127879723294583
-0.00020150196858408472
-2.7494526061034196e-05
-2.4278987815517078e-05
-0.042393899481886765
-0.00017629863765094943
-0.00019075234801391728
-0.00016283336974907845
-0.07234591944311852
-0.00015886755993119801
-0.00011336370357306429
-2.8785694030427932e-05
-0.06989840834628579
-0.00020188976655036893
-0.05993695679956272
-0.00018613926953686693
-0.06797934624341938
-8.429402290420477e-05
-0.0001349326314488259
-8.222694712302594e-05
-0.06264165196782731
-0.04123297009691556
-0.00749956279535611
-0.0001611795363285714
-5.047833578085767e-05
-0.000104905822968671
-7.265772025244969e-05
-0.04360091734963628
-2.3861390565912732e-05
-0.06712591541829446
-0.10896523993006993
-0.05837934195781898
-0.00013424780932347688
-0.00013386012148905294
-0.00017629738334885367
-9.487507164697675e-05
-8.596466872500267e-05
-0.0001284454174405347
-2.8331715020698134e-05
-0.00010270075563855816
-0.00017139995333218428
-0.0443221792830316
-0.00020685816828431154
-0.00021189898482931963
-8.197381513717638e-05
-0.00013624206797587248
-0.00014788210877409577
-0.011239643401790393
-0.00015122783784959174
-0.00023371176661605167
-2.7150402320561878e-05
-0.00017317536247928055
-0.06576644043554888
-0.00013455235192166653
-0.00021109958029416948
-0.0001532659764335301
-0.00010406376025570966
-0.0001484589763943461
-0.00014229583687085982
-0.00019690703668187853
-0.00019043825956528614
-6.825085368248522e-05
-0.00018811477121884944
-0.0001977005993821209
-0.00019820044634820115
-10.056414745842194
-0.07617080472988158
-0.0002211357511410019
-6.170829675567702e-05
-0.0002156298144593379
-2.8181568209271667e-05
-0.00019663193621000883
-0.00013854191146952288
-0.0160583945331254
-0.00014106173281371064
-0.004898629634829132
-0.00018533984149142528
-9.886899295479768e-05
-0.000126503708511952
-0.0001350798041980498
-0.00011076097987362352
-3.117469652921142e-05
-0.004779462375484322
-0.0001619678175417588
-8.085899875322294e-05
-0.046692958404540075
-7.953647984106928e-05
-0.00014419345702866885
-0.006546455657251706
-8.276107565259494e-05
-0.00014640205709413263
-8.151220982995123e-05
-0.00011831175314696058
-0.04053705807748599
-0.00011889805976415558
-0.08191544227492198
-0.0001287261077177197
-2.7638089930517936e-05
-0.005516347941480509
-0.00011768893424516248
-0.00016123468306068165
-2.341793416422851e-05
-0.0001026777212086149
-0.0001484557651297983
-0.016433831133286465
-0.00016944597024990578
-0.00021249189362813637
-0.00022345028004002883
-0.0538892200832283
-3.1152218167891246e-05
-0.012334502357166198
-0.00014515454140948814
-0.00017167973423919686
-2.662970869337345e-05
-0.00022128551618548237
-0.00022833828457371704
-0.00010892249650609104
-0.000179931426654255
-0.006014049706301294
-0.00020463125400760622
-0.00021102926158127615
-0.09863410136044445
-7.294684141709453e-05
-0.00013589181173219743
-0.00015829355819185097
-0.0001864676505359891
-0.00015346837143751053
-6.28324014665701e-05
-0.027753521880458452
-0.00014626675161810932
-0.04961176822686734
-0.04770679581634325
-0.0001370223365652368
-0.00016315121173119475
-0.00023556684266934564
-0.04990362326293889
-0.004592141843495871
-0.0002202920512086492
-0.05341125472784603
-0.09414524721430396
-0.13394876466527672
-0.00011408517985690245
-0.00018994115391792707
-0.07179363859907427
-0.0001224365453500874
-0.00014964412562047381
-10.0
-0.10518347698690413
-10.0
-0.00013928461870520197
-0.006875770219510321
-0.0001345924553640138
-0.00018395253853843686
-0.05193070577023741
-0.016065461172025605
-0.03599708982028619
-9.419648591831026e-05
-0.00020933833040712833
-0.00015127742135337592
-0.00013583242729425435
-0.00021312279612495906
-0.012866106454155273
-0.00022698082454023877
-0.00010228248737145398
-0.00011077139753199738
-0.011075395874897795
-0.00012695948673664315
-0.00013851770423068394
-0.00018712529428739627
-0.00017365919432722965
-0.00015361822867837274
-0.00015522354114531607
-0.00020987696779260125
-0.06161576588313542
-0.007491754646488471
-0.00010859244352132497
-7.951369193555812e-05
-0.00017406681831780036
-9.833812556175657e-05
-7.660467786936216e-05
-0.00019493494078093215
-10.000000152218954
-0.00011617009488038715
-8.734564422862566e-05
-0.00015740518766496156
-0.00011660378743808943
-0.00012050107109441908
-0.12828593882185566
-0.08986094996048073
-0.023729242776776203
-2.2537295961991817e-05
-0.04652745896730337
-0.011653232894359827
-0.00013862275866732005
-0.12078140161247616
-0.000136280147582472
-0.00013789081663267841
-0.09160123024707018
-0.0002334985970881038
-10.0
-0.00019155422959856805
-0.00015344293039557287
-0.007420477024149344
-0.1017158144153905
-0.021578646602925286
-0.07916808567853428
-0.0001286321217133613
-0.00016066081540380898
-0.04358165692505571
-0.12244600260140785
-2.747216747312804e-05
-7.523990688883466e-05
-0.00011207743121876112
-2.5711557302922565e-05
-0.028095818158996623
-0.021987523962335997
-0.061567886540543924
-0.22639693130657962
-0.21945281556143764
-0.000183176200590529
-0.00015407247720874317
-10.0
-0.004670235270323691
-0.05592671671535239
-0.09811905664139206
-0.00016623703712314943
-0.07428896940546129
-0.00010777449507098104
-0.07709677159315162
-0.0001442240902475387
-0.00013558686537898433
-0.00018354080463306845
-0.08457790917482035
-8.510000354058561e-05
-0.00020324184080792356
-0.00013408142473235435
-0.00013829504692081484
-0.00010447410093550232
-0.07285776277551072
-0.00015923191737340794
-0.00016035469736433628
-2.487076040163576e-05
-0.00013105090744384615
-0.006037973068586673
-10.017635454212472
-7.175815357427436e-05
-0.00021487587930786923
-10.009157746415564
-0.04924385739038227
-0.00021808019381268
-0.00019612894502431065
-5.54990366368812e-05
-0.00019557648620202754
-0.00014430114993563658
-0.09436558884990105
-7.454977609812042e-05
-3.550767874879657e-05
-0.09137675322293398
-0.00015858899188512377
-2.6155275407946566e-05
-10.00760258280287
-0.00017275829447175366
-0.00016311792768897076
-0.19494584118819006
-0.0001900507161477349
-0.00016083095319999375
-0.058952875985865155
-0.03461189474279035
-0.00015652130000297118
-0.0001838654656228523
-0.00014474605190215815
-0.022079198671856284
-0.13555722600401432
-9.096290341222086e-05
-0.00020379212721962438
-0.18856263879041293
-0.00016014431508746906
-0.0001912924641912273
-0.00020218472811952287
-0.0803920252114946
-0.00019267064307276538
-0.18698118003467482
-0.0001351384429422015
-0.005168109294461241
-2.7029095965811112e-05
-0.00985543372028035
-0.00012401100726324433
-0.00010701147185486492
-0.03399158349964557
-0.17061482272659192
-2.1821129003999252e-05
-0.06362362668428474
-6.775604481986512e-05
-0.00013438971334313158
-0.13411281867454253
-0.00018022511703263288
-0.0001905979011464516
-0.20686157357072524
-0.00014138008133933043
-0.00013987611343753323
-3.017350341432036e-05
-0.00019108393754211603
-0.0001831960130953947
-0.20643283819314898
-0.00023772674620318172
-7.549517755426978e-05
-0.00011100001280023045
-10.000001939897837
-0.20682765352753196
-2.8097854806154116e-05
-7.702620333719211e-05
-0.011356000278177663
-0.007478154942079223
-7.324814727787937e-05
-9.774954921802352e-05
-0.09900234819034177
-0.00014206540763542466
-0.0001316864641053871
-0.00018184402572125264
-0.00016985602337689338
-0.032553114761804
-0.00011622522636911603
-0.00014628853936695413
-6.561909278987559e-05
-0.00012736386747098393
-0.00019101173142833095
-0.00022760879857124892
-0.0001783466136702557
-0.00014267629046737132
-0.006530989814577983
-3.132364126270935e-05
-0.0001399608086191452
-0.00014676146160239045
-0.11164111692144989
-0.0483002521424433
-8.298590014277247e-05
-0.00018077670199181912
-0.007817195256884636
-0.00017824105061656413
-0.00014725255548199447
-0.00018362707966425778
-9.315861165081542e-05
-0.0401927933331994
-0.026592264558025738
-0.00014502149251122314
-2.70713341996935e-05
-0.0001371386212907444
-0.0001569991722484105
-0.00019273081211687685
-0.039859151251461625
-0.00011798328004394392
-10.0
-2.924542326209766e-05
-2.9146118212033114e-05
-0.00019806303296847528
-0.052246957064410286
-0.00010226546833320177
-5.788645348278461e-05
-0.000146931163325431
-0.00016196750850498557
-0.0001064232252615455
-0.00016019463549588568
-0.00020884558077033052
-0.00011291131175997801
-6.093355066813666e-05
-0.010846546059849577
-0.00016184486630387422
-0.034808520142679204
-0.00013094194140380328
-10.0
-0.00013618338980839323
-0.00014333053390266532
-0.00021248528004835391
-0.023942741472917906
-10.010607156943907
-0.0001531768445081487
-0.151207735581993
-0.0412186597230431
-0.13182303858776745
-0.06546583385219465
-0.1027271258968192
-0.00019243820982469572
-0.06394872758328916
-0.00020146494971468016
-0.00012879723064387953
-10.009939725477693
-0.00015305651952809878
-0.05020826869276468
-8.785046655911448e-05
-0.10229639328959346
-0.018412684796825722
-4.127737312849247e-05
-10.0
-0.024971091822478565
-0.00014246349518902342
-0.00016088059619644027
-10.015251524527127
-0.00017719455681051635
-3.184857239150599e-05
-9.830704949216656e-05
-0.0248580805291927
-0.00012589352952357963
-4.5229646424411676e-05
-0.00020112271849906285
-4.10578280537366e-05
-0.038080987061275336
-8.612670550681823e-05
-0.00012484319002896736
-0.11813575683213196
-0.00015693166787860316
-4.117235492228487e-05
-4.212283393301898e-05
-0.0002105294595375257
-0.00016631606673783107
-0.09008400843884654
-0.0002044383476183397
-10.015718068456229
-0.000175730924427706
-0.00016140244934078734
-0.20511720806253442
-0.007752271142455901
-0.0001412884241887469
-10.0
-0.0001257848979616356
-0.0002013589672807481
-0.00015265651260562923
-0.007830209832858518
-0.0001534209486703974
-0.00019859409579490179
-0.00013322392719058708
-0.0001394722897527534
-0.00019618539499570745
-0.0002107265945992164
-0.006103079869182665
-9.045432047898224e-05
-0.00021208634846154632
-0.0001456250382312648
-0.05296257213682143
-0.007960345075095562
-8.988816526967238e-05
-10.000045022217797
-0.00021006924730128645
-0.01492329144625126
-0.0001336545597211905
-0.07212976168668399
-0.15874090086605405
-10.0
-0.12917810684175707
-0.00617012257886126
-0.07242407307472626
-0.000152154646290957
-9.63952119052697e-05
-0.00010311435283541959
-0.05748405370423727
-0.00018148290298788505
-0.006965450216911092
-10.01178782233249
-0.0001660849280118557
-0.06873153227695755
-0.00020420279258301136
-0.00020503482812340716
-0.00016318649595703415
-0.00015190784086991917
-0.00013057105672431243
-0.0001942997189710192
-0.00019405824363763084
-0.14299305531909928
-0.1049811017409882
-10.0
-0.0001554496079236023
-3.278521910778548e-05
-0.05056632047710291
-0.00023686704323914545
-0.0001841537338128415
-0.00021292480543191634
-10.0
-0.0002021362365176298
-0.00015651917711154544
-0.00017803896559095088
-10.0
-10.0
-10.005964385763649
-5.1085714618190865e-05
-0.00019016931551531932
-0.04496214131412592
-0.00013822879452925763
-0.00019241765973197048
-0.0001426312962702556
-0.00016139775881642612
-4.330714684350295e-05
-0.005473740084573967
-0.16132137871524116
-0.00022272222303942977
-3.982162909161166e-05
-0.00011814388057216515
-0.13459260292092323
-0.00017822492146143474
-0.016380497448207056
-0.0001287099918244536
-7.205076049903113e-05
-10.000003780027065
-0.00012739966302566274
-9.809714497402377e-05
-0.14699393790570744
-0.00014287212073834895
-10.0
-0.0001450946964267465
-0.0001373511801854794
-4.11816168758902e-05
-0.00011724909512589782
-0.0002226521407686534
-0.0001349983809786989
-0.00013869105037904225
-0.00016988229724451847
-0.00013870988682455651
-0.00013902142417269303
-0.00019101690457478093
-0.00017799586951224738
-0.00016139896154933605
-0.00011937337552101666
-0.000182282512436968
-5.7179058815490756e-05
-0.10592143823958372
-0.00011929174819111972
-0.00014797690428252434
-0.00018488654303788757
-0.00011907410506378872
-0.00020023959351682513
-9.374868216647947e-05
-0.007596646381170376
-0.00012966394710872898
-0.019772987689762312
-0.00016363843822850114
-0.012707735544687104
-3.354524078981989e-05
-10.0
-0.12253347714997995
-3.78755658291646e-05
-0.00011304203918598542
-0.00015994030206573274
-0.08958437682839775
-0.00013596153901342502
-0.00665545552828368
-0.00011759088119443894
-0.00015806917979104988
-0.00017550721856644764
-6.550199509388192e-05
-0.00014602955157470848
-0.00015771423867499246
-0.0001455627762939533
-0.0001331638506917762
-0.00015636517239245567
-0.0001563978911543394
-0.011633258844610889
-10.0
-0.18765349321853153
-0.0002009372420353471
-0.00010885566559392813
-0.00017384764714523183
-0.00017526602196079062
-0.07897963160068844
-0.00020744709680571246
-0.027817837026512478
-0.00017394276733008246
-0.05788799691614782
-0.00013948158963260804
-0.000138246202024992
-0.03598744255886225
-0.0115236474881903
-0.00015172059575445796
-0.00014788537906238925
-0.033569827391273455
-0.0002141681739382106
-0.0002089493193974417
-8.950552715271974e-05
-0.00013295238297130174
-0.00019008732688736047
-0.00020652204420660187
-0.00016552650449833554
-8.092822366231731e-05
-0.00022478009374596967
-0.00021013463932705444
-0.00016951652000121454
-3.1941906610304026e-05
-0.1605739306921745
-0.00010715470644466883
-0.00011405187023930664
-0.0001373278582873654
-0.00022011742933349744
-0.0811074881513835
-0.070756304667612
-0.00020213771323672404
-0.008023583870180697
-0.00013420242954513808
-10.00430198904111
-0.00022483277547751885
-7.779770289805939e-05
-9.138857352006676e-05
-0.044981745753934925
-6.481728372571805e-05
-0.06523822749321515
-0.00018127617797906946
-0.000204791509680122
-0.00020354281809212824
-9.245140546927912e-05
-3.481181968130742e-05
-0.00016086335346019608
-0.06030343966525924
-0.0926246302388371
-10.02091538824535
-0.00020338150237958364
-0.12687716451359266
-0.00014431473249743742
-10.011937046859291
-0.00020054017350100341
-0.011105530717571832
-0.00010915731922859619
-0.00010326772287320598
-0.00017472552426930316
-0.00024100742305762867
-0.01633819633000829
-0.024959121381181764
-0.027852643722777588
-0.0001365756767737982
-0.043457884091880714
-0.00011721947734751035
-0.17179082874151255
-0.06903138520884639
-0.0055764792202523455
-0.0001672395837643368
-0.10005223720554468
-0.22760618997463367
-0.0001730729991565107
-0.047016189858387444
-0.00013916023370342452
-0.00015038762290719515
-4.2829151865688515e-05
-0.00020698272276510678
-0.10571469925502154
-0.00018376349761907334
-0.00013266968444389834
-0.11240232143208129
-9.965232115778614e-05
-0.00019478932074652614
-4.6533427147509634e-05
-0.00020055712253449413
-10.0
-3.8507782693393315e-05
-0.11474751895295507
-0.018987983083403815
-0.146803227675651
-10.005125886979
-0.00018748139047355738
-8.024560395236149e-05
-4.0342975829947894e-05
-0.00013071301357894943
-0.0002090750848158753
-0.1255261381000975
-0.00018818033607114165
-0.0001482469816421865
-3.8195348179471734e-05
-2.931792357902519e-05
-9.083653146326415e-05
-0.00015616088998746992
-9.478326021323684e-05
-10.008028982909314
-0.0001731786947291784
-0.0001226610863472665
-0.00017022216792037442
-0.06547588331954009
-0.00015173288048546374
-4.255290202124459e-05
-4.5699179042104e-05
-0.017588681396361397
-0.03677540338559703
-8.502758783012645e-05
-0.06522907692968927
-10.007531540528474
-0.00012314133324886048
-0.00015712232129557689
-0.00021999309360015294
-0.039409787614376315
-0.10246282256131592
-0.00018897036198662096
-0.00022009166837878852
-0.005905824832252611
-0.10626932787538163
-0.06266076811401033
-0.12802397820324335
-8.759295425708715e-05
-0.00016449476600606755
-0.0001403735596901854
-0.0001842449600578281
-0.00011672101377753288
-0.011910676676882117
-0.04671383593870228
-0.0002015419396031027
-10.0
-7.882364340186686e-05
-0.0001829656220443225
-0.016313711101253847
-0.056842032014807545
-0.00016194685234877261
-10.038612764255912
-0.043415537784824626
-4.900287507369455e-05
-0.00017681991955854264
-0.00015110648703258128
-0.16568187569565712
-0.00785612319626651
-0.13208394681146027
-0.00014570423673482264
-0.00019315460235249944
-0.014813726355349005
-0.00010453408476178726
-8.414230175948869e-05
-7.161356788323675e-05
-0.00020075636034182622
-0.05711097894540286
-0.00010002470897260487
-0.00015544525270647541
-0.00013456017458247682
-0.00014662071766799277
-0.00019361185920737956
-0.00018624172657348125
-0.00013845444477194444
-0.00012768350544514656
-10.01098963715
-10.070389096571315
-6.648571745593595e-05
-0.006191705487398483
-10.08139385646221
-0.00020429319456846293
-6.943073321546173e-05
-10.0
-0.00021961062105705452
-0.00012238306556874628
-0.00014914867510988956
-0.00015609860801995185
-0.00016423939629048534
-10.0
-0.0001525110694889585
-0.06774087378364405
-10.0
-0.00012990953331132966
-10.07736740678106
-0.00010467280928416008
-0.05095742637408983
-10.0
-0.00016708556256424896
-0.09557742753654042
-0.0001997726536739544
-0.0001059127084944219
-0.0001627861943719038
-0.016432395271475872
-0.00021526240638134307
-0.00016332691008748922
-0.0002281321811290957
-0.016430145293662348
-0.0818419041352641
-0.00010271104531227139
-0.00012518744653085078
-0.05289082773614477
-0.00010991172232329193
-0.00019239624087819652
-0.009647330126733106
-9.877378805722402e-05
-9.731192220748311e-05
-0.0002212177855180026
-0.00015873116180654446
-0.11354183250349724
-0.00013750013105247807
-0.027299638682648984
-10.005037331026648
-0.1777860205455789
-9.77917355247459e-05
-0.00012219167228187208
-0.00017507889158561743
-3.2220474343548245e-05
-0.00014026928138492997
-0.00018671751435646422
-0.04365480848446289
-10.0
-0.0001653427589895795
-0.05892003853687415
-0.00014911210781500372
-0.007413719796828811
-0.00017056029043508326
-9.198279009795736e-05
-0.036622570539349114
-0.0001405272612123594
-0.12006055563997839
-10.004723540585458
-0.0001355705264634199
-0.0073256299167060715
-0.00018496867743012811
-0.0046119714762904405
-0.05486341692807712
-3.3733436608496926e-05
-3.8909295516981914e-05
-0.00013368979872489686
-0.00022175497135777991
-0.004422218272893424
-0.11264819339885762
-7.246723391548188e-05
-0.00016992963858367756
-0.00015392188263101792
-0.00020284742121583533
-0.15367653612392793
-0.00010566675729525949
-0.026027617613501836
-0.00020313570416728247
-10.000004669731688
-10.000004696655378
-0.0066545916272423315
-9.446825886183911e-05
-0.00018899997034561156
-0.00020973127279821284
-0.00017740024840479687
-3.83728180855935e-05
-3.940862802492784e-05
-4.102658920007597e-05
-0.05415868236995362
-5.643455284950873e-05
-0.1465153124108618
-8.748110815936079e-05
-0.02546162852632213
-0.016331275538538217
-0.00019299321519136654
-0.0001219336412798529
-0.0920464854750799
-0.15624002429413944
-0.1570130021734361
-10.0
-0.000201519186770334
-0.004286444769649492
-0.00020712887587318206
-0.00019346386164275275
-0.00016849657747315883
-0.0001391324475945907
-10.0000020078206
-9.080569898210903e-05
-0.00015892977126509062
-0.11285714488027532
-0.16657657766552245
-0.011487817984096656
-0.0002050505965506931
-0.12654812226908463
-10.0
-0.000135429142204459
-9.12073264455786e-05
-0.0001655721784929408
-0.014394123898913145
-10.0
-3.901023356348562e-05
-0.0001415361682202635
-0.01861015083455851
-0.0001577920179445663
-0.00012499928274752782
-9.693457975865815e-05
-0.08007574613027235
-0.00018558119140037795
-0.0002060383800922165
-0.00019333789838335403
-0.00013912869291565823
-0.00011011912215568479
-0.007533483954317606
-0.10523479718964728
-0.00016085078734074672
-0.05018196326809163
-0.00013595598045115597
-0.04559006326969174
-9.353843129143408e-05
-0.06739697619851918
-0.00020592737234815958
-0.00020267237852309613
-0.00015438181019515872
-0.00013885493227643066
-0.04068960040673344
-0.00015420556049767527
-10.011929128415872
-0.012711849521423306
-0.012282037625589345
-7.460752953646093e-05
-0.00018741524635071096
-10.0
-9.501564798398886e-05
-0.00010460559864378425
-8.259369513947758e-05
-3.195806336171059e-05
-0.00012146970835955108
-0.00012862607385845083
-0.00016368654549515194
-0.09747006153130769
-0.00014969255300884736
-0.00014156824230742446
-0.026427696124258254
-0.00015712911477499012
-10.004395465313928
-10.008674352283899
-0.0001181677166704718
-0.0001550776798723225
-0.00023293549478982584
-0.01172814056535572
-0.1286157156581169
-0.00021871217797820919
-0.00018609707732653561
-0.0001317281220779615
-4.490920357414841e-05
-3.61877149901287e-05
-10.0
-0.00013702011950958678
-0.12886526040956142
-0.00012825115229428614
-0.0001527561788756486
-10.013555152771948
-0.00023273826580235096
-0.05008288951134052
-0.013704652980093837
-0.0001490903547470869
-10.015890014982764
-0.00021907679667420606
-0.00015466115851105308
-0.005019535303201594
-0.031181381625104608
-0.00010433979004124104
-0.04541811324875811
-0.0768597962405885
-8.415278237316029e-05
-0.00014662438324725027
-0.00021707607224203198
-7.247705322368138e-05
-0.00014299187480738463
-9.227491473093879e-05
-0.1604919649995636
-0.0001373377612723291
-0.024805820051190027
-0.18392435981919592
-0.00671276231462782
-0.07659723755828013
-0.00018406643965267989
-0.006671214316943107
-0.00019216680413395145
-0.006950712287005312
-0.14703377893821348
-0.05817811100281814
-0.02941102002891975
-0.00021221105092287775
-0.0002314883494586299
-0.07888210206426374
-0.007286916742857915
-0.0001607188977596718
-0.0001872219210988701
-10.005753657707166
-8.01299123440023e-05
-0.016497270832240687
-9.476386284839293e-05
-0.00011390249406478498
-0.00016025953328099477
-0.00012236112814292648
-0.05819851684134754
-7.551546293098459e-05
-0.00013881814332199557
-3.842134894332244e-05
-0.0001432055285250992
-0.012769476654991695
-7.961725089739965e-05
-0.11557806250200656
-0.00011708336834432938
-0.00014984730044649954
-9.181356240789506e-05
-0.04953483680805869
-0.00011749436698776794
-0.00018904846577434884
-0.00013440138695157967
-6.233232337302314e-05
-0.005167586087954273
-0.00019750603980421834
-0.05430390949943352
-0.00015643417088938627
-9.020553049269198e-05
-0.00013799025909859647
-0.00012962113467028405
-0.05793243686417886
-3.6511993462813564e-05
-3.451268461570117e-05
-0.00017313878662245306
-0.00020876321040625096
-0.00018024239234180013
-0.000178387162108915
-0.17513216558895703
-3.294576831428683e-05
-10.008615987253616
-3.6084618332486655e-05
-3.449178689908103e-05
-3.120275411026606e-05
-0.09816276631608002
-0.0001721044804045109
-0.00022487306745701935
-3.39677023866115e-05
-0.12656855775891673
-0.04304844582274574
-0.00014957274054255046
-10.030550957298994
-0.004969410287700956
-0.06885160077951616
-7.867357267044942e-05
-0.055272859560481946
-0.00018017557469303055
-0.00019009650389177803
-0.00021555338580187488
-0.06542291728143584
-10.010379573108606
-0.0001919923035589654
-0.0044350251051366325
-0.00013861150617146766
-9.747963020825409e-05
-0.000183811291429856
-0.00019390741568073658
-0.12666936306904186
-0.00020657910967118004
-10.000001995537334
-0.00016452164536073988
-0.04363728372586114
-0.14637975284122262
-0.00016100454076037918
-9.342788245381248e-05
-0.00010910902116780715
-4.0285594044655926e-05
-0.00018766096002087579
-0.00018487083097819802
-0.043707629947376404
-3.483197914799232e-05
-0.062146196527181466
-0.00010807983934492629
-0.005143720820487885
-0.00014210088531759697
-0.0669341737753201
-0.00019514561109178812
-0.00016696481543717955
-0.0001417164338986997
-0.1756770259945082
-0.010694459066334185
-0.00017928384841090557
-0.0001222631090898894
-10.020746716102904
-0.00014620838896616743
-0.00013780834810471926
-10.000017827034382
-0.00015026960527140268
-0.00677186510819925
-0.018998926857138644
-0.000212203107600185
-0.04217809563730262
-0.0002006903322581068
-0.00016008914782881468
-0.00012845193184806168
-0.00012386187017844112
-0.00020702232525445457
-9.678295586182278e-05
-0.11871819997023395
-0.00011842958415100941
-0.00013995617673657446
-0.00011226638305747007
-0.00013505499156842132
-0.0001290905696054747
-3.3258022808323805e-05
-0.00016978826808557542
-0.00021982389113026242
-0.15811739208321274
-0.00014760297605085363
-0.00016067837903380893
-0.04358733106704038
-0.11226442605555403
-0.1117389716832097
-0.1657894370415465
-0.00017480714846419406
-0.00015738330517962656
-0.0001263800388998913
-0.1314827706951461
-0.01445347712783002
-0.00017021953027163275
-0.005233492954530776
-7.480180618026277e-05
-0.00017827577929598352
-0.00016728350706853994
-0.07059645336653553
-8.052934912083194e-05
-0.04533591777651838
-0.00021345367889522528
-0.00013229226645040747
-0.00010853580784223057
-10.016748318147496
-0.05262233347674955
-0.0001322162266847162
-9.969101167170198e-05
-3.8198832612264334e-05
-0.00013574810315115238
-0.00019287351942721178
-0.0001861159597485611
-0.00014805710333627405
-0.0001223004448615444
-0.005606552649649788
-0.0001509772932539374
-10.0
-10.027198762148778
-0.08231841113505554
-0.005407455390448067
-4.174936409053429e-05
-8.24906423127894e-05
-0.00019117812238365065
-0.01343838414002329
-0.00014373980575468591
-0.00012938485969625824
-0.00014547117909656377
-0.10641341171446422
-0.0001326126328056218
-0.00013554173837495293
-9.064856147592952e-05
-0.00013865371279723858
-6.93755775877307e-05
-0.00021127809500998812
-0.0002016984211679382
-0.0001627752831221622
-0.00018855114010095657
-0.00015797256632157523
-0.00021460966085093248
-0.00010129099263330563
-3.724885000627387e-05
-0.0001828514405161798
-0.0001374228908979178
-0.015228467424786703
-0.00604552772622579
-0.11803015356438933
-0.00018118142415035913
-0.06944719178629574
-0.00015469962070106217
-0.00016027104510946266
-0.00015070884371039072
-3.0851316483714425e-05
-3.711022182459865e-05
-0.00019973346226784527
-0.0002027955845738399
-0.062461516285207574
-0.0001104490914504931
-0.00018570710905050608
-0.1310381246794958
-0.00018887862086792336
-0.03852137204748849
-0.010102395275880584
-0.07197471098211976
-0.00020591994952830073
-0.00015394860649175026
-0.1427343144577396
-0.0002186689510849974
-0.07716372627492801
-0.00015267835281048897
-0.00013447580920559584
-0.1116815717926394
-0.00013426095744120139
-0.0050110270337889624
-0.012348911049685683
-0.00012789137236835998
-0.02637385973897237
-0.0001672691259000932
-0.11745398456345935
-0.0001452701868728605
-0.00016558349032320786
-0.00015313597747882918
-0.10526460530902416
-0.00021142829245699525
-0.011007489890669355
-0.0001332787182836323
-0.1623360244272915
-0.00020796384038010592
-0.0001597181476558271
-0.00010304777985566522
-0.00014094986936040443
-0.1203742595077545
-0.0064198185559795045
-0.0001939133369186214
-0.00020112637125573285
-0.0001778309012504757
-0.06650095918518432
-0.0001542188010575256
-0.03519476858917139
-9.047340420779691e-05
-0.057512296082107915
-0.00018174823348000136
-9.882359408721021e-05
-0.050104043993645216
-6.821650993291248e-05
-0.09306221495206234
-0.00016957698029778403
-0.00013991824931280163
-0.15795655436314893
-0.14140945314419873
-0.0001567221599575757
-0.0002153579775260928
-0.000133479126838897
-0.0066389739037571545
-6.563497562358267e-05
-5.3833489958231645e-05
-0.00020416486234184404
-0.00014330072794508045
-0.00022809947965620207
-0.10465079436697514
-0.00021748176997719344
-0.00017223013293037295
-7.905343282325824e-05
-3.531649122284769e-05
-0.11653533566700863
-0.00014495915462496835
-0.00013182887790461208
-0.0900034982975576
-0.027171705381995752
-0.06213966803695977
-0.07801181330585809
-0.01635646981059543
-10.0
-0.00017790466279051046
-0.00013017424443921796
-0.0001127243087586701
-0.0001594183545964351
-0.02127046406645846
-0.00018547412219986278
-0.0002090051903897155
-0.006044462935111224
-0.00020035294002064327
-0.03138749213157023
-0.0002081484153334839
-0.0001354803544938549
-0.0001793410307622608
-0.00014675840674044084
-8.370426061409703e-05
-3.658119014902178e-05
-0.00014823580785529276
-0.00021092052287397247
-8.169683215526857e-05
-0.1864939627987864
-0.042351432879110175
-0.0466436179190895
-0.00013650889073233593
-3.840746840619221e-05
-0.00019678451863365138
-0.027209873790270084
-0.00014349780450107288
-9.60041739966931e-05
-0.00015386225137268173
-0.14503075807469393
-0.00010432649849203405
-0.00014147992129691177
-0.1015362038735474
-0.00019578452182690025
-0.00018771130539245115
-0.0002074735481427616
-0.06283017155710977
-0.00020157458137696642
-0.00014678747202158588
-0.036575709077927426
-0.04949415529348214
-0.00013931896936186943
-0.06261631467968329
-0.00017358394282481263
-0.08616973489199087
-0.12130640441047738
-0.00022668033136277686
-0.0001306602288042229
-9.865957768667795e-05
-9.65675065497255e-05
-0.00015376573201125488
-0.0054377261247782575
-0.00020090684152694905
-7.829480822492443e-05
-0.057783232346413374
-0.0001621835493227522
-0.06515655423379985
-10.027869230115535
-9.904352092481166e-05
-8.449915983075982e-05
-3.442715700997501e-05
-0.00017676639609705863
-0.0002384228239739519
-0.0001663659037251025
-0.00012659229444250266
-0.00013468603119457082
-10.0
-0.00018830276460770078
-0.0001424648648165854
-7.718410620395313e-05
-0.00020476929247165875
-0.0918478181235579
-0.0001514960071330865
-0.0755413968842929
-0.00019287663451402374
-0.00010511232504540619
-0.00020701501199537177
-0.00021463133077306124
-0.00014643927121100558
-0.041718223534696425
-0.00012246121920323638
-10.006761559143603
-0.019878052164932523
-0.00013915252212073708
-0.00018889388299454454
-9.377531152415452e-05
-0.01898899189730454
-0.00014616311917103485
-8.017996213889342e-05
-0.00020252282203766175
-0.040712954255295856
-9.216055382776833e-05
-0.051115124648161106
-0.00013903467191459613
-0.00015140138321904307
-0.01391817400751417
-0.09367319243884184
-0.02101842285072724
-0.043724479080270134
-0.00010374804579365118
-0.00017894737454435928
-0.0752101077023547
-0.0001481905923199497
-0.00022529477348916886
-0.00011909153699155662
-4.05079980558891e-05
-0.00014639332584141728
-0.05085774352940792
-0.00014949761622802988
-6.130306903994326e-05
-0.00019820489130373132
-7.903742667214405e-05
-0.03360397469043473
-0.0001285145145535173
-0.0001582797529904406
-0.0001191027706257692
-0.00017882225203335065
-0.00012505496789673204
-0.00020257259279815313
-0.10880660160647893
-0.00019136875721372057
-0.00013659744581986046
-0.02411691081900159
-0.08361089334865057
-10.007242083642
-0.04537175990966972
-10.025057113702534
-0.14862010385853733
-0.10442240940194103
-0.00010229484995919979
-0.00016161579886423693
-5.5596292555530204e-05
-0.008170577123889525
-0.00013455065611816386
