0.59333504742589
-0.3801238267361083
0.3056026905224904
0.04137049474883549
0.30317513141159835
0.14000590381231143
0.2808619940309863
-0.171392173381145
0.07094542764372008
0.2076892909033875
0.04204164585157549
0.47322827301536696
0.32231309104387484
0.45451764177882575
0.45984676879657393
0.03453371775420369
0.1774171454805921
0.29306170519253927
0.17615860994137086
0.46878185543984385
0.044856340078637896
0.26621338473273826
-0.060857306178419585
-0.2776524639304002
-0.22087996452767938
0.20553776682196084
0.14695645925748252
-0.12259852053728648
0.18967491715259022
-0.052487189231715664
0.18839003759508155
0.6555555287696585
0.11742144129642627
0.20076130106114626
0.31359803038893036
-0.014454994326977944
0.4851256718023976
0.10642100758696081
0.21754929420695437
0.340753826552404
-0.17306743957912474
0.30872809127144013
0.46771827242083946
0.27922928333313746
0.011017314227624392
0.1412312758938084
-0.13240831352962368
0.2555864148823219
0.3398100351661234
-0.08300144857645358
0.2939838260971376
0.4427387085814316
0.07830455706578324
0.28090420731032506
0.1343310524754226
0.3205129623116253
0.04367846057173458
0.9541768655140491
0.6099732671934771
0.46005515795497953
0.5478573373448334
-0.10036807806221054
-0.08372400486469433
0.5112075000976348
1.0195459610240067
0.30667354283206216
0.7599384948754144
0.6618865798160646
0.06743002158597367
0.5333764693359927
0.2736788107816087
-0.05124128334762723
0.5663390635025529
0.6153299440377978
0.5853185206291039
0.09688412829047084
0.32848518258071213
2.158952971439332
0.8450229076327705
-0.13535935491028095
0.22276115366563243
0.006311168152122293
0.7689118375195488
0.16267044265019598
0.1620308820800252
0.9089370452509822
-0.3552388327805672
0.5494026017482037
0.04185014676753568
0.7456199550914745
-0.2975369265373193
0.8822186260676966
0.1291630505412697
0.8633651124557123
-0.0013575552736308505
0.2957568397453903
0.050571861450769806
0.2859502054780838
0.512293581295191
0.21786031440143228
0.45424883714359326
0.2258720533510475
0.4314288661007252
0.3031102459218057
0.04067703937853634
0.20664434946742005
0.21716070829957485
0.20542229436407156
-0.00024127225527098561
0.09402141729981683
0.004039486496158179
0.12963190468197827
0.21244393354891494
0.20581363064511415
-0.04983546502388575
0.44690905712408624
0.0840841907449682
0.015710099261220967
0.3912327034417747
0.2560930997980386
-0.28090190058968606
0.47755535852949055
0.31661267561248885
0.3646007276700867
0.2855768324721202
0.6165741366317453
0.7878056095401446
0.009516847938320638
-0.08348988144984959
0.26735161568802246
-0.08585975857169922
-0.04503108456173599
0.9128276851716572
0.9035695490610528
0.3939988618072139
0.39468874810085997
0.5053177114916965
0.9750535641119213
0.9715257929493175
0.028046759189420345
0.36194101187990724
0.7293020630004399
0.27912570147933374
0.2828993453044229
0.5484639129894335
0.5114748294381508
0.15422414023786563
0.2714803102293153
0.23867146665163286
0.9418114117397145
1.1373930877314609
0.27214109631969996
0.6314370873637338
0.2717528373303814
1.177640549302907
0.3836693120709253
0.5663689018935089
0.2899399042372255
0.42852904659117735
0.4230652478326528
0.7070718338035498
-0.16621743673691855
-0.16897443769674325
0.5025911249532762
2.175268695132761
0.705585437532369
0.13701945352092518
0.532877297118672
0.23387910955699148
0.5582102736454964
0.9035461241326266
0.8930769746456951
0.13777341460553708
0.9688260790056611
0.057983835889389365
0.46499769725643025
0.5140248354401068
0.15950347053091102
0.4322306373844402
0.5340762294632847
0.4005779671884249
0.16261464151389812
0.4936639687857496
0.13488866877251912
-0.2000658016050164
0.599642971780939
1.0615594636448038
0.29111911700189236
0.11863869983613473
0.7057824613365201
0.2548527556466017
1.037407713874551
0.4212881576948218
0.21863258322573306
0.27319037263262236
0.15543279914432595
0.28620812586748845
-0.035860653939660786
-0.32237560926428865
0.3037995382745635
0.27866280583717096
0.7870522142469049
0.40763429533852674
1.2978486515853283
-0.1627224004440999
1.1861413546203372
0.46690783444758105
2.1375753186200184
-0.033422877542131024
0.4316566598031247
0.9265234181848607
0.6091926313567673
0.7856002983553809
1.0624867031432572
0.4005858496374323
1.1438008461897053
0.21827865751708653
0.4015939763361951
0.2798059113574165
-0.1748228969797424
2.16657440839254
0.2771189819489292
0.6855439410730046
2.13910676344328
0.27177283916028094
0.6259782083325987
0.07670818004258056
0.8050142496211998
1.1066257959937116
0.911352807076582
2.185343199128676
0.6126965154715412
0.8231546323594191
0.1654105823337676
0.7403669481703429
1.2776910240943093
0.278697370667611
0.2785419191733224
2.1328038823534023
0.273508481133598
0.9760594019950144
2.1786941116098415
0.2784296470265905
0.9515555667250275
0.2819848979948794
0.2825951492889546
0.7670482348324378
0.1643683295949207
1.103506538236278
0.2689547352223429
0.9530276161650175
0.807326093814043
0.08168329837543022
0.27576636147252054
0.10804779679819145
0.039292914544266755
1.1309306939542405
0.9579963461367786
0.34379833660575565
-0.07665950537137545
0.937680382344699
0.49884720077086103
0.2760462459396825
0.22743122637701266
0.682283477799775
0.4340872936367742
0.2980157044898754
-0.010180980976138065
0.03679513412857097
2.1537852031978275
0.45391227384178434
2.1421399593138277
0.2647333147302922
0.28392675210547313
0.38466699883257527
0.9936530583485177
1.12228716758738
0.4256072139469343
1.2350206054524588
0.5520246412455
0.2759399970661749
-0.16339138274290677
2.1738179985329866
-0.16743225035590484
0.27948340229804997
-0.15995782487297736
1.103538766743228
0.2361931147202242
-0.08188670332713938
0.23051881843290656
1.0611084463777762
0.9806185822009232
0.27619100063101476
0.7796470475442936
2.1673191440400235
0.2713682924350528
0.40062343722322447
1.2625578774817028
0.27024647291649284
0.9859631337052837
2.175549943293897
0.03935128319344203
0.27458662250788024
1.1551963050097456
0.27505260413005717
0.268955756551367
0.28229725270443773
0.713101738192535
-0.17971728557077138
0.9105045701621638
1.2751037544469228
1.2959609627084272
1.0915491968009075
0.5707139301424432
0.484408487577414
2.173482144938053
0.25129170307650733
0.49225492232408136
2.208831876628326
0.5924817376322608
2.175074481108334
2.160695979145159
2.166087551774114
0.9770717001246466
1.1890346166156096
0.8365754583195685
0.28624748870703154
1.0784817959113124
2.1526507273554607
2.1967716916168407
0.2741093975142806
0.5995090577982631
2.151520025242604
-0.1734244389341579
0.5048124879000658
0.7779890060938048
1.0103161683222464
0.5789614001176119
0.45210809046905587
0.2763262714937712
0.3974783659523539
0.820302313511328
0.5020120810596175
2.186158959335291
2.195065107095785
2.1827478986125923
2.1864584072027062
0.34692043280015417
0.847705174706017
0.9705453126579754
2.157906679282053
-0.15673132838542647
-0.16138731667098366
-0.1721779848674086
2.183818735396259
2.1829127279656055
0.27862816768624526
0.21231336586472083
1.2569277891156945
0.4013060143874223
2.198081815000631
2.1902960810780776
0.7098602914596448
2.1585649574971777
0.6070153431750082
0.16643192812639407
0.8434813845506652
0.45966422293366793
-0.21237923629224148
2.1774656232489003
0.28006903363802566
2.1553184974446453
2.164433998738077
0.9562386298848092
1.0689901785993383
2.209120469862384
2.145278505965719
0.72915708848727
0.9270316265495533
0.2740018569971897
0.4980920726514685
2.19459823982602
2.1940314092186592
0.030751032235804776
2.1934263173467246
2.209321024405649
2.200986810837964
0.21662694709452435
2.2038205809984683
0.029427669371776072
0.2761421078764197
0.27737892977175094
1.2904200981090885
2.18639085420553
2.1324198357488786
0.4419721607154204
0.27687265497730384
2.1626914035713334
0.508680014857753
0.6841914875208983
2.1360736106335
0.28407434536542286
0.8688020514242243
1.276109461561493
1.0335772103143297
0.4573303397685538
2.1537603108930665
-0.10538334902023294
0.7282178172533692
1.1407775217746299
2.152073086442081
0.438448452752574
0.7054847196864639
2.2085975281722106
0.27880488003513515
2.13907505687919
0.8898312537940015
2.1570160206803615
0.25870763438460864
2.1376969127998295
2.173355988828494
1.1612164252341441
1.1497434283781054
1.0042059573907614
2.1973148006993233
2.183036829750299
2.20404465542574
1.323475038238984
2.207354369873671
0.4606100646287311
0.286531733307528
0.27417229415307814
0.7744635341211715
0.28642503514521467
0.4543757367847783
2.216017577864437
2.1853420767754144
0.5290717981957318
0.2753290754497322
0.276489463128767
2.160236781290557
2.1703508865746572
2.1978626882948453
0.7098237082717351
-0.21651636427004098
-0.3290245681410772
2.1955914886345305
2.1796630115380147
-0.22467759454774067
2.101171129741248
0.24687879497739926
2.16456778274073
-0.18337689305498117
0.32853759461307736
0.5037300670442267
1.106165230389284
2.1476077099288737
2.205475663500498
0.9271744443065508
2.2000329208700937
1.0184135942460337
1.266627982037608
2.152789388020263
2.157364029882209
2.18700608110417
0.21575221997668145
0.3312130635227706
-0.15912659106187135
2.1780714703884945
1.0956334297952328
2.142495175588026
0.07323647785479231
2.1544779652597015
0.24362084141778262
0.40645987739617306
0.9385536653654668
2.1568894353620225
2.1774220242922815
-0.1617583665074481
2.194606444755146
2.173297724823655
1.1326533180561467
0.9768483520006408
1.0689805658425109
2.1726001836000473
2.1463881039408035
-0.1654129716295049
2.1730768542164904
1.2644789609055231
2.1334939852221178
-0.1736095220556081
2.20006098126478
0.2656484071316709
0.9857460678191934
2.1513863441964354
2.1853307131102273
0.3244835296497859
0.45613945272605255
0.9514471643792173
2.20061234903686
2.1688583009634517
2.1805240672819695
1.2581619536208346
0.45903394442532486
0.4633552034629277
0.17246017713092857
1.0453686691646822
2.1981814501159223
2.150194104559489
0.4511972472153363
2.1702829075029335
2.1863841604665883
0.7866631941649251
2.1682982641622366
0.9721765000574707
1.143255310580378
1.1585096293287926
2.1228969311165833
2.1905853384041634
1.2368496519152354
1.183832235175699
2.1534011992069666
2.1575773864529184
1.2688378989543658
0.7790614494195021
2.2153224565219034
1.2844679936975687
0.892196787430398
2.198157648930852
0.3797514942290765
1.289074247505678
2.1763226255191
2.1894421678088625
2.130283758315406
2.1908946678689687
2.2235550807366455
2.206840684235542
1.1227403153417728
2.1962063023462806
0.1637610401519476
2.178287059711062
2.2164595382601555
2.1749214603025733
0.9302826055988297
0.8219619546862416
2.2077444434839686
2.202891064361271
0.724526979871357
2.1671888994922743
1.0084593853477013
2.204120196701548
2.17243574131962
1.2594492227626055
2.1562766521013477
2.1739579434339227
2.2420862911780244
1.089872166609441
0.7293857841749845
0.9401727015414634
2.1975017101343357
2.1506885078799804
0.9066312213567459
2.20294831570531
2.205437240414809
1.2683482078658996
2.2203009845464656
2.2257576445708223
2.182075432545346
2.2088390605699613
2.2047537488588445
2.1578554174076334
2.191017322842026
2.17936336492309
2.1590304802577385
0.9040488312984171
2.1910440857407307
2.1843807858952777
0.375047016634013
2.123852189664519
2.1957760833367477
2.184718553778268
0.37442255809846625
2.1517195893232843
2.256800170507026
2.17246037901893
2.2041397607342574
0.5120718358886017
1.2961354089713948
0.26203310452613626
2.18740016314801
0.9366385561041705
1.3129907880194012
-0.1742473034353047
2.1921072447558005
0.5297042524917657
2.1928305354812516
2.1633952469189346
2.1394180265986122
2.2377313804053665
1.2714402924505868
2.221064935377836
1.1739507908374824
1.3130108270555494
2.190048402183989
2.1569179708223465
2.205452804003447
2.1716502096224004
2.1822409714281767
2.18740753870265
0.3392666766256819
0.2690965071021667
0.2734969148712006
2.1921408476716024
0.4530066392452594
2.1907767301460765
0.7582161864946204
1.1664122617436714
0.27298495281681157
2.1883321662418393
0.9562186663449889
2.18716893711252
1.2713677761218318
1.1256350931567027
0.27630453125350307
2.174140884366419
0.9459793336034914
2.176187616223449
1.1624463327783185
2.2055803595114085
2.2213260340422614
0.8139609179012505
2.1536772747646005
2.199389803817647
2.1809851283231385
0.20680179729435683
2.111960605231647
2.1744760263688283
2.2152868466506375
2.1821560673390947
0.22095465648179752
2.223300057690472
2.1453477665976184
0.19702990132511408
2.2120077247205363
2.2213826065585716
0.6258465453041004
2.1710628011314808
2.192389008155673
1.2849145231061345
2.166921944479368
1.0809106981453427
2.2164648594061687
1.1088172506445508
2.199744995056019
0.7889564094539132
0.29218181741785687
2.186371697119692
1.0875514240758724
2.156980133374466
2.173882295645867
2.177731562310883
0.8749384568034292
0.9560203682926364
2.185471067721241
0.45408863822273704
2.2205946525949836
0.3047547385811584
1.294476709771703
2.213019436265732
2.1740560003955802
2.1632571244506136
2.183971648799247
2.1345808786390177
2.2087707584903424
2.167044186890561
0.7846992149732959
0.27990328340998516
0.2827348783365352
0.2790730931021239
0.6385202786204224
2.2246135370518303
2.1815662515704406
2.1694115032029835
2.1967411803061294
0.3684570200229451
2.199791474746415
0.3491225473574784
0.28024442499529073
2.206804061401774
2.205178565910778
2.163178984875558
2.2139143215208725
2.24192754117718
0.9741814165847197
0.3790849532584759
2.1922801374128906
0.6176709299524182
0.28287622695333914
2.2094595261307037
2.2653101741986092
0.9449821461317413
2.2266970309340537
2.1307474831468953
1.0643244525192002
2.1806351327982854
0.29240622490599744
2.1541872134017184
2.2185373837016846
2.153849810187578
0.22440410582091222
2.2186959767799386
2.1722623485699706
0.2899960401524402
1.2543128139599586
2.1785277236002756
2.1983210069283876
2.1976577951119673
2.1930124758043457
2.146368837824814
2.185505040334472
2.214535078511556
2.2000924040676146
1.1305306474427272
1.2945522904690747
0.27874822856377024
0.27202591393898046
2.221047966091318
2.1298231696368526
2.1726861557394073
2.1500799483922433
0.2813227177016463
0.27699926265322206
0.7782487513628186
0.2759026083481671
2.1940121749917147
2.172672331118519
0.6618237968012797
2.192419268611559
1.2289047762069283
0.27677824269572143
0.2878061706696059
2.220352250469038
2.1757422120340255
2.192732332347189
1.3521969674364056
2.1924414444149507
2.1907189750001237
2.137021930301243
1.0911566815652503
1.1630698980050092
0.5995552922931539
2.221110633622289
2.149233591790881
2.1918859085313356
1.2979134521045683
2.1714696899621178
2.1613352284864624
2.201175529991623
2.164418730099402
1.3513078350331582
2.217140111582167
1.1095055718853575
2.16523252698047
0.5485622270328858
2.1631807396937193
2.1845833342512213
2.162112659473787
0.2794365405601341
2.218412928592273
2.1827931680784816
2.215391316526381
2.1737835345797736
2.192624170356518
2.1855893309328853
1.0210569345395093
2.197022789787131
2.2134559529058713
2.1772172457417236
2.205870296802142
2.2220789391342044
0.41878335355187407
0.2729021041703644
2.2064879537394173
2.194102678604757
2.1924867966995256
2.2148408162031847
0.185957302260518
1.271802614999696
0.9065237874882478
1.1549136920507055
2.10000956952806
0.27885292395376216
0.9151114802936587
2.161254455528253
2.1944390721059808
2.1638307227255726
2.1883870835657335
2.1666965798225792
2.1871917965057426
0.8000839648042146
2.1847955360602853
2.1642265131017036
2.146787411543976
2.2276534639210412
0.22306398790152934
2.2034570325919054
2.2040275270914504
2.175110869184727
2.212342968818967
2.147046691898628
2.1886821068514646
2.1647253052766313
2.216342848839109
2.1627605706274964
2.1459809028860795
0.271814788802995
2.2153960220549456
2.2010890306888413
2.190795800423527
0.28591436296869377
2.1888621167096254
2.1680837153969446
2.1918804169291755
2.20138851801552
2.2128673114473942
2.2032302012834126
2.1676916166334808
0.9934229164721541
2.194007632998118
2.1947827643821918
0.28575457432102164
0.331521939056817
2.1719899448051896
0.2731740877066308
2.1619035966315714
2.2140007371010135
0.2846581536161903
2.1684964311368504
2.185399921329823
0.9518524077952922
2.1539953231351503
2.226788295718388
2.151537722016381
1.1335669249330578
2.1587477283017638
2.191240788777232
0.2867225628034353
2.1934386315399155
0.9748697383510161
2.1779597615171196
2.1603605780593513
2.1788287855248223
0.6284385565189916
2.1984228324295505
2.1792794512825937
2.138224171299157
2.188423550621732
2.253637055336071
2.2073470618941915
0.8682237776248514
2.203796960830233
2.1936775404466093
0.27096903638097714
1.3268573335803244
2.1826476867144233
2.19796713355419
2.180791069517149
2.1844091016502034
1.1374542054251897
0.9044303522094734
0.2712006260400321
1.2909174984277096
2.1697261739511604
2.2221979399662306
2.216788935889794
0.2827463418223402
2.226684271893541
2.2141443243773926
2.219203192547377
0.27619207703292786
2.167765631769029
2.1724923862552195
0.274594324022859
2.1676796605660766
0.6040229909835357
2.188352199823171
2.1719518501245854
2.14608766792508
2.1275773194641627
2.1507402729262184
0.4508303339474607
2.2300564815456396
0.27753282948986924
2.194409610160173
2.1595498602012295
0.7902701790017652
0.9517085933128104
2.1799773971096914
2.1943194324070134
0.273543720968378
2.1997058365407787
2.1604404245706994
2.2023778114890398
2.154323044333024
0.6453105906833462
0.8186193614787542
2.1810908259616424
0.2681719497099984
2.200793622168776
2.235097259583932
2.1847045775274516
0.2726165783184469
2.2080264794929887
0.2727821450942589
2.181177196449199
2.1919115641315794
2.193202374848344
2.1633448984589547
2.1986472803892676
1.3052211605628745
2.224447474506981
0.2810461258729193
0.2720765472572493
2.16299697601228
2.1652940898651396
1.1234998535177765
2.199507314535577
2.2300809317894728
0.7938135739119799
2.1779643995645874
0.2827375437751407
0.2870666280673656
2.2185847628323128
2.1889136929148867
1.295638009464956
1.0130129487758417
0.9889176694167923
2.2098258163249245
2.196538747878782
2.1868494899039383
1.303444588844425
2.1622463675106873
1.3215376414786337
2.171465902928926
2.1754281977371357
2.173992107092588
2.193138908871482
2.177752740235868
2.1655231242970645
2.170826156374166
1.3315256583157575
2.1229030751932165
2.1894740899295586
1.1707582887321117
2.189276160638814
2.1679422226064657
2.1862869858336875
2.134561442697864
2.1610372835342906
2.1598140313012646
2.1837625007732764
2.1695123725129593
2.152237989909077
2.2066805148755884
2.184338124316796
2.171481819042278
2.2067842311225845
2.1857859147097995
2.1747852718785157
2.1991360653320124
0.2742057762619647
2.1936268853742225
0.7425996291977517
2.175443594179338
2.2185842224940298
2.196007515592946
2.1840889101679886
2.1544362260826055
2.174529278083584
1.2873588492041654
2.213839252984127
2.202565429055614
1.2769430883770736
2.138652155787936
2.1977898268421416
2.171091069397367
2.216322983228134
2.1901509267758086
2.1873484143847657
0.2769535711189794
2.1865637262968685
2.2376090874309877
0.294490507004172
2.148612308998481
2.16702323149846
2.1473283712946643
1.1124509405732819
1.1693596204791714
0.4434734590752738
2.155843134710626
2.1408768339706508
2.1363763916421523
2.1464499844707627
2.1711316172313717
2.138197174356056
0.676247618612251
2.1689222641214343
2.1830351034816484
2.163796266158479
2.184279204341484
2.137732232149035
2.219827911901589
2.182310148254732
2.2171391121002655
2.1789737354339187
2.1604422328881583
2.239105995065958
2.1780924260733587
2.210334285975124
2.1578982559218556
2.1533913300699687
2.099100008679229
2.1215128386541817
2.164561354021681
2.180098407519811
2.1869951868195825
2.1296429873779887
2.142190287236982
2.152727987771726
1.272214135161906
2.1826791023372074
0.2780208517211066
0.4966429283613282
2.1896802640622735
2.1472406385723897
2.1755935110467055
2.193551387275596
2.2031965100498
0.537120545084153
2.139166466978754
1.0629001957084798
2.1456075317473053
2.179013467812002
2.1236606071615265
2.1731458562328942
2.1384460388794464
2.1782261350489875
2.178421906567487
2.1258161864822296
2.1952121606686403
2.2137996250930287
2.199793034077924
2.1605561086793332
2.1962145177392935
2.194597565515853
2.180694920815835
2.1850308587290894
2.13795086517482
2.159550566095518
2.1652373961163676
2.1790320148600166
2.1832661502705966
2.1926628963026245
2.189279321804759
2.184348879707179
2.1780951718137027
2.1780627368214014
0.6306987911843565
1.027434757265783
2.1788638615477915
2.1709397031015816
2.1421678988345683
2.184019948008106
2.1683442388586984
2.163218026299094
2.1490527219308877
2.1827110200468325
2.17787332492615
2.1831923019324613
2.2132054354020765
2.185200879538735
2.169040289642207
2.1426310480659394
2.1211152898825505
2.131089296246084
2.133554324959591
2.094511719519339
2.1495296230620435
2.148870598165558
2.215257691876215
0.2830355439111599
0.9219363646167921
2.141887533970958
2.182286441703809
2.1777476127551436
2.176757012416494
2.173488491883437
2.1177400439383174
2.1861692731020677
2.1696222250657975
2.1504868103985446
2.193649846062359
2.164864267263769
2.1784972970884393
-0.17232437547203863
2.1475321531687688
1.2496119859764105
1.2878557768967551
2.1296345443176334
2.107219803106725
2.1581041382450943
2.161823413266502
2.0851520118343547
2.228969619911421
2.1917614670352368
2.182305736099089
2.173059831734177
2.216940552243412
2.110353905879246
2.179146420980854
2.172495688223802
2.155564258132287
0.2733801482552404
0.9574408708528276
2.1116458438960013
2.185434954084375
2.221610622879743
2.1928954428386014
2.2098223372878527
2.169326405809865
2.1631951649264543
-0.17870511231954533
2.191364341892272
2.2127050749109696
2.1808945798708796
0.9420993067974196
2.1593049152371933
2.161633485956088
2.209268226768738
2.175732371541722
0.2775539426829968
2.1549788049376613
2.191502756114594
2.186683649470163
2.2055370423112044
2.1866987948414005
2.1162386501917814
-0.17246281772009853
-0.1630966994937537
0.7843080321205371
2.1777010834185297
0.8448165757010718
0.3331576311939696
2.1567318465730416
2.152646303906164
1.2864798389654655
2.150257154364671
1.2832352599533763
0.2765509558154017
2.190509550331472
2.1906683893185015
2.089990787503766
2.2135315990109596
2.2076141970303604
2.183092016626196
0.33568320459905554
2.196960234620204
1.319402511115221
2.1751270252841484
1.220675081084224
2.151367791290909
2.205457639090761
-0.17158169525880698
2.1848667719549306
2.156365038226734
0.5053726497085439
2.17054423361178
0.9446715735429467
2.211537950804679
0.9207961030537113
0.1727101219265203
-0.16761979642959396
1.249993468665318
2.164358864314737
2.148989890295803
2.2112276819333916
2.1928546206905444
2.1706983616137423
0.21248450899816518
-0.16307156389821775
2.170031647145459
2.20500705553375
2.184184227574048
2.176509399626006
-0.17813369313350247
0.7880631307243963
2.1765785997727614
2.2103734467196032
2.1739787410891056
2.202238873189264
0.27733213945267177
2.1684399177382856
2.1191663471539512
-0.16161425327951123
2.178486267698184
2.1715585016909262
1.2830792130220747
2.168487907800748
2.158454475662733
2.206712812406842
-0.17397914757670652
2.230078229540218
2.173304162556398
1.2528006452985445
2.1815512526276652
0.2806901978577937
2.1780995377165033
2.189839935576696
0.275813318655834
2.181309619523195
0.1169794494201073
2.2029786045548243
2.178753685095595
2.186887650371639
2.1464202872521967
0.2832763571760196
2.184634811943127
2.1979696609860344
2.211446355584659
2.154564038923445
2.1610774266892774
0.27431733091457566
2.1506052921349994
2.19187082257994
2.227891503515177
2.1427986512277815
2.170939305326108
1.2815010844579724
2.145782375855464
1.3005685099792572
2.139714043405519
2.167040620456941
-0.06896866778639746
1.1252814863995009
2.144593779930523
2.1645251163469017
-0.17709200952345944
2.190696629290847
2.1719012522356156
0.27644224847499166
2.1720197538503596
2.058525703102582
0.2822191042297787
2.1896773017791897
-0.18200253532783617
2.2267538117874883
-0.16182632919452333
2.1807449697576815
0.27792342311346085
0.27533035532744693
2.1845877620481753
2.14910680062457
2.205460340971099
0.2756126490325187
2.1740718997544617
0.2732598400327854
2.199138961990675
2.1718525765007453
2.16082942005296
2.173106139132097
0.27793178384563066
0.27361771216717845
2.2136149870264186
1.2369234805594338
2.20394386213343
2.1964761616509385
2.174560987450139
2.1506564569334023
2.19586475564882
2.127574356318073
2.160128243383891
2.134440908129138
2.184036969129273
0.45813177439585584
2.152339856090224
2.22916596502659
2.1364725700700635
2.1956450018130593
0.44440092009447535
2.1745611722185982
2.166179615217512
2.195280157254693
-0.16832115542139395
0.34456645777419004
-0.17117643726900073
2.135769753750579
2.1777966222017557
2.162818609579154
2.1709265386510475
2.1711119405393715
2.126472447557412
2.152569082512458
2.2017434776896843
2.2165806177084955
2.230484328659143
2.16029719549445
2.183731749814621
2.209986463282334
2.178459718372384
0.9629063159757661
2.139641945612895
0.27977954650854864
2.189379223934635
2.1379596731890214
2.1962002701751984
2.1913796270862846
0.7953705284708247
2.1909508308235255
2.195503416817706
0.6609205473385444
2.161717356584436
0.35754417294880375
2.11741530636661
2.135971131284482
2.1771292463204963
2.1687511533147057
2.180548252709103
2.2322586318518924
2.1877363125880254
2.1824736417650374
2.204386799784725
2.203662734258692
2.175655769813357
2.1590973982503816
2.183198317702853
0.27792078321409863
2.185994811321141
2.176932147571427
2.1619821970022186
-0.17236801393119017
0.1785778472330256
0.634079696580152
2.189810755591167
2.162259167183055
2.1852771089974445
2.139716517186206
2.1685676468197936
2.2111001368403804
2.166568085986465
0.270752464185558
1.1691764389516308
2.1842890120339407
2.179250391971406
2.204079063464461
2.198058606040213
2.1546399796640183
2.2116538183312686
2.216976137394851
0.1250100057304921
2.1893154610014114
2.21534338657363
2.1487349228982393
2.195853428734346
2.20811667269826
2.16612133806514
-0.16411398099632282
-0.1604493086392288
0.274408784063727
2.1542203864750387
0.8758850970611467
2.160079579284551
2.207046331052923
2.1894631080074514
2.1918803547720267
2.1678387262836565
2.1793756725952638
2.171843399679101
2.2019189258092347
1.2668490423835532
-0.16948187282862376
1.0940544343330856
2.132768092796744
2.1925059905276534
2.1825280004637913
-0.16462971688035394
2.210503996654741
-0.1702928104212974
0.2772170350154488
2.1867016677249507
2.146545199920859
2.1638596167246718
2.197828477666434
0.2702841644555329
0.43569083808342285
0.27367930968683973
2.208289405503331
2.183064068706281
0.3684326161004567
2.194049499474204
2.1864629784088807
0.2714093125566002
2.172090956986146
2.1701313956196753
2.1348427901095737
2.181003351859764
2.1293224906591064
0.3414409874775344
2.1934019517686094
2.1919420807579293
-0.16951793231820583
0.2725295912640462
2.1729542640618718
0.2793802975263772
2.177966279514676
2.183657001562951
2.1610062408637605
0.2789422823018256
-0.1730053876068653
2.2417553838124427
2.15463013186874
0.6674140734261074
2.1717895079487324
2.174203915940487
1.0891116762109325
0.27327193597948074
2.234218169038239
2.185599888181404
2.189627580814812
2.1518448188007335
2.17293429651527
2.1804156901567167
1.0079454778144517
2.188296217456533
-0.15895440605633016
0.5924974294036012
2.2085327741980754
1.2041171717072174
0.3455938258237532
1.0798950512392682
2.1823572316685174
2.112511145636557
2.188461487057834
2.1794474320724664
-0.17357125265223072
0.27935181165820927
2.148517910712568
2.1658753402633213
2.224619707954753
2.2179387104140704
-0.1774192816492093
2.203930311190325
-0.17299404356265555
0.27295919345050573
2.185304780308332
2.1676868588622518
2.1751352492175435
0.6518444677798159
2.172776483540318
2.202000540914853
0.27584834633952415
2.1405832198470245
2.1946893018805262
2.2087661653012143
2.201697849435866
2.186441110699035
0.2848056799801012
2.2067618206878783
2.1971933079059554
2.1500583315541624
2.1611800837351582
0.28167088744352237
0.16662043889637795
2.1766246278331436
2.2241709199981963
-0.16506992981341162
2.1685825878660205
2.1737345422117604
2.185499459204669
2.1730748983444474
0.20036951813988146
2.1379964510934086
2.179744161870815
2.1702242159809817
2.170059758011421
-0.16561609675040379
2.131973517848401
0.2782397789386441
2.203989911191017
-0.1766549796038367
2.19412750145994
2.1734297916390175
0.27030871438377274
0.27615902235838863
2.1759781416525907
2.178990992570512
2.234628175786151
2.1872738018615046
2.179719244836332
2.1152323874531294
2.1764321656548247
2.2066048216169847
2.165421625528727
2.1416259823391237
0.9595940331762092
2.1518712823538895
2.22466053156537
2.191575492960439
2.1792979179743277
2.1712237489074804
2.2357609027334693
2.215576270650037
2.1408465079094086
1.0780825810902126
2.18710197742075
2.1492652560341945
2.1612001929549516
2.1808506353089054
2.1637201675996574
0.7876240105438377
2.118957021259216
2.1983247234150207
2.198253597082405
2.153659088189303
2.2035550042130643
2.1802724458218643
0.651034248489837
2.1591125907509157
2.1574350348254088
2.1690346725987855
2.151302250796646
2.2007745578102362
2.188979455190653
2.1462893209809266
2.158765052292094
2.1289643006503276
2.2039334064527902
1.3641943066235387
2.1773569928334453
2.16231483508623
2.2067259978001807
2.1233967522664776
2.142309202615186
0.8098393489542512
0.2754647170909409
2.167016014147526
2.1461892612838094
2.1492112054352637
1.2595321007258178
2.157384211266587
2.2111858598363288
1.293590667557519
2.14888133359904
2.1964548123761745
2.1826691538854117
2.1765640957116723
0.1030737510291716
2.1248774227913314
2.162994279633275
2.170524862383197
2.145592658545008
2.16988651344505
2.1630663993008747
2.1569454967504753
2.2078562131877693
2.096704062758221
2.2108391328964254
1.3180154903681758
2.1816296525877097
1.2911444790203106
2.1687298255577896
0.175293574525421
2.1686992378522523
2.1510555730938425
1.262798410836168
2.140699564470241
1.2162888232611284
2.1700323315361474
2.1454606264235005
2.1712874612979656
2.159506183096383
2.2012978813619766
2.2004510269838446
2.1789423280865
0.4382312262180137
2.1731977221796406
2.1615967059628787
2.184622856183407
2.1628518233945746
2.169083736075467
2.1766183961166066
2.1764696325120827
2.2028183785421516
2.1928237110895825
-0.17412979848337856
2.1970421993190845
2.1746962869158306
2.187414507325203
2.195547111021364
2.1638586569719878
0.2740286149489951
2.1715378451947336
2.149332935423982
1.3433413014383289
2.1851226555201295
2.24085260777227
2.2059245053592598
2.2202170346927566
2.171227283473012
2.1734213881728253
0.2793407269915116
2.2140585007575933
2.1770426427013088
2.178330807889152
2.2142253294586913
2.150710734692317
2.2035671837795023
2.2379091068255925
2.1724535547067796
2.145567546785336
1.1227471811697491
2.204877656056196
2.1579347637351853
2.1972091836913545
2.1917365647842897
0.4789107791169232
1.2921444205124524
2.1326869658811254
2.112378977304112
2.174893479938115
2.12331863420311
-0.16602233929716556
0.34540046332084784
2.1955402595587636
2.1717627720736417
0.002136917591838261
2.2063349962933456
2.1573039084540504
2.1570432379092335
2.150602749434765
-0.07107326449963469
2.1761785207405486
2.1694411494225756
2.166470466591731
2.1797990700948966
2.1326341814149594
2.146648948010545
2.1737987970277963
2.156266811933147
2.1794468252681973
2.1927251820096787
0.2715972143267912
2.1787653794985093
2.1896103753074847
2.2221928530806156
2.1840111913379334
2.2018871591789644
2.1588803544887414
2.174729290689136
2.1982440921370885
0.7836251323750261
2.1376885212734167
2.1471349320395623
0.47834438847516747
-0.22273808262464884
2.2162959503170576
0.9545411327357658
1.2096829012823793
2.206004894517326
2.1694122747398654
2.179474294657647
2.1875995193212834
0.2735315283719993
2.2318286721437692
0.2747623172227308
2.203827350667323
2.203120001598493
2.1709110203479343
0.26906644843434036
2.1769421109770466
2.1982901086674596
2.1764486441428867
2.1987461084051594
2.2085751890317695
2.147959911908952
2.1844841202061542
2.1324638960600124
2.094929737609442
2.17079295144345
2.205056510465269
2.1817637212943652
2.2066384162989268
2.2193757504765106
2.1764064400768066
2.1725559580580773
2.165939511016915
-0.21863800807733944
2.1747361538089205
2.158695927531736
2.1934815789645126
2.15905181875816
2.1855984290635444
2.2316122847157756
2.20663318948856
2.1927878349510137
2.1614606611629434
1.285029898039394
2.1715203744055165
-0.1780184862478899
2.1434476120111756
-0.1744789802956748
2.188033702651509
2.2299993103580977
0.004195392642792672
2.1821747202071027
2.173754523378206
2.164107765827824
2.1693075122141448
2.175373432312769
2.183243023187175
2.1643796892634
1.3112209225696394
2.1575620555382082
2.22454438112746
2.202953930093311
2.1888832652993555
2.200377775974032
1.2902725464244609
2.1331060758285645
2.1918045404396356
2.179151383154184
2.2016192466684394
2.1896920696030038
1.282629821004534
2.1559365703972224
0.27970490465761355
0.2751697910456054
0.16752966086226484
2.190619869343266
0.3586120625344657
2.160377056822762
2.1680467931583576
0.9689188725320884
0.2756358756378222
0.8140434817625616
2.172599794147536
2.1899250875096095
2.1607308846972515
2.2002427122593335
2.178244777546347
2.1541335349456565
2.230084399665138
2.1416042083565525
2.172324086283284
2.152500595156605
0.42618021138647844
2.209654143038561
2.1432247808265057
-0.17384844567792937
2.216362083352143
2.165160140925592
2.1515905555453108
2.1958597386046996
2.173882155578085
2.1962095332316975
-0.22180122276747916
2.192589521780886
2.139740582202741
2.1506659893662645
2.1786133460092163
2.155631279889143
2.2073360428216353
2.188016149416729
-0.18020844675115336
2.192718172160098
2.1938411717806847
2.179817935343693
2.1392823333623845
2.153270933437708
2.184272123832324
2.174205303346802
2.1596949254773214
2.206442497678838
2.1605958729186807
2.177055945689836
2.127865355237601
0.8005357369285503
2.1718045406151387
0.6717965143895284
2.1976606250832567
2.169793997006387
2.21799962301973
-0.17871660258328165
2.2410394765103803
2.191913286675185
-0.1806718119892214
2.2046988859382424
2.1756589019649235
2.1670536327976953
2.20054860550768
2.1300928429464694
2.1681968737520902
2.182995355730779
0.9893232194378434
2.1940849888909812
2.1694786380040356
2.165846300175289
0.2760266020663994
2.15152146823321
2.1729394646494864
2.1883807154674435
2.1392004026398563
2.1646234271394382
2.1750679987423474
2.184630935880076
1.2948299030133945
2.200348949062135
2.1165448802342484
2.1779674973651146
2.1677279889158756
1.0026571812041303
2.167536674732963
2.210517208474771
2.154212646754817
2.1751593702896184
2.20027523413592
2.156374608860534
2.2254234135211552
2.234504184644366
0.5365150331392583
2.1863652395475457
2.1374128852655856
2.210839035731895
0.2730793562231556
2.1972026030413825
2.178421757123083
0.2743092924201813
-0.17055308776228006
2.1958083000581925
2.1760179735996203
1.1031975455381466
2.1535623543914446
2.1659245237524067
2.1682873720909166
0.35847968196203805
2.110212424590607
2.1875555442582737
2.172413910430051
2.1681418355297057
2.179670716637031
2.163063223718982
2.152751491274355
2.189978179763484
2.1700614953899695
2.200105573665865
2.189869130503727
2.2187847375733583
-0.16589439564520345
1.2914153745594141
-0.1757032370518355
-0.16397042792253755
2.187551293890996
2.2030881095980903
2.188008356352725
2.140567322564837
2.165346535770893
0.27511078275314904
2.1641449408726356
2.183229819779291
2.1366174724774702
-0.18390977135532632
2.172199233137899
-0.1747724171115293
2.1516163367152563
2.1765529329265014
0.6681442829226183
-0.17693919129527685
2.148802049944536
2.1874972464732574
2.195336086920887
2.1797773819533335
2.1549238537119897
2.193079174296687
1.244394393260539
2.150043429748872
2.2179967249199666
2.193270241202823
2.144609565998695
2.1730675725645177
2.1952459455288795
2.163459710424709
0.6032711466364624
2.1871816783249685
2.1123610657059175
2.16746955079396
2.182239935942143
2.176245837642111
2.1805417702207377
2.1819788161435856
2.207554841902822
2.181541364041905
-0.1726019864948476
0.27390254777440304
0.2766127252536099
0.27621672380658385
2.220751485464318
0.6115566666280179
2.0971836184632906
2.172003324944394
0.27733697164642535
2.1459583309474035
2.1838788124038744
-0.17560056388573456
2.177249707174396
2.2239588503509875
2.202275549913335
2.207819186616261
0.27821183182202536
2.136487343250093
1.3364831675254796
-0.0031275150319620137
-0.17061513421716634
0.2759819645339856
2.202110515069016
2.1769894808699273
2.211883722255877
2.189044447887392
2.170653409465506
2.1960233416132207
0.6072038550511795
2.195079370309584
1.115669122568746
0.928747733536663
2.1801871230253758
-0.17268631483345004
0.2762931351383172
2.208664051282697
-0.16931902521566652
0.6218472167387776
0.27291905815130224
-0.17757166812393457
1.1205904665830217
2.1577156397383384
0.27850754237953346
2.1565946053361342
1.2838355807562776
2.1720778133359078
2.1721856763999177
0.9999646836959081
2.18678930364006
0.2856553381096577
2.1687400779289296
-0.16271429489035377
2.182596303007225
2.2023140368145233
2.1819612006121685
0.7882998446792657
0.28108895279402385
1.3070487622811495
2.1590394889096474
2.164395222401756
2.1653043127422693
2.1964507598429193
2.1821893789701825
2.161802891520528
2.1599208369806737
2.1674732995657684
1.0505424274271868
2.156048199076971
2.1547091244420056
2.203187548371299
2.1790118384131505
2.1654745906338517
0.6806640102530637
2.2098233947565755
0.45263930242979533
2.1812007160805917
0.9694392505244723
-0.17047341643491598
0.27793727795990136
2.1991305531177496
2.1893973202296486
2.169751058894896
2.1827473917711417
2.1902820585931035
2.1791979013003018
2.2322070389249737
2.188481852729621
0.17827059264727574
2.180411159160437
0.8032266460909323
0.30708748818810633
2.2065126569178446
2.2014820482722843
0.6974113952610187
2.1600613645887936
2.2150337963466242
2.1901352246999153
0.27600729008216873
0.28602237246438555
-0.16951237257486396
2.217534832081231
2.178001798224983
2.2151988328293726
1.0259593353867098
1.2902284691255146
2.1832223362463403
2.166880634834878
2.180661646651397
-0.30041382193010013
-0.008472072220726101
2.209885377614701
2.1881055947263364
2.1673248839277166
2.147738402391025
2.1947599702954426
2.156112926991438
2.117555522368697
0.8853462944926817
-0.16739643051269965
-0.17183348108076568
2.189943570733522
1.3324857989306127
2.1452787819130363
2.19105577563809
2.1783005408182126
2.194705987426126
0.7833814938061905
2.190619010743342
2.1797602331318267
2.2144141346256516
2.1751181000144775
2.126473789273379
2.1764605555014676
2.2123838251818437
2.232044183569317
2.2081557189432455
2.17637560479748
2.1696825017552444
2.1865108441724113
0.7999953165957141
2.1338694198393515
0.9438469480585767
2.2295013011088036
2.1911174755330265
2.1778352645671717
2.161788574224415
2.159350277112592
2.206209219281366
2.137672355856167
1.222756615020687
2.1955404989389566
2.1673623925312615
2.174559813842448
2.183973527011789
2.2127316603501326
2.1683859325348074
0.15538990257653024
0.8280695195059224
2.2100851409390834
2.1858926183071254
2.1732636323532546
2.1485769804649637
2.190514755039385
2.1912825598986396
2.1856080649512855
2.184904758433471
0.27425702916184136
2.1844743234745616
2.2103506519991853
2.2298107283385797
2.18233290843703
2.161476995893075
2.163020463288678
-0.15848878383878906
2.178438530133104
2.1809451943973555
2.2141064780470083
2.134091256128524
1.2793713561873152
2.193086677771057
2.1462543964480947
2.1712805805420166
2.186107390920004
2.187280525410638
2.15763136886768
2.2186696774571004
2.204362667824464
2.177201526156949
0.16283938730860403
2.2015357834253217
2.188145149150153
2.1951257354534155
2.210074504350624
0.6303665037752467
2.1703899303379113
1.2306105540246446
2.221914277212636
2.1755022718808603
2.172903876521781
2.1952450376541757
2.197180169141879
2.195711774717404
2.213832222558855
-0.1562584502706404
0.323181052749438
2.186755245442334
2.1836730364702555
2.195777681640215
2.1897327010288254
2.1975641520762688
2.2272984238347195
-0.16481350672600034
2.1924583360965477
2.210311394302872
2.2146956563409583
2.1804478074976985
2.1958173899073676
1.3553362327451473
2.2068431710729257
1.0880966066059723
2.20561730493243
2.1651687279589233
2.140490690034496
2.1372362132649467
2.175297231290614
2.1765383742758644
2.2103456881798067
2.1869452275172607
2.1537963359355126
2.179211859411721
0.45543785269158926
2.176603647550733
1.0928839585594723
2.1462973124147586
1.2506988239337116
2.181779149763253
2.19535806381809
2.2034621633572136
2.1455079652279947
2.2023892368044846
2.177766203138373
1.1322611109424257
2.1399334611019984
2.1922639941902746
2.193996964817642
1.109066896756673
2.21936336681083
2.1942317759714705
2.181389007996794
2.177343512283932
-0.16765623001751534
2.2405248156802635
2.22603217110963
2.166736366059533
2.214879664703518
2.182751787550984
-0.17073055946694687
0.9711458320338084
2.219651887798662
-0.1717255441886424
2.242993600284474
2.212078160464281
2.187055719140182
2.158402513841591
2.188379027404718
2.174920464701537
2.20431149866414
2.218550256581896
2.17606216654876
2.1868256473221326
-0.16571621614957321
2.1395070587584226
2.200275924096128
0.4356269620014861
-0.17588655138009385
2.168961546011446
2.2071783010476302
2.2233287518000853
2.1736778772913943
2.123848252677664
2.1956162798042698
0.28460820606542137
1.076766846583904
2.160212186777726
2.1701878273931303
1.2650587054939448
0.2799799253572973
2.1614820580435072
0.2771943350161241
2.1729253646485054
2.1921918787914088
2.1937574454469857
2.1718615919422377
2.1683707017834806
2.192289093594951
2.156132024039426
2.212464863878729
2.1674494498427417
0.2798625551996466
2.1810474353049987
2.208877362426784
2.201756561331048
2.15687712547373
2.1540215481380263
2.201282493856429
1.312253546190796
2.2030632306388176
2.1892592177137504
-0.004183080090349289
0.22732928661734264
2.1965521865959268
2.2108655351026627
2.16955426111286
2.18023135939941
2.201156971946257
2.185417869981066
2.1632290496468487
2.158582220903847
2.213751691727185
2.169839607819396
2.202238813882069
2.2316745884491427
2.1340006373243376
2.1832896051302
2.1996187405624417
2.1802551851922534
2.187371446905021
2.2133873032471083
2.220920591806255
-0.16304151920700263
2.1632062338938605
2.208706278215331
1.1580860418450682
2.1737562300814943
2.184631985318218
2.1835199723429968
2.170817970480875
2.18487897432586
2.2062610956499173
2.203150850514463
0.8338266362670457
1.2979998468039362
2.2117744504113688
-0.16606854334305626
2.177032724319786
2.202794197657008
1.259897906435968
0.6217612501893822
1.313176967952564
2.207822680381673
2.166473406618224
0.4721467685881713
2.174061208718019
2.181710754185887
2.2006157163769524
2.2096510902174322
2.1765384383287887
2.2113155956728305
2.1721123335079797
2.20000617087085
2.188069253524797
0.9555799201928971
2.1177644929140693
2.2104268409713432
-0.16592001335913448
0.6756394556315307
2.163507017211167
2.186618189296208
0.44978102349453
0.2822969145473413
0.2843625066070067
1.2267778574894561
2.1943094858603853
2.1884147650144214
0.27593318311510073
1.1337987843475736
1.1398314164096943
2.2222938213985675
0.17040853903549175
2.1809838715434604
2.1463995350192757
0.2839203083505602
2.2021793361322723
-0.15915115378822037
2.194376204213832
2.2200899905448916
2.1531907611313743
2.204400236318445
-0.1658669157497599
2.198999842676405
-0.1595002649753129
2.1847421455213953
1.0892128066115723
2.1641721159984244
-0.1622378024185787
0.9679507227267998
2.229816195129415
2.196461624399422
2.1394729749936454
2.18899018233923
2.1193593146931615
1.3021523526826584
2.1820864124509556
2.2217606934659515
2.2112835342573494
2.2023100095146844
0.27758684459268923
2.2077022113013407
2.151078505972151
2.1895497117983593
1.3330187438893601
2.2051100503109238
0.28104518347110546
-0.16534594435567215
2.1803383208449825
2.232243220981725
2.2095411282336226
2.1878736617155736
2.1904648593012226
-0.1697437431598658
2.1605759531161444
0.003505314035032292
2.1718675286281566
2.203108365430391
2.230481702912995
2.2377298702935926
2.174509743986991
2.1872725197382845
2.1869381662023075
0.27929027951834506
0.2788990170810033
2.2157087820235732
0.1823610326117826
2.188742793175691
-0.1679657798599619
2.1812966128482203
2.164795658347489
-0.1632960044651289
0.2815183022928597
1.1308483653049946
2.186600610138284
2.1941872064691657
0.27928429371560404
2.206098771164874
2.226002288548896
1.2669593280698315
2.1797476258155393
0.2803639245034888
2.1605515956292987
-0.6599752221955809
2.155076848434237
2.1889567455243846
2.2008077257512926
2.181253660092954
2.2032568507524832
-0.16534989186663063
2.209241895103041
2.220152369207006
1.2609389487763867
2.191238913706079
2.1407423436732107
2.1839615538201564
2.2005888180382485
0.4554963239154688
2.2165748280876016
2.1638357893120403
2.16373245918945
2.182132208409789
2.1920139986647036
0.3462184602415515
2.1352395826207817
2.2160583891221766
2.181604836848707
0.28011610105252743
2.194130408639343
2.222082024802708
0.45577059014090526
2.1568021489476195
2.1725140602507427
2.19576748458058
2.204474289314745
2.2012581051937223
2.1709810525870887
-0.16567298006025202
2.178763298580536
2.1822938043936215
2.182579707122247
2.2040413832075094
2.2045087128471206
2.204676803413368
2.192255047441282
0.7968935094346029
2.1878834779502023
2.178635093786293
0.7242052139195256
2.1769271676503434
2.179171523058846
2.2211538856688313
2.1652730465427634
2.1908159974092003
2.2114745443813146
-0.1587803376836612
2.208690150458381
2.1731834584537175
2.167679757422065
2.1885154654708683
2.202640191484834
0.28219535802141277
2.207735989004639
2.2017755987077416
2.1622880780999276
2.1913403680531984
2.1652234700928172
0.27441159371009405
0.44831215217418574
2.1774140957804313
0.6123992695791657
1.3365166166686953
1.1964164198326643
2.2111341926174806
2.1764992725275336
2.1820120354915833
2.1798390775425784
0.9758655498845683
2.2173177968513613
2.1784665102811642
0.01830323383230159
0.28186974371184065
2.2004081034459295
2.1735590820430915
2.1359453170745972
2.1935655998849595
-0.17571730608241976
2.160710803476406
2.2030965918305077
2.149849322306493
2.2312795943635266
2.2006478921771775
2.1858859653053484
2.175249592352274
2.183327717974471
2.2196200967747903
2.2013771565087583
0.11516911537830779
2.2210076162561467
2.1964041896556337
2.2224913461901306
2.2041724793690443
2.2067877273479284
2.149984309715085
2.2112419015866216
-0.16765344564391838
2.2046929216336464
2.228678081210658
2.1576272689119613
2.1582033873132453
0.28478879800091383
-0.1757101354207654
2.192942414897942
2.1842131512151353
2.2133777042098393
2.163517910321971
2.2067021452731996
1.121536948583491
2.1907447285609685
2.1924622401500824
-0.6720913426564833
2.157600551254453
2.097232673973615
2.159574176466486
2.2165009791207946
0.283797186970604
0.27172887718102395
2.1716343536190745
-0.16890210598698946
2.200319367736755
2.187619754875329
2.223388934097119
2.204423021227841
2.217626598121412
2.221785560000476
2.1933188137437174
0.4888640026213937
0.8593349654031999
2.1571442041373228
2.1676621022953677
2.205224052458871
0.2813711356821992
0.2834805260358501
2.1760661296110264
1.2715340689462502
1.33875545993584
2.1771750430190027
2.221274990327471
2.1881195674930156
2.0989223103536654
-0.008562306602313469
2.1373525922920815
-0.17301573775701978
2.198808397625972
2.2202253308509916
2.181991133762758
2.177389188749264
2.1908877620762848
2.165156729716382
2.1709366644882415
2.2084835800614964
2.200829779895374
2.1590621197236217
2.1554778852520458
2.158958605997726
0.6228602992021411
2.190092948387552
2.1304749947757333
2.165175329704394
2.2021596479172683
2.150714257547592
2.16109409009453
2.170686114161862
2.150580515197556
2.172242401725921
2.1703747952849577
2.19955237466549
2.164786237445465
2.191225761540842
2.1929836049267246
2.127253621354975
2.1690421055003246
2.1684124773987943
2.1396772829193464
2.1801255512837874
2.1850314887989537
2.1523684125427573
2.1937719235503472
2.1724697716567336
2.176588737410117
2.1747112435909637
2.1707060858066813
2.1830288680180026
2.217750195063797
0.15239791672965525
2.12437298193728
2.1815603706714337
2.2050140915660843
1.303192753862897
2.189461044702342
-0.16390954817457432
2.2076242046130816
-0.01296051866154213
1.15358815242964
2.182840204477986
2.2245665379525947
2.199248201032277
2.203473668897511
2.1816404716071283
2.1723094601179116
2.1913035839911865
2.1826454381507947
2.207981491606578
2.1765883767980827
2.173374005126058
2.191159243603202
0.28760778829207523
0.4151093401272801
2.1757430257688055
2.178514875678885
2.2158768522537833
2.2120792536875156
2.1539935509920145
2.2020039583760536
-0.15793516242657452
2.185216679943487
2.214608512795408
2.20432277071708
2.19724798666753
2.154762820116833
2.182846778592594
0.26956337506723205
1.1684791457722792
2.2019101647541612
2.169497157673054
2.179306473005583
2.1633920858727875
2.237669501914916
2.2274053752552954
2.1534061920084304
2.181063895462881
2.1849448254466513
2.1505242753425327
2.1482300373244354
2.1837336968494703
0.27907650540645396
2.201808316838753
2.187986615581435
2.174119933027283
2.2020774147149935
2.1777627288536996
2.2031963585864918
2.1477867994781197
2.186686927140344
2.219733986915719
2.1749078453325037
2.1519081702034373
2.1978924043219585
2.2197088151966953
2.1853126077482443
2.2165629060101217
2.190097052544432
2.1991827826326205
2.1858115321495686
2.189268468967164
2.1552143451776655
2.1793365051801032
0.27771642016833015
0.15148212979583486
2.2148921577494347
2.148940988130887
2.156234346441062
2.1689320118444577
0.7286974246176059
0.585764914176542
2.2096517893364225
2.199572153322328
2.2209820578889277
2.211189535334664
1.0882200942959215
2.197135668261173
2.163386183089181
1.1473275165063814
2.1933903826709136
2.1984511378974005
2.200751418267508
0.6998786513012563
2.16833419340005
2.1900154352119436
2.177562410844807
0.6738876499974029
2.2072516158486697
2.2281537692897033
0.8048927749045786
2.1636275958052
2.2032206439050634
2.170292971156412
2.200526399447017
2.181869580819695
0.5229151083516677
2.185069369873592
2.189903696290648
2.1967282811046642
2.1301556917833215
2.188558873030433
2.1960717786188932
2.2288742040077127
2.159249038218981
2.188026729329608
2.2196098336205523
0.48746850944200537
2.194880340749983
0.6527360969452947
2.178055921000267
2.172013487710083
2.196776635138841
2.1612231191219458
2.1203416167498865
2.215182894117779
2.182803413385156
0.5511819834508009
-0.17121310601224485
2.216785143335686
2.1548658431584897
2.1962491006498475
2.1647215273332265
2.188338100164239
0.2049275937914599
2.214552660919481
2.160890578835757
2.182826271927678
-0.16635957458196476
0.00010723483643271248
2.198253180543597
2.1711239423893005
1.2649217761312619
2.1929291984556967
2.190059621751262
2.190658273331703
2.159021656324498
2.1808988763376287
1.1966239493039268
2.1992732406710425
2.217122955756884
2.1795194605299777
2.1741014231781737
2.174345535651392
2.1892749398586298
2.1764421659288624
2.198397416623699
-0.16122277839578045
0.20753704100663944
2.1798107010918257
2.1664034828892067
2.144692312496737
2.128777980501204
2.173010164194044
2.192571472536282
2.1406478444061845
2.21862816941054
2.189728434278595
2.1793000287185094
2.211858480171237
2.1667953349047377
2.206412913895698
2.2257819165158765
2.195663106335334
2.189916160750193
0.27988979015211457
2.1472912475081896
0.27536524230712783
2.181737811748037
2.2065491420245547
2.1922109182425644
2.172870731239083
2.2093711447134416
1.1959389908871023
2.1508811969187938
2.1664925405969315
1.2959498741811555
2.1469991666971886
2.183377647862006
2.173913088279111
1.1839915681106243
2.218834882068885
2.1769237095204708
2.1660654053512545
2.209846434989883
2.15932177964715
2.2070557732433986
2.1755196646345354
2.1753528647884393
2.186808040648434
2.188755329762113
2.1900079624105375
2.1509632716007423
2.17095146062778
2.207737811541829
1.1749263304404927
2.210324925888764
2.179310760383425
2.1175835953214506
2.141753041950338
2.1876537289724007
2.1666844199640636
2.1900954753517965
0.041468492781911614
1.311014138389088
2.1592509170848215
2.1402498128047975
2.2037991433614175
0.2784590551450252
-0.21531641336630836
2.1968819969862725
2.177313536743322
2.1720174713057148
2.1518852993097024
2.2036844567930998
2.1803402251801027
2.191494239800178
1.0917973044990845
2.201551734433659
2.1815504036279636
2.1798887273548244
2.1883382785220573
2.178417916368279
2.2148318383856704
2.1858410108681023
2.174737215209362
-0.1609896379711394
2.181952224844008
2.1980605293445503
2.185616303976869
-0.2167210248900504
2.2060052641081844
2.1852394243883264
2.2277640158438916
2.1664649023192535
2.1852887073419924
2.2040608741888232
1.32528539771329
1.2998019283079434
2.207281512666017
2.196706250453888
2.1758841993014317
2.1399688448074023
2.186646001760483
2.2029508690352193
-0.1692324305630134
-0.15764580305886897
2.212494657332717
2.1979628274470433
2.2169297902944907
0.8950030376775701
2.1916761504890063
2.1083564626183433
2.225388113730063
2.1880936900107484
2.219594393532679
2.184456412578493
2.185348612175491
2.1974808392169396
-0.008678306102973932
2.180709369639643
2.1896287167048953
2.103347721438045
2.1906304141174493
2.195897066732292
0.9526329780702936
1.3045800455711072
2.1876120225040134
2.1899809953125677
0.280372515172895
1.2247786965268295
2.151027845477695
2.1805099491484494
2.212685502678431
2.1984168596688383
2.1753973313907107
2.1770847109319487
2.167148797317361
-0.21681591448320733
2.1825100114215332
2.2033036166251954
2.1981851323772754
2.2137264213520784
2.1850095526290563
2.1835946645086555
0.2740256730336334
2.1959014677427646
2.192492709904698
0.34687415083093553
-0.1733275534513372
2.213633515959918
0.4473167045493571
2.2037724059199433
2.1852407013191133
2.208335803046838
2.1868768296542442
2.1949550085270264
2.234074569435167
2.1412889911777606
2.16759242384587
2.1085274818103787
2.204816431510194
1.3694688232241046
2.2003530182015156
2.2447051282681567
1.270269640438247
0.28485284061018934
2.14321436160849
2.179725879784187
2.1980988827553802
2.2195143216028157
2.1704095325090087
2.168000690957997
2.1948317208848827
2.1781501293786776
2.197142288327318
2.20727258824705
2.1806164373453596
2.1810424105888786
2.1509196540056523
2.195281657633783
2.1852216346221303
2.1746490393771314
2.164549974607488
2.1937026258313974
0.6449347911604677
2.205613067520898
2.210111562940431
2.189543987555333
1.3077664441776478
2.1849175528503797
2.1220566737999706
2.181331837200087
2.189123194579852
2.1797493874993803
2.1894956611296816
2.1710265530455723
2.1336125740742915
2.19827426792916
1.2550673809397206
2.1676946905353485
2.210193879817619
2.1845178038104534
2.193398574767841
2.1447810791486575
2.2019700604449737
2.1604361387963373
2.1642804538446545
-0.1625000073904424
0.8647062468293674
2.2113526370201217
2.1668855104094003
2.1958277389247725
0.12977436476738047
2.2115474202275176
2.188664000777397
0.28056984094443743
2.179160604539547
1.2866303454287351
2.2179599886636945
2.2055271648507415
2.188683176834939
2.205839899025571
0.45584196493591517
2.2396110240188865
2.209795683832655
2.2157632298661003
0.3774734827950554
0.2835683048286081
2.178837163416517
2.1975362802242326
-0.16581933154930636
2.175999220262738
0.6368883182525229
-0.16017406794518782
1.1008982484790273
2.1978078723353667
2.178008238340731
2.238777431940109
0.2785590180471039
2.1848756956704714
2.19565869842684
2.1898138819445148
2.2358778156095243
2.14411328418138
2.2109877153374153
2.2031883627534707
2.21894256766105
2.1536231753897
2.1991999713345876
2.181241053854234
2.22012532477587
2.192429576261458
2.183115574571713
2.2027900316960323
2.159578694285128
2.100805499323076
2.2026356446068065
2.22040512853313
0.9787808651283421
-0.16989532860154344
2.1902078007451875
2.1793247666905744
2.1934257501082683
2.194509428180461
2.140427314728989
2.214535913120022
2.1972562363424073
2.2152844139066015
1.2617447318321569
2.1798692352767643
2.2241878167245908
2.217115116498713
-0.21593732615573846
2.21850489314941
2.172792124514995
2.1989066894691875
1.0964322157052337
2.222130589912066
2.1656334425892
2.2197514731100405
0.27784668688901415
0.44597366555854
-0.16819489176114533
2.134098714902079
2.191457368852734
2.213340517929967
2.168418598382402
2.1885190381746744
2.1699577541621675
2.1723027426432404
2.1774350705359593
1.0497142329919573
0.8334121400543383
2.193488153582064
2.238798378573184
-0.6611431012151918
0.8468917897000154
2.207410521610961
-0.16365564735426544
2.1339980347955914
2.16217598174633
2.1533957343949752
2.212517931525724
2.1757831740532145
2.2172921328747894
2.2049034900743045
2.196065452236243
2.156088722058049
2.223746423907093
0.2809004220058524
2.2345591861384593
2.1707843942452456
0.4568620205760409
2.1980980577851983
0.7143105507478118
2.213423872706528
2.2025750710695347
2.2361838199880335
2.204301546912853
2.1419049883158348
2.1353107225772585
0.37960550453605346
2.221724913939443
2.214535056738245
1.3586113731455176
2.1747895305455356
2.1325486849145046
2.1981972433348407
2.1800553896427437
2.184768542067409
2.1870900053373465
2.211684123204943
2.186633773596772
2.2118635269956406
0.8022090111957618
2.215186094603154
2.1860045345681964
0.767472631969121
1.3008585802903623
1.1264379969368712
2.180809007529117
2.2157736811387743
2.161683871870289
2.2273270427134912
0.9109324073774406
2.1840391785332125
2.1712986243346424
2.183246606446979
2.1346647882263525
2.1984324315613097
2.173282075153855
2.178246942615998
2.1774222650362116
2.2188559279758557
2.1612894453452913
2.2000574779703745
2.1657722670509765
2.1534136035220826
2.1940948445366386
2.1767129122776527
2.185339472402741
2.229244182024293
2.215069604495792
2.1493388309076202
2.178270134582864
2.1968545197918363
2.1761450483350244
2.2292150502801578
2.189815049049794
0.9670954512916177
2.225487134149497
2.1807947980199653
2.184823374600036
2.18144531173488
2.1573753420888995
2.1935966774061813
2.182832441001068
2.177088853151008
2.1916462142918647
2.1385465106544697
2.189395973600176
2.1945839354925045
2.167353599165359
2.1768497176090786
2.180798518233016
0.39748990823144514
2.1855764714851573
2.1967665530794434
2.184242542934488
2.182923600839124
0.284394074260137
1.1886119824767178
1.315818381967414
2.1524704043435148
2.185162584432247
0.7388874865399923
0.3010732425732833
2.1662055311803137
2.1308050804033902
2.1872474025933952
2.172548455414517
2.185897387183542
2.2012318444320345
2.185869743114644
2.1934384119676893
2.173615746350265
2.1936818871437342
2.150522426427253
2.196350446028037
2.179522874076235
2.196914191935634
2.1837563477083872
2.1438859166879576
2.1711308744610887
2.163196893848224
0.17703518454925893
2.169094556013528
2.1714481557731062
2.1725770807976024
2.1984123882751194
1.2342355637709272
2.187116540652556
2.1868011384627133
2.180663660253064
0.15942807603080678
1.2432171495708522
2.107087473555211
2.1950022736284147
0.09595513249407583
2.200406847016182
1.3217019543562696
2.1538546124751363
2.190275600526097
2.1750053171364367
0.9333922755931563
2.200400824859777
2.2388819262814352
2.2065743287844635
1.1303029765379642
2.166787260516508
2.174218441798173
2.142430969687636
2.185443710232599
2.1585591748922135
0.6043967181368548
0.27688736621353827
0.27930902161100996
2.1863304727725823
0.1149178247436139
2.2115497979872396
2.17935627031327
2.1810765983143687
2.178090879918884
2.18836064138739
2.1660910710507526
2.231183553849323
2.1649081229351728
1.103998375020749
2.1601891641731865
2.1734412861273507
2.200772948442393
2.1606427978823577
2.1676962559946658
2.1833425803387474
2.135482198718126
2.212893003173516
2.1574620510799
2.20033687717517
2.2157222115558466
2.151217160928014
2.175310665103851
2.217688922851522
2.15699012134933
2.209754874795088
2.1917097400422554
2.179350162108142
2.2256006989142514
2.1809313535788055
2.198002176620025
2.178437678384947
2.176498013936212
2.187809047393458
2.179617856202337
1.075630238596668
2.2073720080052444
2.185445267199545
2.1898884034794275
2.2137108379478327
2.221851305368265
2.1769010073664967
2.205708331483325
1.3265007656407113
2.206678363126268
2.186762771699439
2.2054885468075733
2.1809198141373476
2.178759669520172
2.1915562578568455
2.158766015877335
0.40351817683076746
2.194418807817424
2.1959003063886295
2.1798038298992117
2.1721027395332326
2.21727277306011
2.187939709700178
2.2005408169498333
2.2003832208655103
2.18832109516522
2.1753800367015703
2.200142500489297
2.2319303520581544
0.09368646982020973
2.1493653165754303
2.194184469755908
2.155060320892227
2.1860160838646827
2.1811152520639325
2.1753973630107586
2.1537615128595076
2.164257187480441
2.1638153667589353
2.178127608623975
1.1914769886116585
2.174668754238316
2.179914249381665
2.203046183114674
2.180117958739526
2.1839465078254827
1.1555785658368751
2.1893329042966854
2.1774635303651095
2.174712260842206
2.1775729241760216
2.1919051609681786
0.8395960099091206
0.8148109853068073
2.1839288155885335
2.2107085067546652
0.5404231701117872
2.2032135257795105
2.198981164849653
2.2053510478232488
2.1414019777392923
2.159855982203032
2.2165553254942196
2.170150441456777
1.2511531437022758
1.3232057437343414
0.5010281459018753
2.157948238148702
2.184468564783868
2.176181034418304
2.1687670008841007
2.1577894964074575
0.794092746640013
2.205295715082734
2.117269770258326
2.2035576751368624
2.1940957205314806
2.214836597473016
2.2151690530754267
2.1693733394181622
2.171251594029785
2.1832204158044557
2.180127350689896
2.2085386745036484
0.9972416859406922
2.179688952704062
1.310345568855391
2.1543838489803004
2.167530849654841
1.2641101145782574
2.2134587232115606
2.156400795197235
2.1621627435470683
2.1696143391757277
2.188467065945046
2.1578834318197435
2.1937897159647046
2.1768221329353565
2.2375934354473976
1.2926258188618023
2.15241080540654
2.198546476617614
0.600383906991582
2.1804422274479762
-0.17209399283595558
1.3153453329951406
2.176302149148673
2.1202320825312295
2.2305608288151744
2.1893390473703915
2.1712739396650207
2.205462703702499
2.1593643002336047
2.2121747901571975
2.1801952729756797
2.185113530672661
2.169154090589755
2.1930612528811886
2.182629863957155
0.27790967225489815
2.1788298505738743
2.2009113415567714
0.6907007350156509
2.1790616328019636
2.175513541783696
2.1508719524874236
2.1766895696293864
2.1981736492753927
2.2079672175646867
2.192493163777538
2.179626354156075
2.20007656988846
0.837450312432469
2.174565901435655
2.2016668138002222
-0.17374783236952412
2.1598450663931255
2.187442611017926
2.19463215730628
2.1343098623377283
2.1632445191741105
2.2210680710293333
2.189611355764624
0.2801869951843415
2.1433505384059077
2.2160180586948526
1.1759950910008448
0.004047912304609991
2.245023604097923
2.19922759029894
2.1956548390812554
2.2041952327177476
0.9059062528053816
2.181269194319526
2.2128698224636834
2.1872631506193576
2.1691329688351986
2.18453591727729
2.2070552757127393
2.1561498185977754
2.2008434068353724
2.126864731693031
2.2100659026307286
2.1507774738815804
0.16593658293591895
-0.1558155879678305
2.189774362844648
2.1504284375436598
2.2282291202802065
2.1770956180949854
2.2069830840133817
2.2191266113832477
2.1592972648659168
2.1954560978693403
0.8328870522972761
2.170886575355326
2.2031048937449826
2.170698485994568
2.1850590996579466
2.2301960188980914
2.195518319210068
2.2132360069123678
2.1805133555998095
2.22032147694056
2.1948701086091917
2.1834432973112192
2.207222195055839
2.1936717320837014
2.1952559347628915
2.16544407859394
2.1708210375972037
2.201646785721808
2.2141192851150033
2.183580321681439
2.1912640687463174
-0.1597874147368515
2.1514148215709348
2.1893137996305883
-0.22908396429069325
2.1738660975390256
2.191925505750456
2.2006440923670936
2.1941902513190907
2.203199682206458
2.185629478028847
-0.16641742147491995
2.1557305661902832
2.2059354934223503
2.1728389933619314
2.208832801812784
2.206417305036936
2.1741934934509937
2.155571568621398
0.1893336369944641
2.189682248721142
2.174974128839618
-0.15700041118100425
0.5309932927479086
2.1743328015117562
1.2711280382390182
2.1924031942976785
2.1520264434744716
2.2150542008699725
2.216128821236566
2.2170228240210115
2.183935359929654
2.1917824896516844
2.2022684309444687
2.1633959667349987
2.1601559559251404
2.138749306006013
2.16280768043519
2.186478323205561
2.2029538620692053
2.1922621090828907
2.1854267613408336
2.2057635771800244
2.179802644633905
2.198026744542641
2.213129222636784
0.2865609794320426
2.146517222877999
2.1459792701762153
2.1812200985087564
0.17270129069898937
2.1789350693354317
2.2079406837026436
2.181609647704183
2.178738679720434
0.27728331916591964
-0.16674655327629676
2.181294534506584
0.44309749008957355
0.2793814495405832
2.1941124504288467
2.1816258045855585
0.28303552469161114
2.1390417689417904
2.2167020236372923
2.1279737888379633
-0.16218541080010562
2.1867666041256664
2.1279462894100387
2.2071903603373553
0.2781249163268238
2.1815491041904167
2.1698598305924564
2.1906362573596647
2.2220080143255037
1.2733621849286354
2.21923181478063
2.166505803805171
2.148998299061848
0.27494547288363536
2.2174155525798764
0.17556757655852456
2.173244687242597
2.148021088410692
2.1847209295453403
2.172201552822102
2.197650700622672
2.2142646764694023
2.2127583468697223
2.194295817480624
2.1837654146519343
-0.1660398473775881
2.1219296394800224
2.1710731508215995
2.1790514987104985
2.154870767416029
2.206992654433089
2.197896824284966
2.171927404156401
2.1418706333139887
2.1979151398266104
2.1637618297079007
0.45775320186764373
2.1834769555469666
2.1780933048893063
0.342395231726629
0.6596526212645999
2.1867901126427958
0.276033312546771
0.28498261946119696
2.147901486447349
2.191610797885752
2.1963595688031563
2.1840783384216422
2.176539783123914
-0.22394815047541025
2.179429027909644
0.0005013877545326229
0.4497176943787727
2.216483809681189
2.1560441071588383
2.171104141021407
-0.17585806791371658
2.1852969784213636
2.2101716586488727
0.28660262377936946
2.1978415415716777
2.1880117826005665
2.1458210726644444
1.3022242288519252
2.1708692107494376
0.3816003244959877
2.192586915290747
2.2010060111637575
2.1840774777825316
2.1164874445639454
2.1842211351937273
0.44531850951946184
1.3080955987044336
-0.6674368312301591
2.186153199129693
2.2083890872219607
2.2177251877839783
0.9776505525224527
2.1950844965451104
2.2126372560536884
2.1799814481824473
2.1698752669033268
2.208879511273455
2.1767978121539535
2.1657271052277784
2.1878625113937735
1.3232314183577902
1.141341209748402
2.217909188480709
2.226409816328022
2.1958969739226224
2.194162079420148
2.242949384321382
2.176653021951985
2.189948824348768
2.1732447444586165
2.243067050956838
2.2223098394198377
2.1999412238462295
2.1976021855390497
2.201547736467118
2.1936848022754516
2.203532388043719
2.2122565501140965
2.2027158796725814
2.1731543329922456
1.2714698085561502
2.181712525691874
2.2187753350851813
2.2091845459790447
2.1882855752512205
2.217623418036765
2.1972104157805386
2.2104722311032483
2.209037296762312
1.273312993538529
0.19667149216826868
0.31543700867797436
2.2144309458525546
2.1957790888289996
2.189091030631607
2.233226836962838
2.2212126856926
2.222907951536777
2.2046731018358545
2.199176589501718
2.214164596282167
2.2328880145592067
2.228226300061131
1.281160904199633
0.013804585267093383
2.1963783532368844
2.1910244477169254
2.199301822464097
2.202707147420999
2.198017308620053
2.2138342761311347
2.1783121944778134
2.1974667177050824
2.1934169251397826
1.2670924483871235
2.192331996095761
0.28447161530052145
2.226526680460529
2.2580115676116566
2.208418925923829
2.197438031157285
2.2062593836454503
2.1944227945809867
0.008895520009141733
2.2095353126909223
2.2062452154951258
2.224739720507539
2.1690779590595417
2.2218796100575346
2.1969148757548256
2.2036833202888495
2.2390836342052394
2.1678812650503883
1.3365001785956492
2.177262230559387
2.2121278337008623
2.183738613936785
-0.3164914187560811
1.2577778830099735
2.177531097661591
2.199416498125202
2.2047732792153103
2.2108394028966023
2.1882233111191205
2.1231768452527735
2.203211407804117
2.229886581306668
2.1590211804450905
-0.6593410325704019
2.2162976220563166
2.191496767129184
0.6887820903309172
2.1895658557678734
2.191878487121934
2.204003757494206
2.240574143936483
2.2124123672680494
0.28649521703336733
2.223153433994872
2.1987862812009658
2.1781428104694815
2.2233934987783677
2.2406903001751157
0.6273274447282458
2.1754457119761343
2.1854113823272474
2.217833968594872
2.2439494992761704
0.7487949943969325
2.1830859736068713
2.210770750072302
2.234876383781611
2.1978824015177247
2.2093848873760047
2.2036170047048502
2.1827188420532386
2.1931202447692795
2.2118364435698834
2.22423492037643
0.1851634934316898
-0.03942435091457569
2.1993870611566715
2.188261862214741
2.19265309554848
2.2048351906444443
2.1939951785383904
2.236127104518592
2.2369664820484836
0.45422994685307294
2.214104659622417
2.1990489743525385
0.9114623077989242
2.1612389067345186
2.197100416013509
2.203233149023907
2.1965217776979657
2.2116548150757405
2.230127289467351
2.158929645185104
0.292207249338154
2.2268120807320058
2.205385729285463
2.2106171731637203
2.226135032669839
2.1621749485258035
2.201953918517197
0.12232637469496044
2.21802657102588
2.1968015068266205
2.2094938371407413
2.1994443135616457
0.7953590155576691
1.2465669620614552
2.1948015235745864
2.20275559623651
2.23781281872436
2.206020291501945
2.212725757247078
2.202538418778063
2.1255829581561922
2.216998463671015
2.1556586219395433
2.1877172484086933
2.174149549972409
2.201351362179378
2.172273173518206
2.2026839078139093
2.1952282415186213
2.21505685591003
2.2023660501175852
2.1885181023535933
2.2228909283372538
2.1684284877538045
0.2565753731866005
2.210844004355733
1.0342109874375596
1.3570754325934855
2.236086721388536
2.178569718461624
2.1878935451391417
2.1937117535079924
0.28986228046020895
2.195787095745473
2.1652554969171276
2.2020115508947833
0.8845726166730075
2.23822255654615
2.2190110149867603
2.1810925939009875
2.2190919217037406
2.1854391556028423
2.223717382281922
0.35878300625839465
2.1761438363686
2.2176974221106116
2.227376799140634
2.1895216416937893
2.2142605868246936
2.246547277888443
1.3433002642436966
2.212097556832166
2.170830856296418
2.180563975159114
1.2729801041214281
2.191365014038144
2.1888094998703242
0.7642281343937418
2.190838669747794
2.2334523040824856
2.2059267851158912
2.184001820887764
2.1796556187524705
2.2202265343028706
2.1864644692762933
2.1830047779683834
2.1924615516984494
2.211150763253389
2.2030670864092876
2.1904281048819643
2.2141136618834967
2.1416771897563556
2.170219571031037
2.238060330008085
0.201555636590612
2.2150850277119876
2.219137674866274
2.205508281637483
2.2431288936726785
2.231936863834903
2.1942132752421672
2.1604608394777784
2.1820669121486973
2.212135797146795
2.173195555012366
2.1563363329818874
2.200584218806233
2.1826132590370375
2.216255863227992
-0.16363234941796911
0.7902587779439675
0.18874318651555744
0.9917113034440905
2.2083264608171778
2.2177549212392025
2.179030239151477
2.135133159981076
2.2115445398042852
2.1735021464870408
2.197849936700421
2.171894826084157
2.224774689962537
2.1932128920706706
2.1725714009800194
2.1949984001352245
2.1963220192749073
2.2092198961266885
0.21925564150725876
2.1918475180427666
2.142375896830477
1.2311238538622402
0.8186411913086775
1.1581781038646943
1.2582263647633587
2.1942511618439107
0.28257316253632714
2.2184527874514686
2.1816410527504293
2.1941628585986517
2.168020275193768
0.26768205937847606
2.2033540101453752
2.222749483405886
2.209028780799352
2.2103937621890797
2.2328944142036162
2.2082192027306626
2.178510850365097
2.184711651843501
2.2379693339088993
0.9711411840756217
2.217022353777197
2.204296047008353
2.159950719882823
2.1857019625830176
2.177273731137219
2.2273950970983445
0.7576774280739823
1.0992711967326698
2.1837405166280703
2.086214390239519
2.1877305233927755
2.185110318638391
2.2255134998174437
2.2160401108221395
2.1457761849578265
2.1728220709834494
2.165973617911332
2.202785974561504
2.185120574360459
2.1774220004489733
2.2146784409038704
2.207173634994517
-0.1648311933039607
2.1818689447235156
2.199744541661086
2.206785672008684
2.114748440577165
1.120828992581977
2.2180806462255114
2.2172947739940803
2.2258684040637764
0.469014169926553
2.2174127504462984
2.199606046406038
2.229644836132597
2.2331457747479915
2.2049087317144194
2.195954174392723
2.190734837843127
0.9762467065889889
2.2144621720088353
2.1872930272369477
0.8363143570772646
2.193971281040482
2.221496280406449
2.214117164279502
2.2101562391374583
2.221817940527539
2.2300451945465127
2.1296526716545934
2.205729652638251
2.2042538076504092
2.19113415387537
2.1980357541902724
2.1836750688263913
2.1992660831852886
2.205300643809772
2.1960573972457538
0.283141546516133
2.2091579819376936
1.3353085699869638
-0.168919129256465
2.201632014521485
2.1737670569013123
1.3313329604552078
2.1395207487313366
-0.16307444724417103
2.1794716949070683
2.1909146444825316
2.2067573399676466
0.5405750090003705
2.187979028517626
2.1856733399268755
2.2192632735356854
2.2099538094685025
2.1915757874970936
2.1850955208929346
2.210370160908176
2.1729638798470434
2.1959353698683186
2.198293175155368
2.220876072606708
2.2223412421594375
1.3407473546635658
2.200995449016178
2.1833465930252727
2.185593048246073
-0.1595489803384625
2.1980368054991204
-0.16479441144119567
0.4577629073881462
2.2116393157817376
2.2073654809950094
2.178524234576757
2.20930050449498
0.48048745872236226
2.235060590158881
2.21338452828184
1.3317689672016184
2.146853704167192
2.1923912023367205
2.2199831541356136
2.2044131964188667
2.1971864042932965
2.1817549202030175
2.1998875273878995
2.193085105434032
2.2086932559448735
2.2006388985336987
1.364620032629447
2.198195727174748
2.204118259167128
2.200203069020013
-0.009323119979830208
2.2021489450326834
2.215958938133356
2.1800465658307653
1.3755189088473756
2.227264538185871
2.2029446697424175
2.200758909468573
0.28140527365740675
2.1975046110501637
2.2212141551829143
-0.16233080357697965
2.208936959576464
2.2001763049746983
2.218484975641766
2.2132851320130373
2.2203304375904294
0.29134440492903313
2.240515210213322
2.187860680734641
2.189926323725516
1.1332406456978663
2.1914725716308507
2.20597941654663
2.1520465258233474
1.3238156032831374
2.198215748412272
2.14253337403723
2.2416019990096103
2.214420124123754
2.2275576004228705
2.1630155587672677
2.1687574899018367
0.9854302716609966
2.1894048429640773
2.20712201690633
2.2087477502579764
2.226466360457159
2.2041116652970043
2.2240745709896204
2.2080943711004206
2.175216494888394
2.2172879050164735
0.7150379596129768
2.2063021708454973
2.21029737567756
2.178785354095526
0.456511484772815
2.1769669561586853
2.200963433441072
2.1917200267932744
0.28277943238151626
1.1583295676500254
-0.1531256059859137
2.2387274912538926
2.243147093458822
2.1800535314826384
2.1633707691896062
1.1366438629411109
2.237019268302385
2.1789910419989864
0.45468253295553346
2.220374703729597
2.218222829895579
2.2138302524166704
2.181591181814978
2.182149029115828
2.1987199509852777
2.1879468651715426
2.2071059206736034
2.1921445023338784
-0.16929463981190757
2.212476196335521
2.205524045958855
0.46220277803469134
2.191229392874026
2.229848168357613
1.1570822796410467
2.191412314359802
2.1972874756367604
2.1910917547078004
2.2021277529826353
2.2114938275210765
2.158786601148845
2.2043013743921023
1.2479045689408153
2.197890590851958
0.28286058739487163
2.1983373957336707
2.149490381460909
2.170236465198807
2.1562649982732838
2.211810947244105
2.2177987281096536
2.2043267415880368
2.208393768546821
2.202657512175737
2.193072799029637
2.217739093762895
1.124140706611739
2.195994219246172
2.171064125135074
2.195116228442664
0.17636529600317274
0.453402079771574
2.18061382643911
2.202703753189126
2.207627128183636
2.2015228279048706
2.2037672621144946
2.1906319938915653
2.192796906205814
2.209350183533731
1.2573093863314337
2.191382436357231
2.2131711637290707
1.2875880316824944
2.2071042282392854
2.2156553688752254
2.198075535589725
2.2075242256123286
2.188475726376501
2.2004932444323764
2.1531772021813307
2.168938607079033
1.2676087897110948
2.218383150179003
2.2185106947585416
2.208970604697204
2.20220625767504
2.1506125071738738
2.1979875043748716
2.155787061308758
2.2303950569013242
2.191084863470496
2.2313993654337785
2.2313485753291626
2.1583660364837502
2.205435200586766
2.2021614376392984
0.6156950803887864
2.130744228633724
2.229239417365451
2.1146730950766246
2.197216981952721
2.2123957819868427
2.1896733926636305
2.176529927559634
2.146495750161038
2.218655872988342
2.2363709585122282
2.224560742006024
2.1995759049048056
1.2688193957083425
2.2267817639574936
2.2120128429803714
2.1890807216119423
2.1996833112729877
2.205953528034085
2.212361193225921
2.2121036852814058
2.2018462587328513
2.2055397386561397
1.1410377052116254
2.227414241462262
2.206006067973819
-0.16298328146166477
2.215925902511823
2.1771848203942454
2.193884851906426
2.2093022348866276
2.1817952785311716
1.132621372411041
2.181269727853814
2.1777782009812316
2.2183925764730947
2.2225822666230863
2.228626951483217
2.1974597542174537
1.0852391505995873
2.171058709692869
2.2081245089041115
2.187806938024197
2.2040602823897038
2.1947336020765453
2.224399249413434
2.169207682892118
2.1648765068218454
2.2084407302879754
2.1935847568062528
2.2318573066724414
2.2031969018896223
2.1837734915731626
2.2000190219716256
2.195006891026113
2.1796265760281264
2.1790179850813427
0.8019811608377264
2.115736257111152
2.184359052741133
2.232226522284125
2.231896694113288
2.2061971874652766
2.2013463793157815
-0.14650246803343592
2.204168355797853
2.2139826237000566
2.2028810934383083
0.1808889702938744
2.2133383666947566
2.2102763565960517
1.3216545285496706
2.2045249955470685
2.227627930133238
2.185171190588172
2.209877184256527
2.207429299305489
2.2102144815840026
2.208675070630714
2.224942989862702
2.1530735776651833
2.198234517089243
2.1725938487970824
2.216041142338601
2.202341564074251
2.2121598593702965
2.1716088879927824
2.2054080838669776
2.1668814814613166
2.1739302787549315
2.212678480143733
2.21158377483259
2.199043843923537
1.249845845032722
2.208241236470841
2.1996405652959683
0.6797478780149655
2.2269588244955925
2.1967933214825455
2.1702696758780755
2.2054690413319435
2.2096251731010206
1.1575377575063153
-0.15578014648665647
-0.15592540484877981
2.205902468267616
2.202467687873683
2.116687919553942
-0.15523098291293747
2.198741088416077
2.2241634561577763
2.119732386667304
2.1968395125992215
2.1639111031777416
2.226397991550642
2.206603282814494
2.2007529293579235
2.211965859135255
0.01021105871264505
2.1617400659114017
2.1793575064364488
2.1925062444130785
2.1907246299029093
2.195227110651566
2.228593497386103
2.193015669889925
2.1982462035716166
0.9831013306389086
0.8234952019328924
0.6409869568050979
2.2293354863158967
2.192850866259465
-0.5401636334685966
2.213275822303667
2.244077856564148
2.2202026083221167
2.227972969580912
2.2281872137466
2.196658857337998
2.2034150124579277
2.2105422213476222
2.196032043255724
2.1893693188190304
2.212103442032796
2.1959602068249504
2.135766084318707
2.192791790208336
2.1699281805489727
2.2149434956721574
2.1931615400912494
2.210720300535977
2.2181744330519026
2.1337861757960317
0.28780156210866237
2.2230233064344214
-0.4789592599625776
2.2028357008518547
2.1837711776116526
2.1978564857227005
2.231506623629537
2.2346567958530352
2.183928688508901
2.1911414627113737
2.230909756893954
2.2159689929024506
2.2216610937729753
2.2040993553547503
2.1929673374786907
2.201435745427785
2.2060370174498747
2.241985349312565
2.2091298261312233
2.196087310155104
1.2826884236685772
2.213941779274662
2.200502461516491
2.1987832746887364
2.173165873588023
2.2315819493572016
2.2101527636343294
2.2128895189950573
2.2335617141262016
-0.15953192312909853
2.2084916547184195
2.1982841765425314
2.2142551243981607
2.197593315876478
2.2012414260768978
2.1971500540617965
2.2107644685526595
2.198901084088777
2.18673020492645
2.219378536825151
2.15845371137143
2.221507205857005
2.2077856731591585
1.3122421020001869
2.2392162964445568
0.13699727571231707
2.2239101395910543
2.1947569082750804
2.1827018951052115
2.2111688022293317
2.196897631115853
0.654378699146243
2.216040880386525
2.1950126532765255
2.179257399525146
2.1961445414631187
2.1916470208765464
2.2105277992431476
2.196954688919218
0.2851051006772377
2.1876711718324895
2.1962594831265245
2.171031867216162
2.214869086859565
2.194686639774906
2.202301645224532
0.9024081963625817
2.1803456985791434
2.188904877335225
2.146854483645736
2.194329290204986
2.202600990962707
2.187081249896118
2.1999688693386337
-0.1570639999938669
2.211926179164825
2.225545366971674
2.1786179752367585
2.206650080416308
2.1490371906715744
2.1718493450738343
0.44313993735108353
2.2095611010767855
2.174437659593828
2.2265132582862615
2.1983284102423837
2.208544675850359
2.1321085875212145
2.205507379105437
0.010098541028454977
2.2194275327782496
2.2157618248213433
2.1965896948512382
0.46086405651419626
2.2129238776492066
2.1336264156699265
2.2203191515213923
2.163459191773237
2.1894985869926225
2.189320579587225
2.1573728132662184
2.212363659722496
2.1989843343922795
2.219260643509567
2.2263670861669493
2.2378299307923513
2.217553514672655
2.2082963088026064
2.1985986208502015
0.9433520905615017
2.188475444529398
2.2255723660980222
2.1801540823551373
2.1818373576792545
2.199156805305758
2.239284170693387
2.2291181515258627
2.2262140153451635
2.203222630332614
1.1560840168888908
0.15506150511518557
2.2111449672084715
-0.1654784109477879
2.2055061694123026
2.197990231613346
2.19560580640979
2.2031730429392837
2.2173820706796232
2.130148263800201
2.2147345801547607
0.6917471144463248
2.1762764755663833
2.231112372987598
0.5044285117707056
2.1862906910174402
2.2120809197378275
2.225517661929045
2.2046147055482805
0.8684088079573533
2.1904760421009652
2.225963810933678
2.187228974186582
0.28297955439899736
2.2118514116781576
2.2217129949045074
2.206313175389285
2.176794936503082
2.200159897498016
2.155258824663571
2.203512464676229
2.2013665450932445
0.8260658095160673
2.2176819929825653
2.2210220601018342
0.5791338675610526
0.5702833838289205
2.2172555546660178
2.220671922662511
2.1867914232312495
2.2108516693797804
2.2071019319015575
2.16694682630173
2.21091367386028
2.1939252434017904
2.1949676077808666
2.220947371575201
2.200081122436699
2.2158037346646493
2.1966003544531363
2.1982552013632652
2.2138093822269176
2.156935562828126
2.2287392665588683
2.165447145713833
2.1796225773573656
2.1783897290524927
0.3733569844822322
2.210930691146806
2.1994275493847626
2.2175080234417406
2.217267645148871
2.236364376536713
2.159107149019924
2.2188913574396953
2.2045668356122174
0.37227851379033433
2.22147990434632
0.975645426364957
2.2193781117496325
2.2209637857590674
2.2089061765756233
2.220315849578242
1.2832132376966805
2.1825552595735527
2.1797753962931017
2.2125077098777357
2.1863428509904486
-0.16327346670498327
2.1986611243349095
2.209904631976145
2.208570426558272
2.159784675572144
0.17634034068881854
2.1861057770378443
2.235756059992185
-0.16552590559320576
2.1964259307043936
2.190108957073946
2.20461425090167
2.219961708845408
2.2053814019595954
2.2011456540155154
-0.1725622476552541
2.212759792661146
2.199668705486102
2.2071885966766334
2.2076046303036447
2.210120864522856
2.2276327062779764
2.1963291098592244
2.160050771073828
2.213289055599393
-0.12621861974528745
2.1922640561829034
2.1825356989501463
0.28932006795945253
2.1808398679571397
2.194356950162887
2.219495903793659
2.2268959739749157
2.187442351368729
-0.1594582998259335
2.1342974387092237
2.1738859947374762
2.2307304344223176
2.2117136212581157
1.1306465786231106
2.197313152204931
0.287367483123561
2.1806086088855197
2.167658497575558
0.6373171808767639
2.214660874255016
2.194553672766026
2.1952435162785573
-0.21705158346188935
-0.20943769684919428
2.2043539267709686
2.1972813549920245
2.230869502730774
2.2163191322311437
2.185598680810681
2.2330455605890753
2.168463164877279
1.3349178967167292
2.1910730736567183
2.2067564123185335
2.209555415895778
2.2371030747592453
2.1826536191933203
-0.16499855358021895
2.2065561633109643
2.2251332963519244
2.2111487420168485
2.2023192088437407
2.200326394535251
2.1935587812652693
2.1707616457361283
2.1962592030247152
2.2221605891982987
2.20245960203047
2.232109237279577
2.2093677326881602
2.221880017028435
-0.15950805896594666
2.2165158231235527
2.208454289685463
0.9454871704625148
2.2066647290090797
2.2244129313243075
2.226724512932017
2.221429846568744
2.125319045105793
2.244429340240419
2.203270673834189
2.1667379707226027
0.8395101293868865
2.1569562597073046
1.3296216052257792
-0.16778441518743006
-0.65736887426878
2.242781900550085
-0.1616352687947987
0.2846207378772141
2.2013840208608926
1.341409918345142
2.2257079293961404
1.1966148788631445
2.2141595656907183
2.237792314542592
1.1497864070583839
2.1934902550699102
2.203710555880645
2.188567627627787
1.2210831345967723
2.1908561311442654
2.138255589845592
2.1508906285211404
2.208178555671073
2.2181480273046175
2.2260595935531162
2.2175501889357907
1.1446533251034898
2.2139807025309404
0.1764933731664587
2.225164902538764
2.244366504227042
2.2314756355293355
2.2091650531280465
2.176113086259185
2.1661771549725213
0.46702247771311456
2.2111131106397393
2.216165281785658
-0.0514163881345307
2.2192746502407217
2.214020393590882
2.189986738489109
2.206275366930873
2.211472941153243
2.213971086000012
2.1791233791880407
2.219585924514261
2.222582507484164
2.205838798248339
1.2703279074785547
2.1981948159121005
2.2015692333997183
2.1658358301974623
2.1939647647363323
2.2234651858816994
2.2008428983631037
2.1900140729577457
2.2004132123826103
2.205573895421839
2.1977839859208093
1.0589758784344163
2.1866781718339734
2.2129289356487107
2.2296747679531856
2.187671793891262
2.216953615875892
2.2147471482081715
2.1947972222916325
2.2358875224894703
2.2202266269494273
1.2914417694059086
2.2067800811467686
2.2013983475563355
0.9768197158413168
0.3973929090084831
2.2053136851706894
2.2294915004774425
2.1460722323104187
2.1368229692531955
2.1651709009344646
2.219249530652622
2.1977940587214144
2.1723617029034274
2.227557405642954
2.1934803139928314
2.1769174983738724
1.2751803145360192
2.207611676412906
0.9484213965441511
2.1741263229636885
2.146229410988788
2.178003031497759
2.202982456515257
2.2136671105384575
-0.15934791305152743
2.1676789125826907
2.207679606226355
2.224593583703646
2.2360712352197325
2.213306906723145
2.1677352803878254
2.1852646270407874
2.166978252848784
2.1563801339894866
0.944617149884812
2.173956064414661
0.1874856531013276
2.1967564752653823
2.2053399960889633
0.8919171161732973
2.1628120991339475
2.1981112272503722
2.200521006081094
2.188494025600016
1.2800166732132623
2.1885533195341993
2.1934207027875425
2.2165549953945343
2.2178866696019104
2.218978397085455
2.2036634165656506
2.1571925779939436
2.180128388393218
2.1876880263947163
2.217842355902638
2.2027584398526976
2.2113026467401484
2.211553695306376
-0.7144360556881323
2.166227198274578
2.218671697178539
1.308242325283451
2.1536706280765285
2.139903543732122
1.3373845855928792
2.1840826665798434
2.209838258162456
2.2036492625739417
2.1783176497146437
2.2228826756856472
2.204672235842218
1.1750932995471826
2.1963516566603145
2.138717129415787
2.2214562258715533
2.2164452992867583
2.1845551463141093
2.2060390578136104
2.2296764044146955
1.2987634304895188
2.209236747515928
2.1918930903536022
2.2125317389448003
2.1872337090915184
2.2386897095253215
0.9801444489569265
2.2012477269998225
2.1766281455613576
2.2454147013541936
2.2435706203181676
2.2342993234831985
2.210055720838124
2.187711838745323
2.1874954033132816
2.2256700448405464
2.207918326430814
2.2218501864743683
2.2144324824935406
2.1736453548706094
1.1673848919810932
2.167994414381509
0.5988032546211746
2.1995161478584615
0.8788639646834702
2.180675840063051
0.005498303865168863
-0.1578027782216207
2.223528252528247
2.18998433861131
2.225493012654755
2.2106435600318894
2.1901981012781704
2.1924703643492585
1.0738639764668731
2.20935628711808
2.225062923960431
2.181963077496788
2.19723331998392
2.2205450883282456
2.2088039220633062
2.1671998452598906
2.210319232065956
2.225341687449705
2.221961371333651
2.1915256493762865
2.1623173107094877
-0.21188651193561825
2.194644274286962
1.0822071346616526
2.2001296511352857
2.2022578309911087
2.2184054790993946
2.175337392616692
2.1517019374434074
2.179407533567093
2.193411757446567
0.5820640050166256
2.1681971312216457
2.2154125790147177
1.2643891097664208
0.9568353691556746
2.18771286025969
2.218816088381847
2.1948631583576215
2.20745729021874
2.223873474530886
2.2034739957360374
2.168194984925391
1.1836464455307176
2.211294794700294
2.1965941371104436
2.2195323065285013
2.2063073767524397
2.2235917205847606
2.190028354091377
0.5731160599868386
2.2184646942150374
2.22434832400463
0.2877785455206259
2.21421435656916
2.204243537350914
2.182512277055101
0.6069198559208986
2.209328249692629
2.1772055945728335
2.2140711978082663
2.1812401001653647
2.197541236289311
2.214210692016877
2.165182714722847
2.2104893262367487
2.198958712100225
2.2290803018533483
2.1812520483505504
2.207664612744149
2.2061592240850922
2.2120863636383974
0.16229857395842984
0.6784740634980889
1.305090186684636
2.175724334762579
2.2027569904280995
2.207722173941338
2.1927310693067383
-0.16761366477041958
2.195350647538229
2.228463244050368
2.222231120303197
0.4590657412691608
0.2855311156807405
2.1936768551896524
2.161578027218833
2.1540595570148247
2.19684092912761
2.214023627117819
2.1963828571840853
2.2007525470190012
2.1981522585765236
2.1706362592041595
2.210091220978433
1.3405382428167587
2.1808264125341923
2.159579162516151
2.2007981673115102
2.2018785109316235
2.214307927182203
1.3165635126079023
2.1983393495588173
2.1849491668071117
2.208985441772546
2.224451874388163
2.1618183988107096
2.211975879235267
2.2076345031382045
2.198990711717226
0.6382285458692811
2.2137794369207113
0.0015344846948233404
2.174640343502449
2.2268097310349777
2.2083272401085616
2.207130234322282
2.2034571672808703
-0.16680533116128568
2.2069873198855676
2.2200935979189764
2.2108639670957486
2.2192973587562594
2.1843404790523335
2.1963512482230394
0.5074229691999861
2.2288308400666432
1.329181122496275
2.1477550590676984
2.2031665007585635
2.2148438649881257
-0.16678139499563702
2.2011709043277077
2.1917148101791977
2.213779115896244
0.28645954150796216
2.1976563750869653
2.118387069573962
2.213678423304297
2.2041435941260077
2.2121656378214296
2.152574217208473
2.219390551621664
2.2353645400870326
2.1444347725168234
2.2124885784186588
2.1795698423031697
0.806650690731869
2.2112853800109136
2.200855151908846
2.2063936623224314
2.218590879683509
2.2048522605546146
0.28076847187842713
2.188222086620888
2.231796712785822
1.1475197924176725
2.180400414717239
0.5738635094444202
2.214444974417219
2.2198187706670534
2.227424730836295
2.1751250560262383
2.2062962441621563
2.1929696911993055
2.209943335572179
2.221957868345413
2.217270331349351
2.2085992285582376
2.235406228996667
2.1710939733976304
2.2006281638044403
1.130472097177921
2.1899774924480964
2.1705068122390325
2.1973302440143563
2.206112165016073
2.211620674440823
2.1870610869012017
1.1118424611873015
2.163550242940542
2.219348730051782
2.2169294172319813
-0.16511664367210185
-0.11727483538708744
1.121991604237608
2.2084612187641044
2.1949981463087402
2.2109132048931452
2.2229783873298476
1.326108736517293
2.218175326989105
2.1837005161207235
2.2201791229944625
2.211816572063704
2.1671519538115396
2.179005755314177
-0.16770459068445795
2.2288937825860087
2.2365124411457575
2.1734014432771405
2.223163078964978
0.7221479315464077
2.2042446263488387
2.228345807119492
2.175523620323979
2.2005960863540452
2.2003454048522277
2.22915317349182
0.009506640301028435
2.202028389472132
2.2186944918612483
2.2018096051920084
2.199816578003187
2.2209283374509834
2.213887301565811
1.209537089090613
2.213109816544167
2.206187268316267
-0.1699245187063949
0.28772701385524047
2.2051880893555946
2.193245971505473
2.207340360291504
2.1413268431529224
2.224630302016373
2.203715600218225
2.2103638732341677
2.165317639328184
0.8122205815555102
2.1725984060604544
2.20026581604644
1.3530907918207467
2.202065921048321
2.195797184842456
2.220935931206343
2.194987013209174
2.238242848810561
0.28738590445661616
2.2120403185854194
2.204657147320229
2.181883776959083
2.2150421059213468
2.205599626689171
-0.49029178069151447
2.219349273047666
0.2862162556550541
1.1093444443685532
2.2387262914445363
2.217704128702614
2.1514420665931264
-0.15929015677168418
2.1809514945660227
2.1817792921282235
2.2108156677026076
2.2126769097657557
2.2107458609558943
2.1753526351296166
2.2093742282353452
2.2160781820034803
2.212913869522584
2.2049379314851434
1.2110177294361757
2.2005900208279936
1.1821278766933885
2.1931203027804393
2.226637623508526
0.45396017081275475
0.0626120721008685
2.191842034946533
2.2289580518343532
2.2045705428972964
2.196104366140937
2.2041212172541638
2.215338550738603
0.28739363789309497
2.238916500779503
0.2874669933623517
2.1686021817629593
2.1876741469405694
2.185004247447476
2.205934102259416
2.212677279675656
2.1958515824738445
2.2290682322407807
2.1673687754650697
2.169728037009971
2.151198154510549
2.20011255677004
1.125529475295119
2.2074128824500363
1.3256892382602292
-0.16690265658978978
2.1879814230350574
2.2054757019009394
2.205452951485821
2.2036149786419816
-0.16102599309668067
0.28142549576917
2.1884049878064125
2.1860144789401015
2.2338603929790803
2.1740580666354594
1.1744502178746203
2.180429826513265
2.167884845600819
0.7686947902869666
0.30409192152426967
2.2177706921536697
2.190732756530468
1.2868945153780078
2.214639706816693
2.1950604522516475
2.201320624561018
2.1887946631244377
2.168063618891794
2.1929554699433123
2.2041584791921363
2.202280126440338
2.200488621616552
1.2869467728102961
2.154637533046434
2.0977785258471617
-0.16176565621768318
2.2080938363592737
2.207881421880244
2.237157351883396
2.141017829211239
2.2006061334356115
2.183388328254879
2.2006894514559656
2.1658621846213726
2.2101893476844197
2.1504312542643547
