-10.2
-10.10764488887457
-10.099288317343678
-10.099253673623718
-10.1832198898941
-10.05885955933909
-10.061200731567913
-10.150211341090742
-10.06026933289068
-10.058695151608038
-10.047366704409374
-10.058695151608038
-10.06026933289068
-10.058695151608038
-10.06026933289068
-10.147705761130865
-10.122128230202158
-10.158695151608038
-10.130630575986903
-10.05959377870676
-10.058177926749165
-10.058177926749165
-10.058177926749165
-10.058177926749165
-10.05959377870676
-10.05676207479157
-10.048398885007725
-10.149194215742321
-10.046983033050129
-10.05959377870676
-10.05959377870676
-10.151836501801528
-10.058177926749165
-10.141622507709265
-10.058177926749165
-10.156965036768245
-10.05959377870676
-10.05959377870676
-10.05959377870676
-10.05959377870676
-10.048398885007725
-10.058177926749165
-10.048398885007725
-10.058177926749165
-10.135097454045546
-10.136088313320295
-10.05182778690877
-10.05182778690877
-10.042027954548297
-10.05182778690877
-10.049230937985469
-10.042027954548297
-10.039431105624995
-10.049230937985469
-10.049230937985469
-10.039431105624995
-10.042027954548297
-10.05182778690877
-10.110376948203553
-10.042027954548297
-10.039431105624995
-10.049230937985469
-10.05182778690877
-10.127698252527608
-10.127698252527608
-10.049230937985469
-10.049230937985469
-10.049230937985469
-10.119518184051167
-10.05182778690877
-10.042027954548297
-10.113724972181782
-10.05182778690877
-10.112315200613994
-10.042027954548297
-10.225413568844623
-10.041580918898394
-10.187877893061044
-10.03252310938956
-10.03252310938956
-10.039980868444266
-10.040160576381995
-10.20831395218705
-10.028196045692193
-10.034083883106709
-10.034706294911071
-10.034706294911071
-10.087275095832604
-10.034706294911071
-10.034706294911071
-10.034083883106709
-10.034706294911071
-10.076059381175774
-10.028196045692193
-10.087275095832604
-10.034083883106709
-10.02757363388783
-10.151814204529732
-10.034706294911071
-10.084901296223247
-10.02757363388783
-10.034706294911071
-10.028196045692193
-10.034706294911071
-10.034083883106709
-10.034706294911071
-10.034706294911071
-10.034706294911071
-10.034706294911071
-10.034083883106709
-10.087961882039108
-10.077810768980768
-10.076059381175774
-10.034083883106709
-10.034083883106709
-10.084901296223247
-10.086834828808453
-10.08665268402824
-10.028196045692193
-10.084901296223247
-10.034706294911071
-10.034083883106709
-10.258644620320807
-10.068539852820557
-10.08272793483701
-10.068539852820557
-10.08272793483701
-10.031303264709635
-10.025464860932239
-10.031458823288812
-10.264847047335962
-10.06183501163369
-10.028223236201674
-10.022938120246993
-10.072424762139237
-10.022938120246993
-10.028223236201674
-10.028223236201674
-10.074448129109028
-10.147159232310553
-10.028223236201674
-10.022938120246993
-10.027597575568654
-10.027910405885164
-10.027910405885164
-10.027910405885164
-10.11791710717888
-10.056549895679007
-10.028223236201674
-10.022938120246993
-10.071259327644468
-10.022625289930483
-10.058956394558015
-10.117134804593327
-10.027910405885164
-10.028223236201674
-10.318164502568466
-10.019617558627115
-10.024159211898983
-10.024159211898983
-10.118738445617497
-10.120336357266886
-10.050784619692262
-10.061593597545814
-10.024030355902111
-10.024288067895853
-10.127190689304275
-10.024159211898983
-10.053523328558148
-10.024288067895853
-10.024030355902111
-10.127509410954254
-10.024288067895853
-10.024288067895853
-10.061664098000138
-10.024159211898983
-10.024159211898983
-10.024288067895853
-10.053389879211045
-10.10418981397412
-10.10757969438811
-10.129588592774356
-10.024030355902111
-10.024288067895853
-10.061664098000138
-10.019617558627115
-10.091629914580343
-10.048848225939176
-10.019617558627115
-10.024288067895853
-10.053201264575693
-10.024159211898983
-10.123910294784132
-10.019746414623986
-10.024288067895853
-10.064111170371032
-10.055548812100731
-10.218128072753514
-10.100751226552074
-10.050022353642941
-10.023941023444896
-10.179858554896265
-10.058758297020916
-10.176574372912418
-10.049473137772079
-10.02367806494961
-10.119629188245392
-10.019251136924607
-10.11216811970103
-10.019251136924607
-10.200055960735776
-10.054254623405978
-10.02367806494961
-10.097579087234623
-10.02367806494961
-10.02367806494961
-10.02367806494961
-10.02367806494961
-10.05775169822023
-10.159463100504322
-10.234988893345859
-10.059951050902201
-10.02365136466315
-10.02365136466315
-10.054172736789674
-10.04976136263213
-10.1224963746842
-10.02365136466315
-10.291613796228585
-10.02185279583039
-10.021597129485276
-10.109437372416854
-10.02185279583039
-10.0221084621755
-10.306275567609541
-10.183848996805262
-10.097478060421212
-10.020151822510261
-10.016398087656473
-10.048987994662467
-10.016398087656473
-10.020354732908405
-20.22990261040879
-10.041346283973065
-10.093381178327654
-10.053491673333086
-10.04564705224554
-10.016398087656473
-10.154654257880313
-10.103058385026674
-10.100859078970734
-10.020151822510261
-10.096658133044414
-10.251695615242541
-10.316097488956357
-10.0489280005403
-10.01857619992572
-10.146030239582972
-10.229779848368526
-10.01857619992572
-10.047844822091117
-20.2506568372075
-10.175101880605963
-10.043913551874466
-10.119252811097427
-10.11834160131886
-10.117908800466983
-10.087179566303693
-10.043683620385204
-10.041442835084457
-10.017204677683766
-10.0856630655511
-10.043754147382831
-10.017204677683766
-10.370338939900314
-10.017137037872102
-10.016956927945406
-10.085184062771871
-10.016956927945406
-10.03523607927269
-10.036716095835548
-10.083158539263344
-10.085222244473295
-10.037119674555942
-10.04300243658137
-10.041504905840384
-10.033961499211445
-10.037299784482638
-10.016956927945406
-10.017137037872102
-10.082870169464977
-10.074316122126906
-10.041504905840384
-10.058535231962919
-10.017137037872102
-10.017137037872102
-10.08569606524792
-10.013978862527605
-10.017317147798797
-10.01379875260091
-10.017137037872102
-10.017137037872102
-10.016956927945406
-10.016956927945406
-10.220185352261666
-10.016956927945406
-10.04628119406714
-10.037119674555942
-10.141510271242101
-10.017137037872102
-10.084845337587524
-10.130869659509036
-10.315163285776281
-10.09184784036531
-10.016956927945406
-10.016956927945406
-10.04374872097703
-10.016956927945406
-10.039472037719356
-10.043525252183331
-10.043857269003798
-10.12421291110985
-10.017137037872102
-10.086966847308485
-10.01379875260091
-10.04374872097703
-10.03906845899896
-10.017137037872102
-10.131389691840145
-10.07432279658559
-10.040343039060204
-10.016956927945406
-10.067635050108018
-10.136620845882474
-10.081669096048444
-10.182589408543366
-10.083704598225468
-10.036493972301555
-10.074133479759533
-10.016956927945406
-10.11530470816061
-10.037119674555942
-10.016956927945406
-10.047375664201688
-10.036493972301555
-10.03631386237486
-10.187911147443275
-10.016956927945406
-10.118259090664063
-10.15791284355727
-20.378094817391677
-10.066079630138091
-10.01276363241359
-10.03827552165119
-10.015707251330836
-10.08003222447726
-10.034399283100479
-10.061368879308056
-10.01569731929917
-10.060823426138315
-10.159369543482342
-10.281345416874048
-10.040009226728642
-10.036142920209599
-10.031442101411228
-10.012773564445256
99.77829818757078
-10.30982527286996
99.75367382465491
99.7290925111921
-10.01536565889108
-10.01537620119946
-10.01536565889108
-10.012504307166715
-10.093482993484283
-10.03367434540119
-10.01537620119946
-10.01537620119946
-10.059542462351006
-10.225153826434871
-10.01537620119946
-10.364889966366377
99.72640816496475
99.81896985126488
-10.125306119935562
-10.015180468325296
-10.134758668728617
-10.015215799841094
-10.216282334326166
-10.257877618163093
-10.09455051498123
-10.149399810339514
-20.223104735238916
-10.14280103178375
-10.320606149013827
-10.013692615077177
-10.013692615077177
99.75108007776898
-10.025797605563337
-10.264034614396262
-10.013692615077177
-10.033799157944276
-10.013692615077177
-10.034972098195416
-10.034023225790584
-10.013692615077177
-10.18763209436403
99.7706996415501
-10.15563990475282
-10.013692615077177
-10.076163058697414
-10.028352918609519
99.78915400664863
-10.252845613036193
-20.23879790305003
99.74355951443312
-10.013692615077177
-20.160038867694205
-10.052969252088738
-10.087393255333374
-10.029983318071595
99.81768040500756
-10.013728783659584
-10.013692615077177
-10.01376495224199
-10.113599001706874
-10.034972098195416
-10.069367679188046
-10.123623489022284
-10.289336691920672
-10.059978063718253
-10.013692615077177
-20.158892301858366
-10.011173470613402
99.79850021950008
-10.013728783659584
-10.013728783659584
-10.013728783659584
-10.01376495224199
99.77835095753045
-10.112734535504881
99.76722217037768
99.80431788313072
-10.164428079741564
-10.066954474124543
-10.026515935310668
-10.012576596093586
-10.012576596093586
-10.034226535300565
-10.010221761618283
-10.031802273225638
-10.10017829420075
-10.161774405712608
-10.030015132089769
-10.010088213947109
-10.012443048422414
-10.056350551421364
-10.026285827232428
-10.063264792462352
-20.143059246630678
-10.010221761618283
-10.043078372171594
99.82314202165529
-10.271805530323519
-10.02519904827543
-10.0341299748935
-10.012576596093586
-10.012576596093586
99.78413727609413
-10.031389602471805
-10.012576596093586
99.83871693844881
-10.286692131673515
-20.200774030249132
-10.029538844590459
-10.160444485779506
99.8036326890847
-10.192961031917173
-10.159449938248576
-10.284851594694022
-10.04884866709313
-20.267540953279134
99.77628051561193
99.7987236557918
-10.012576596093586
-20.270663423605615
-10.012443048422414
-10.206915508832358
-10.031802273225638
-10.294878651119198
99.80762293649765
-10.059899559538769
-10.05213057986819
99.86570091146608
-10.028640661707733
-10.09679028950574
99.82040853726062
-10.097649593518092
-10.032042235760542
-10.057958041952181
-10.061639617919386
-10.027553882750736
-10.012576596093586
-10.027553882750736
-10.16140179262778
-20.344447200697058
-10.03011463262114
-10.009553477412378
-10.065933716439117
-10.08947293792487
-10.163822603544107
-10.011805312688669
99.84279622312881
-10.097157091006526
-20.213734537764083
-10.266401801309984
-10.115680213407035
-10.060194871810012
-10.098134995536146
99.7989982348499
99.82818373292152
-10.238768738133283
-10.113830475340004
-10.269330886734304
-20.198656971077543
-10.195176437331922
-10.141392061617315
-10.011805312688669
99.79555529001986
99.81092030465075
-10.182824778354643
99.83943504699096
99.85611918370046
99.80777349817251
-10.011743641072623
99.85991820174411
99.82308901983087
-10.009553477412378
-10.027248419986458
99.81952936326432
-10.028016268438506
-10.232013222776628
-10.094373071479751
-10.064881655979322
-10.269627074303292
99.81999322069598
-10.011743641072623
99.85412688418508
-10.011743641072623
-10.011743641072623
99.82195909175779
-10.04785144141757
99.8531478288738
-10.31009111497736
-10.162944925041128
-10.028016268438506
99.84714391416179
99.84303863399984
-10.267093077615602
99.81817505779075
99.84872942598972
-10.08801069030565
99.81765304320558
-10.081053971789647
99.84009099468325
99.80076846310274
-10.319187969462035
99.82039427353945
99.81507987858541
-10.05563364665526
99.82830812786574
-10.089368664371872
99.83781044963281
-10.105386805697973
99.81724253081707
-10.168435384826543
-10.259118692657255
99.79703964759904
-10.054009902207959
-10.0285791377484
99.81099933650535
99.82160335160526
-10.0285791377484
-10.166936499155335
99.8188665522069
99.8219115395117
99.83798849721556
-10.011805312688669
-10.038500966151602
99.81384901501538
-10.056028727198566
99.81817505779075
-10.081124091396235
99.78370859643078
-10.111957089294723
-10.160584211057984
-10.25681859093888
-10.01050889966437
99.80230192136221
-10.010382800562327
99.7960343790764
-10.195826311674091
99.85461037105205
-10.183175687850566
-10.028590103900973
-10.049391408773063
99.83144108373507
-10.09381052878667
-20.164151091902056
99.86254246323148
-10.269313106159707
99.84860139810664
-10.02665007692722
-10.195532508750274
99.81780540374992
-10.086029148211244
-10.07921173271937
-10.078604957043394
-20.222293839509227
99.84072328713118
-10.18911713888179
-10.167043916288826
-10.02499081993997
99.83399906921501
-10.225545523087245
99.854740042184
99.83942172273969
99.8541740119483
-10.04663001131004
99.82457275422408
99.88696605715016
-10.0265459291314
-10.17172969139413
99.82218704306382
99.82910667086013
99.82544659729548
99.82483761457655
99.83601756527486
-20.138731825101537
99.85854411396572
99.85779784082388
99.84849484113576
99.85791800612824
99.82895667120154
-10.066350721475938
-10.023025045755523
-10.00854054154379
99.83942172273969
-10.028590103900973
99.83153740887117
-10.026388661521946
-10.084935788547952
99.84051262049908
-10.155621670659231
-10.076677039020852
-10.174561402546704
99.8418580610419
-10.054197432048499
99.87238194898701
99.82622330291414
-10.264940708851556
99.8544413795445
99.8362633810603
99.84686201541821
99.78379792234642
99.8378232489544
99.87691372100502
99.82744499123251
99.85175838499806
99.86115486359832
99.83942172273969
99.82412022016233
99.81226727677951
99.84262439058959
99.83581639682667
99.8616143737964
-20.237993854842166
99.83942172273969
99.84142245763826
99.85779784082388
99.8562099410002
99.82297860421828
99.86441631613053
99.8358655763377
99.83113482100912
-10.050497959684131
-10.236788223885567
99.8390696117733
99.811266440776
99.83792054997677
99.85625635743466
99.80609399750622
99.84388067290114
99.84470627894441
99.84957120052803
-10.21385545471728
99.8404490836308
99.83081014372533
99.83624015769217
99.8017304065337
99.84321373266073
99.81099323337028
-10.22817114214166
99.8325139900909
-10.01050889966437
-10.010256701460284
99.85239340802768
99.88329092641835
99.85643677584173
-10.078559751079013
99.8400139243805
99.8687068182552
-10.07474200607144
99.84361892325708
99.87238194898701
99.84306864355129
99.85582399380804
-10.087575854842827
99.87238032806283
99.84264057175304
-10.167609092414427
99.854286837374
99.83942156064727
99.83837333568532
99.84321373266073
99.8424560474517
99.85226449909658
99.83942172273969
-10.01050889966437
-10.220284355119416
-10.172008528237187
99.84447088680488
-10.024643691141252
-10.160239473677043
99.84321373266073
-10.203190923318436
99.82677158669384
99.84365009176449
99.81148785511928
-10.085633382567442
-10.220570590800858
99.85624065744037
99.84229393385873
99.87854248682437
99.838606290936
99.85687680306918
99.841256270237
-10.048674186079612
99.79864494774074
99.8491357489806
99.83808531391627
99.87262821339343
99.8299024548422
99.87898658881706
99.85053039141435
99.83298259734497
-10.01050889966437
99.84706756142117
99.83942172273969
-10.1031283834771
99.86335537808438
99.86007940246401
99.82659558186108
-10.0265459291314
99.7858804622076
99.84552879551322
99.86848958140124
99.8428062104418
99.83740079745162
99.85647285142552
99.84750894987233
99.84321373266073
99.81816940175456
99.8501519247164
-10.158880724561891
99.85400583090284
99.78528826056679
99.84188874326237
-10.01050889966437
99.82462384993451
-10.132863558101086
99.78528826056679
99.84099317633607
99.87518673565185
99.84229269490604
99.83113482100912
99.82953872444702
99.82666281767453
99.84611989611012
99.85400583090284
99.85425209530925
99.84757732363327
-10.21407955140689
-10.008414442441746
-20.13380603220442
99.85433204903012
99.83982691333603
99.83309633400422
99.87238194898701
-10.040834652325172
99.86623124304897
99.80984967072969
99.8291057239054
99.85773860746846
99.84195540588615
99.84138662621122
99.84609045779406
-10.076658069645449
99.84103945620275
99.83148604959645
99.83942172273969
99.81793150285195
-10.025941592768982
99.84321373266073
99.8463432485524
99.85869991165954
99.83942172273969
99.80922226600643
99.84321373266073
99.83942172273969
99.84877289084542
99.84321373266073
99.83632478822238
99.85647285142552
99.79347061844744
99.87278713958337
99.85569347665944
99.85582399380804
99.83786453935618
99.85183393610703
99.84824488438201
-10.160239473677043
99.8290702566937
99.83942172273969
99.83958990378515
-10.203299549178789
99.85196165613326
99.82514518793667
99.83942172273969
99.83994198401719
99.82607915470456
99.87238194898701
99.85003436622624
99.84321373266073
-10.207208877896147
99.84114356050883
99.82073282652178
99.8152470418025
99.8413556329027
99.87082314467932
99.84110936849629
-10.136481673994792
99.84072061227725
-10.05029589332328
99.84052967868519
99.83717427683493
99.87082314467932
99.83354882703516
99.83941848089131
99.83942139855485
99.87674553995954
99.827371297723
99.85111962774367
99.8218167662715
99.83863253827188
99.82677158669384
99.84860279758439
99.87238032806283
99.83839234757188
99.86184974672695
99.8440630778359
99.83362853132029
99.83563096085193
-10.116691029101391
99.8394201018155
99.83960353903292
-10.0495896502092
99.85779621989968
99.86115486359832
99.84576136126078
99.83934313655
99.83942172273969
99.80946408515275
99.82051999651986
99.85839004246469
99.83595895690455
99.85400583090284
99.85400583090284
-10.15734068958032
99.84757732363327
-10.01050889966437
99.85400420997864
99.83196557899436
99.83757936398366
99.82652071397675
99.84072061227725
99.8524486377923
-10.216477090100195
99.82893130166616
99.83792460909126
99.84321373266073
-20.2182722418843
99.83636336659325
99.86267947221327
99.87238194898701
99.87238162480217
99.85624065744037
99.84609045779406
-10.171950323841681
99.83829522033109
99.83982529241185
99.82761756212943
99.84321373266073
99.84321373266073
-10.077359694645713
99.83942172273969
99.84524579299928
99.82901791972225
99.84361892325708
99.88345910746382
99.83476194216115
99.85400583090284
99.8394201018155
99.8445156057575
-10.221454803763825
99.85647285142552
-10.191987922742532
99.82305117270204
99.85779784082388
99.85888711765908
99.84365009176449
99.82639147714394
99.82483761457655
99.82483761457655
99.8267337305324
99.82677459629288
99.84321373266073
99.84321373266073
99.84746064333356
99.85444202791416
99.79573281312246
99.87238194898701
99.8616143737964
99.84705699683106
99.80683926457722
99.85779784082388
99.82677158669384
99.84365009176449
99.85471109447754
99.83985808184345
99.83942172273969
99.84430286785182
99.78528826056679
99.84971556561266
99.84321373266073
99.84099317633607
99.83797142477509
99.85400583090284
99.82079605825477
99.87238194898701
99.87238194898701
99.85779784082388
99.85585692076026
99.87262821339343
99.86793163985573
99.84734076882687
99.8425779799731
99.84887326696239
99.87238130061733
99.87238194898701
99.85698693058221
99.82514518793667
99.85400583090284
99.83818810017206
99.8017304065337
99.84439813594236
99.85847842126773
99.8395157826214
99.87485324099578
99.84383942617731
99.84195540588615
99.84236297353661
99.87238178689459
99.83899892082326
99.83725096259082
99.8472656385638
99.85433204903012
-10.092947749022647
99.86663404249724
99.84321373266073
99.84321373266073
99.83958990378515
99.83942123646243
99.84123988564491
99.82747291293752
99.85574821853389
99.86267947221327
99.86912979878315
99.80504031715746
99.82368562178938
99.83982691333603
-20.231946123082345
99.85427074297772
99.83754580545674
99.83786453935618
99.81703890909613
-10.160660027706975
99.83258145994462
99.8616143737964
99.8708247656035
99.8484843293827
99.86816750034583
99.87238194898701
99.87278551865917
99.85509672866222
99.81560003744889
99.87100059775601
99.83530526930926
99.82325225343074
-10.123661607752354
99.84361892325708
99.83942172273969
99.79665624935296
99.85163800224112
99.88696281530179
99.84995208337631
99.85400583090284
99.85470236959551
99.83683102944336
99.85509510773804
99.85086413075163
99.84361892325708
99.87347284674641
99.84955101950554
99.84430335412908
-10.114295756486417
99.84979138226164
99.85779784082388
99.84116632263898
99.84205702110067
99.85400583090284
99.83942172273969
99.84229200074189
99.7953000260251
99.84770639871756
99.85856007364332
99.85779784082388
99.85888873858326
99.85400420997864
99.85400518253316
99.8606042484129
99.83248345325802
99.84321373266073
99.85888873858326
99.83942172273969
99.87238194898701
-10.093683457130117
99.89787503458149
99.84493894215292
99.8250953651833
99.84408645086825
99.87281830809077
99.84332425311494
99.84206173987357
99.85406892473698
99.83692343401499
99.81092164236775
99.84321373266073
99.84321373266073
99.85838395493319
99.87237870713864
99.79550428291515
99.78490996326066
-10.051964370119222
99.82100029416098
99.84321373266073
99.84494785972956
99.8561219759706
99.82409768334529
99.84110936849629
99.83581688310393
99.87238194898701
99.85455906919583
99.84151983580468
99.78528826056679
99.8491357489806
99.87238194898701
99.87238194898701
99.8600653536496
99.85400420997864
99.85582237288386
99.85194917813179
99.85443391160247
99.84198108264762
99.83942172273969
99.83942172273969
99.8671496348717
99.84770510197822
99.87848578160012
99.87238194898701
99.86512418563973
99.8235717784136
99.83982642705878
99.85274976690305
99.84140806669038
-10.11837266403728
99.82999128302995
99.83618291750662
99.84365009176449
99.84321373266073
99.85400420997864
99.8396679871461
99.80898767025046
99.82527235275612
-10.01050889966437
99.80148935688506
99.84167624474867
99.83927552417984
99.86039777359818
99.84380593430154
99.84365009176449
99.83724836715342
99.84380593430154
99.84321373266073
-10.20753416494809
99.87238194898701
99.87238194898701
99.85888873858326
99.87255013003248
99.85647285142552
99.85687642109768
99.86236064693824
99.86541035181786
99.83894142509857
99.82159317471002
99.86824331699482
99.85164713488584
99.87255013003248
-10.131450226441673
99.8582947210632
99.854409400575
99.84789700243732
99.85582399380804
99.84868483135058
99.81315249634113
-10.22652492040155
-10.27065936832894
99.85678437441882
99.8579796571171
99.85779621989968
99.85433204903012
99.86207626259161
99.8356169900038
99.83942172273969
99.8671496348717
99.84321373266073
99.86666264348564
99.84123972355249
99.87238194898701
99.87238194898701
99.87297252970365
99.84321373266073
99.83697860091279
99.83756791815924
99.87021005419122
99.86697751619081
99.8393743789269
99.86063301980995
99.8396679871461
99.87238194898701
99.87238194898701
99.86854035013154
99.84321373266073
99.85624065744037
99.83739603321855
-10.0265459291314
99.827371297723
99.84361892325708
99.85452678977526
99.85550146785022
99.84759139127189
99.85444219000658
99.82182410250294
99.88714787344338
99.88696459831839
99.86621639405917
99.79388729476003
99.8189288950891
99.8394201018155
-10.230601631783703
99.85779784082388
99.85779784082388
99.79482429480909
99.85353310972964
99.837862918432
99.84430335412908
99.85624065744037
99.85779784082388
99.84321373266073
99.84321373266073
99.84406463043011
-10.081993146451847
99.83982691333603
99.85779784082388
99.83985646091926
99.87182183538765
99.82316139306602
99.8763984798821
99.85783358994094
99.84365009176449
99.8541740119483
99.85400583090284
99.82584990056947
99.87262821339343
99.8423307834043
99.83786437726376
99.88312445829469
99.85779784082388
99.83786453935618
99.82607915470456
99.84321373266073
99.83985808184345
99.83985808184345
99.83942172273969
99.87238194898701
99.81032944072693
99.82368562178938
99.81793150285195
99.8396679871461
99.823154332091
99.84430463042013
-10.157467274959618
99.85823419992764
99.85779784082388
99.83793839081652
99.87238032806283
99.87256376528025
99.85568446471375
99.85400583090284
99.84027698475924
99.84321373266073
99.84321373266073
99.8563761001696
99.80004272921175
99.85400583090284
99.83457105744307
99.87238194898701
99.86632378249553
99.84365009176449
99.87238194898701
99.83939094081494
99.83942172273969
99.83960305275566
99.83942172273969
-10.040385306347973
99.84746064333356
99.85400420997864
99.854688454413
99.85400583090284
99.86390167343697
99.84321373266073
99.82628299737988
99.87643272024316
99.83401728994349
99.82328043119304
99.82511122180851
99.84091685548313
99.84746064333356
99.85400583090284
99.83786453935618
99.84430463042013
99.88696605715016
99.88714787344338
-10.079947639003446
99.87238194898701
99.84283187441395
99.84275355979335
99.88696443622597
99.82033747769084
99.83834411513934
99.8394201018155
99.83947978453732
99.85400583090284
99.84210441487186
99.83942172273969
99.8400139243805
99.83808531391627
99.84060612602131
-10.115002646089074
-10.093186186083939
99.84770199766756
99.83187333084197
99.85418602627188
99.85441102149917
99.8687068182552
99.8227803281146
99.84380593430154
99.83754580545674
99.83705554520435
-10.253773186414124
99.8394201018155
99.83655008855335
99.83942172273969
99.84390288230564
99.84274744703661
99.83235454432693
99.85582399380804
99.84971556561266
99.84361892325708
99.84051262049908
99.86829359944787
99.86437677785095
99.83942172273969
99.81496083833517
99.84321373266073
99.85313648181796
99.861312824239
99.87238194898701
99.86160602393241
-10.023973234648402
99.85779784082388
99.82677158669384
99.8472656385638
99.86544004925344
99.87238194898701
99.8411192754381
99.80314624612933
99.87238194898701
99.87238194898701
99.84321373266073
99.83748172846053
99.85418553999462
-10.24643550636127
-10.21502828095455
99.85400502044074
-10.271968674682615
99.80148935688506
99.827371297723
99.85060486959102
99.85921610393002
99.87674391903536
99.85175838499806
99.83518669957327
99.85295784851695
99.84803694125802
-20.252495257747675
99.81496083833517
99.85044327696464
99.84361892325708
99.84321373266073
99.85016851048726
99.81793150285195
99.85425209530925
99.8258141143395
99.87674521577472
99.87255013003248
99.83638598363328
99.83706550781562
99.85626684830125
99.87238032806283
-10.040821665447083
99.87238194898701
-10.229414813454392
99.84297802009758
99.83934313655
99.8398577576586
99.83958990378515
99.83518769562949
99.85400420997864
99.85779784082388
99.85820303142022
99.8521282926957
99.83934313655
-10.145727700680219
-10.079251017538471
99.83329661335252
99.83725047631356
99.84548726266573
99.83812301064987
99.84001343810324
99.86228610583069
99.86043151826067
99.87238194898701
99.85196022123834
99.8400139243805
99.84009990894025
99.80445291318911
99.85779784082388
99.85164713488584
-10.046326278743809
99.84196082513822
99.83863670321612
99.8393804323379
99.83994268161211
99.82483761457655
99.84380593430154
99.8440180676002
99.8527168158506
99.8400139243805
99.8017304065337
99.83245715101513
99.79976378855892
99.78637915832617
99.85731754318276
99.87438395890563
99.84801191170564
99.85779784082388
-10.023771318897367
99.84123988564491
99.83195037314607
99.83590631516263
99.82607915470456
99.81032944072693
99.84365009176449
99.84010434624986
99.83929562363764
99.83867751555708
99.85509672866222
-10.010382800562327
99.85400583090284
99.84867793099268
99.81182198701062
99.87238194898701
99.87255013003248
99.84650084314164
-10.12958061503333
99.84361892325708
99.84746064333356
99.86031647216868
99.84026018878691
-10.212961682523138
99.83942172273969
99.84053152756977
99.82328043119304
99.8733889873811
99.85810810082559
99.82134505086546
99.81032944072693
99.84361892325708
99.8777103386169
-10.237887430386914
99.82530836290849
99.87346960489803
99.85016851048726
99.8476613846777
99.83960353903292
99.84757732363327
99.84321373266073
99.827371297723
99.86188392190759
99.85400583090284
99.87238194898701
99.83257983902043
99.82734929189095
99.84321373266073
99.8472656385638
99.84321373266073
99.83974832714635
99.82435731693543
99.84321373266073
99.84321373266073
99.85509672866222
99.87297415062783
99.82398429790946
99.83942172273969
-10.077606819035184
-10.048887596253357
99.84972795062141
99.84380593430154
99.84321373266073
99.8360234838168
99.83942172273969
99.83166143453307
99.83985808184345
-10.199693091751204
99.82897138385643
99.8579796571171
99.83673608427006
99.84026018878691
99.87256376528025
99.86236064693824
99.85400583090284
-10.027717731657088
99.82557419850815
99.81032944072693
99.86211060042623
99.88713423819563
99.88696443622597
99.88696443622597
99.837862918432
-10.085163389837097
99.87307752823112
99.83754580545674
99.8394201018155
99.83942172273969
99.827371297723
99.83942172273969
99.82736967679882
99.8208024750183
99.83725144886807
99.8708247656035
-10.144407771578866
99.83942172273969
99.84321373266073
99.84296153445665
99.87256327900299
99.87238194898701
99.83834411513934
99.85457920254464
99.83160316631162
99.82233048327218
99.87238000387799
99.80937588220812
99.8411192754381
99.82614538759883
99.85400518253316
99.83795013408158
99.83725144886807
99.8403645258388
99.87255013003248
99.83942172273969
99.8353828829231
99.78528826056679
99.84001272452704
-10.046106674119534
99.83985646091926
99.87281830809077
99.85779784082388
99.84546006568915
99.83792460909126
99.85624065744037
-10.159006823663933
99.8289971226345
99.84321373266073
99.84135553276455
99.8564519841275
99.83786453935618
99.84195540588615
-10.048548086977569
99.84321373266073
99.83942172273969
99.83942172273969
-10.081295192308042
99.83942172273969
99.84165654927722
99.84110936849629
99.85779784082388
99.88696443622597
99.8708247656035
99.8663424931612
99.88328930549416
99.88329092641835
99.8534309661922
99.8497142102285
-10.025673556887515
99.85418602627188
99.85626980102755
99.8584754027095
99.84321373266073
99.84430463042013
99.84380593430154
99.85129015339558
99.87238194898701
99.83444922135203
99.8687068182552
99.87238194898701
99.85253510421622
-10.187387758191612
99.84380593430154
99.87238194898701
99.87281830809077
99.87255013003248
99.84321373266073
99.84430463042013
99.82979946280201
99.83942172273969
99.83942091227759
99.84321373266073
-10.114240373831928
99.8400139243805
99.84205540017648
99.8417015701371
99.81496083833517
99.84470627894441
99.87238194898701
99.84470982101647
99.83985808184345
99.84015482849452
99.82784921612172
99.87390892701652
99.85400583090284
99.85400258905446
99.82739087259542
99.84785784020461
99.86025406534999
99.87262821339343
99.87238194898701
99.87262821339343
99.84476447790142
99.80926683346651
99.84757732363327
99.84470627894441
99.84380593430154
99.84321373266073
99.84832359677512
99.85779784082388
99.85839004246469
99.81275870292492
99.8396659440798
99.84321373266073
99.84430463042013
99.849073411989
99.86867805517439
99.85444219000658
99.84539552817951
99.84365009176449
-10.203420616449048
99.87238194898701
99.86236064693824
99.83982691333603
99.85779784082388
99.88696443622597
99.78926228589657
99.84603875748896
-10.187248180534331
99.82435715484301
99.85512010232922
99.83339721785408
99.85227980837716
99.82665577748178
99.84430463042013
99.82542981621737
99.83281744478643
-10.149222778468701
99.8360665712875
99.8400139243805
99.84449469680057
99.83942172273969
99.85569185573524
99.85400583090284
99.8491357489806
99.84380593430154
99.85471491173288
99.83295758786485
99.82991647512013
99.82277750514668
99.79377148554796
99.82659638597471
99.85731257301741
99.87643385489008
99.84430463042013
99.81496083833517
99.85433204903012
99.82796349936382
99.83982691333603
99.827371297723
99.83717417338731
99.84957210808436
99.83960191810873
99.84142064898118
99.87238194898701
99.87287447779984
99.87238194898701
99.81560003744889
99.85731754318276
99.84430463042013
99.84321373266073
99.84470982101647
99.82542981621737
-10.128986487688039
99.87619734731261
99.85220792053967
99.83287290195959
99.86855123239009
99.81880422105947
99.85258680417718
99.83968108133722
99.83918526511027
99.85400583090284
99.85400583090284
99.85629801680865
99.7858804622076
99.83756436492895
-10.176961809869425
99.83711438157619
99.82833887688197
99.81366826665118
99.89836756339432
99.85122403897715
99.84770639871756
99.8484843293827
99.87238194898701
99.87674553995954
99.82739087259542
99.84584903102171
99.8380680002113
99.85796602186934
-10.112258254568552
99.84445688604191
99.84498088092438
-10.21013505365628
99.85400420997864
99.85441102149917
99.84091685548313
99.84321373266073
99.84816952527407
99.85425209530925
99.85400583090284
99.8478551249648
99.85610299438358
-10.112510452772637
99.84296153445665
99.86641063501284
99.86244194836775
99.84586525628549
99.85896614841215
99.87254980584764
99.89805685087472
99.82524280517289
99.82483761457655
-10.052026707134045
99.86945309139705
99.84236459446079
99.84051262049908
99.83942172273969
99.82303725907002
99.87254996794006
99.82750928392372
99.84800769428921
99.84321373266073
99.86228580114535
-10.025069220525095
99.84430463042013
99.83942172273969
99.83942172273969
-10.026419830029358
99.84058643226301
99.84321373266073
99.8454836446901
99.85820303142022
99.89787341365731
99.83942172273969
99.84188874326237
99.84321373266073
99.81996694643884
99.83041578465863
99.81963892451394
99.8465857063754
99.85779784082388
99.8503492332581
99.84321373266073
99.85366277337324
99.8702161191594
99.82555037853301
99.83753340513316
99.83590631516263
99.83858149369192
99.84390968306116
99.85400583090284
99.85400583090284
99.85400583090284
99.85400420997864
99.78528826056679
99.82979946280201
99.8017304065337
-10.025910424261571
99.835210466668
99.85779784082388
99.85779751663904
99.85274976690305
99.86294064448633
99.86836909191203
99.82805957664266
99.85418602627188
-10.146099529379892
99.85888873858326
99.8294071293703
-10.046231348149176
99.84305854401114
99.83942172273969
99.8389738884309
99.89288758719277
99.88090934949044
99.83248345325802
99.83792460909126
99.84438134069721
99.80892138250937
99.84365009176449
99.86228580114535
99.875017247348
99.85250839306957
99.87256376528025
99.87238194898701
99.87278713958337
99.85425047438505
99.8491357489806
99.84365009176449
99.83942139855485
99.84164507624125
99.8400139243805
-10.164870097541899
99.854409400575
99.85400583090284
99.85569185573524
99.80206470968082
99.83880234024153
99.86216062133431
99.85779784082388
99.85779621989968
99.82011198529415
99.85779784082388
99.87238194898701
99.83157153677013
99.84321373266073
99.81197822903951
99.87238194898701
99.87238032806283
99.87238194898701
99.88329092641835
99.8491357489806
99.87238032806283
99.82585054893913
99.87238194898701
99.84770575034788
99.84310496364144
99.8541740119483
99.84798035346272
99.83157118011287
99.84470627894441
99.84053129960937
99.89804321562696
99.8400139243805
99.83942172273969
99.84123988564491
99.84321373266073
99.84321373266073
99.8687068182552
99.83130456718064
99.84663435487015
99.85400420997864
99.85041477489368
99.87238194898701
99.86674768375755
99.8820845433506
99.84995208337631
99.83808531391627
99.83942172273969
99.84025856786273
99.84740155294956
99.85022664673998
99.83510410468301
