0.1018014880459512
0.11267448614737137
0.1769874420271341
-0.35789357766291185
0.1816050129340172
0.46271820261882457
0.10476954802580701
0.4624871457087383
0.09209849562063505
0.3921300323408096
0.1555466822583072
0.31164385874469847
0.3901960789147899
0.6445837703811009
-0.01186775598175785
0.6590810697863523
0.40032240403006886
0.2945902268603991
0.3238451474483941
0.21629228576341228
0.2657666097648238
0.21550318354076403
0.006811154362324878
0.752363725758054
0.22354310538843866
0.7753970218954622
-0.2882671304365678
-0.0644132372624236
0.2806589390516296
0.14555992519634714
0.2700493080902216
0.005731519430495435
0.40046527986624014
0.11983201650185962
0.37662940458351374
0.6038952268003951
0.26543768459004147
0.14705609442331669
-0.009958147928277261
0.39444224100695524
-0.2833849366281919
0.37267245332131227
0.24124089157305528
0.3440662138244719
0.21142323119026796
0.5973898689581402
0.2338627710157654
0.4174946784923113
0.2507455455408151
-0.2551222514164815
-0.15674928960772064
0.312058929085038
0.9921358884949124
0.43994171469240234
0.20374878864603896
0.024353956983153707
0.6860697037172879
0.4559677016259317
0.05172355267179564
0.20038748181449845
-0.2452631920735219
0.6837671511841692
0.21476717028677783
-0.35138161404844614
0.05797899242921983
0.4348611441236025
0.8080889957754213
0.25825070933641103
0.13076271851178908
0.27972258170964415
0.6971055308737748
0.26308106740346476
0.9022789323311555
2.2055823165749895
0.316273918544693
0.2061071806476412
0.21522892415334188
0.8134614523820846
0.2753891128730659
0.17463794313910144
0.06031218048939899
0.23836361545907958
1.049072558871434
0.4174007103040065
0.3841394191156562
0.27761964464383027
0.26807347867290376
0.14850720428947678
0.5127050978218796
2.1932940028439014
0.25212880391531123
0.2240421163885139
0.2370395529490738
-0.12206878995666037
0.14345935748202857
0.29168707700226176
0.13188686756989623
0.7140064809146389
0.6123815407688562
0.16771176701199947
0.6005376400256366
0.3444668976175544
0.26151360948228564
0.2601128364930476
0.3126279252662376
0.21367687187915946
0.6708560022735282
1.1643648674174434
0.9268095917949811
0.2785870396241277
-0.03608905630024384
0.1825704940803516
0.4541359364963867
0.3305668999707956
0.38906444632769954
0.2613138846696673
0.028543023292413483
0.5714170732025883
0.8676898126867135
0.54541365772773
0.5767219772003194
0.38024490818021306
0.7163509587355725
0.6660251117565854
0.949395414775439
1.3163682593480548
0.5591977081240749
0.7316171855386802
0.2828950675728125
1.0075499402508066
0.44649084422023105
0.3593478403409221
0.4654952804556236
0.06353028218505713
-0.01804221614834789
0.36177756946888945
0.5178799323579928
0.0690480716056272
0.04748760278262332
-0.11493799618769832
0.610064220778989
0.016311233048612206
0.20585569989449062
0.05898188246031881
0.3411152565380954
0.3156606199218741
2.0960311296110863
0.3679223290672009
-0.04449520273258792
0.5940224652147371
0.9007188603674321
0.3505984258021021
0.27812471738504085
0.16884051327661556
0.7645345693914081
0.2995726944216659
1.192957717876075
0.28257496566003715
0.6059924195077522
0.30501918495149694
0.28421441973464645
0.2695730286722823
0.4864192788777771
0.24466227533951235
0.28063563033114436
0.7475655745668434
0.13346654167178285
0.771990207450758
0.021742494571655696
0.4010249810243562
0.3703187357602349
0.31313316389608226
0.26283523136217
0.6922393278021977
0.771978627636465
0.10927114611931207
0.5725253570159486
0.9884248557126778
-0.3201545855010909
2.198737434023053
0.8782375237297151
0.05255346879527663
2.1787048290830233
0.4551991161119797
0.567105726463846
0.6747658564839394
0.6404913221436132
0.951891393303768
0.6562948170800329
0.2885606471865208
0.888530426906487
0.13971296422533444
1.195873588586108
0.9773086770686433
0.757658904513066
0.7826931954391123
0.2240802231065306
0.22617869816766004
0.2302049244748682
0.27793936988994383
0.3545397303163034
0.4717120643014924
0.6667576006277438
0.3617910524270889
0.056961528918941504
0.9027281161550033
1.140236098492927
0.11327480272861018
0.46804898061038547
2.10435782751851
1.0945838826247565
1.2526757882417583
0.3032381315732426
0.27453830819991204
0.25450769159076236
2.1765025132897597
0.17878235438651516
0.8201069956327515
0.5167684229620982
0.4892131591698795
0.5768950582818364
0.9819251438056162
-0.5200099983975899
0.44829555874904403
0.27769814256964487
0.28910398987601993
0.2853490995769895
0.3000979729804043
2.1370040752417125
0.7511899385622953
2.1419292498338365
2.1457891297954736
2.197514057823362
0.2620526732956512
0.2950032693578599
0.879361532537174
2.1877026178761074
0.4869786819191665
0.79580628234398
0.46242161313734054
0.18655668616551135
0.2649315561045884
0.3413903053264047
0.0698705517077924
1.2413062077592496
2.158489777718785
2.1899010671178765
0.46039419053175185
0.11868978953903597
2.130150633410187
0.2676372092206838
0.07395365867215684
0.6419193496587597
0.2160147970804261
0.7376190031158113
-0.2670012881192192
0.3956457128238603
2.2239206555036546
0.15729838657419704
2.1705365456412604
2.209376310984425
1.0488600852556313
0.40933369574015016
2.1536455527900147
0.5663711449684292
0.1291747239305686
0.5110391095967528
1.1828557090301386
0.2283302363791148
0.8004186494571602
0.8401626056669281
2.167373798921653
0.9764267667771799
1.1191048195679068
1.081600195209883
0.06940284701320731
0.5453310249875102
0.920567451343154
-0.23940095519542587
1.0603777806509034
0.5933918722314221
0.9978763439717598
1.3061241842768614
1.063210841870946
0.8047258007103953
0.6142445881015632
0.26363690711692084
0.34509437275367905
1.18675383170945
2.1419109064550366
1.1327839267330306
0.3941642504553303
0.9747284620339495
-0.13241003535095597
0.5698423339282098
0.41377710882445706
0.7817489972109682
2.1215748019913976
0.1165603353250576
2.1581492221942726
0.7360953543761015
0.36477636900417365
0.347669433368025
2.147975033696669
2.1523276663268467
0.8114995930567052
2.1598379508562
0.2852461087592831
2.160552578269452
2.1844128242755096
0.26573875324423923
2.129433246665353
0.28646568132434846
2.211044053193171
0.12935536391984429
-0.0012784926332588542
2.1987466740651587
2.1842125452560484
2.1505655339383023
0.2889309281442516
0.4662694869399835
0.45152007168451147
1.042359607093982
0.9455955365911926
0.9191803168012489
0.2782350427181356
0.985299933899239
0.277397469122437
2.1679298524663952
0.27096495396027603
2.1836260687318596
-0.01849327486176902
2.158678915594586
2.1374455822125205
2.195505002501836
0.09902338892046456
0.015513817725612222
1.0864793549969924
0.27608087636551454
0.9543798171710971
0.18087411862194755
2.1606983790361363
0.44889123215615445
2.117109953829936
0.2369981150982411
2.212377513526386
0.5863510179799986
1.1044788757959971
0.016106879909759897
0.438656843613907
1.2402990786676857
0.23932197073232314
0.2776321470164962
0.5292071352892229
2.13592894497298
0.2514349534737873
0.9358339114531182
2.178340948602353
0.6567704318451966
0.2768130205176177
2.1008531021118886
0.9835580776807135
2.1807738452367778
1.2838677635039923
0.7865528426134047
0.2292977816087654
0.9380135985360335
2.151203056871113
2.164953379814011
2.2423421973987967
0.8507327869687765
2.164036586996616
0.24052876833368825
0.7296348578181477
1.2444911387054893
2.168102504152606
2.1641863422420142
0.49778550816677236
2.186814524522674
2.1901984358006112
2.1527564913888657
0.27226767262528323
0.9164743273622271
0.9659593740025111
0.8843168254009565
2.189755032662969
0.27996134816335944
1.246830540842897
0.2707813676754531
2.1482039355094003
0.7281581874428841
0.28472513682180844
2.191410702234593
2.170560984236694
0.44511607684709964
1.1316662721339226
0.2747654206081198
0.797742143300594
0.29343895762438527
0.2829257761466344
0.3167204890815315
2.12217984936375
0.17786209220024868
0.3225540673125015
2.104397430984516
1.167173715214994
2.199512507171839
0.10007287360416141
0.045649303106923944
0.9221588755792245
0.2769653470572985
1.2453317427803308
0.8251287844028959
0.4998593608827464
2.1796736834179704
0.021596646389920426
2.1767448598312855
2.1204067280491268
0.2788021946778632
2.151985356141848
1.0191943272382473
2.2192248607508063
2.182515639338132
0.7292084661935208
0.21649730197595313
0.12455488058629499
2.1958423449322564
2.149434781343695
2.2021506552471517
2.1937957481274974
2.204944528342355
1.2014508758435474
0.27348710756228795
2.1954590004192864
0.3293186784630653
0.2801482588694599
0.018816352181801582
0.0452626148054531
2.210426247204765
2.1311711606044863
0.7598039357357329
0.7873778975833277
2.171344323398232
2.1426146015747465
2.1750640353901654
2.144441189614728
2.230479590925915
0.6123324770577825
2.224511312374567
0.46343301254470176
0.9585905478608504
0.3549491409237371
2.145073487258975
0.07809421035561216
0.4067749584212144
0.01005910689935327
2.208551190507347
0.806700637038127
0.22008785720452265
2.2068769025761013
2.228918829769529
2.1462153989003725
2.1417228899155067
0.27002072674833577
0.7851114371096402
1.2433274402004488
0.6204478579031837
2.1460273047705565
0.43597608265808807
1.2828475245193884
0.997833982373841
0.9226690227988898
2.16315669510959
2.1618365536585022
2.1959990002167387
0.39012948076342613
0.2613067418940029
0.9628553789184476
0.9388783479923949
0.4700942128745028
0.9262468506403679
0.8092597218659919
2.1726656473951005
1.2666839584711167
0.29800416909881616
2.188445757853583
0.30489595696917593
2.167157374754125
0.9690084605556966
0.7759362465385777
0.27505272343728154
0.8353511973474383
0.5541996828554804
0.20179115777065368
1.0255806539637802
1.3233390639238882
2.164027507480335
2.1759143776308756
2.180167572608488
2.201766173798119
0.7893110446824687
1.230288744261408
0.9634569397526057
1.293312145993514
1.2205644548097245
-0.0030960784262198116
2.1731792390838978
2.2358924190224574
0.8557691938013366
2.2143186405032287
1.2883351559019056
1.1231442173040485
0.2799654926948455
0.19643082061206638
2.1669088697706993
0.7356164259863174
2.169408145295383
2.195462936568271
2.173943528428815
2.1808089259714603
2.1538217922732663
2.110144323652859
-0.27699817191098247
2.1505750686337244
2.136690355819347
1.2308783668182428
0.5464060993126882
2.1701479825561654
2.194764074512676
0.9450211818938696
0.19907871201722116
2.183318151368411
2.1515048692585146
2.14496947956237
2.2228322276094894
2.144050824960131
2.156600934438619
0.33238567852103057
1.134180897954929
2.125704728528993
2.15928109804471
2.132994356949412
0.18729159870664305
1.276304686381116
0.9261322772970926
0.7423624933928119
2.2282974815342125
2.1608076923152977
0.906837513895077
2.180207122259193
2.1499016465401715
0.6849819993864449
2.166444356527794
2.188968151845684
2.2223586658939096
0.40074860367335496
2.189490590306136
2.1776852952939234
1.2238986400280258
2.230500994607685
0.39045008169623635
1.3344880011246003
0.5032847993786793
2.1793524040820005
2.178101401183929
1.0954058348958895
0.8392289992016734
2.1718792270661518
2.1896086013209652
1.2167713573637542
2.159152828478644
2.185636563836403
2.1276244950088303
2.1490997177865974
1.2129436628110652
2.1935226483057906
2.1711567084473433
0.28187471364860445
0.28312633354000877
0.2854798971545355
0.2856531016238587
2.175666293152676
2.18671774811989
1.273683623013095
2.162837699843846
2.185300516002469
-0.23827400596227627
2.1620983882606426
2.185085259412915
2.2132484521811757
0.7094477576017147
2.1679568848551143
1.3341751367780736
2.2070308969848944
1.2901903202186689
2.170525808271905
2.195201830500742
2.1721308144582467
2.174133152108517
2.2284274395031574
1.280297501113653
2.1437540421560763
0.28448773343851147
1.3325040110886035
2.1856233232200877
2.2438416788067506
2.1729548622763892
1.1348932250289938
0.6019309039555991
0.9596009817747094
0.7630048019698574
2.212833853275745
2.191085208714818
2.2167599532886926
2.1529692676353553
1.3177544109871882
2.209958649576518
2.173256380581123
0.2840115062569152
2.1820835055508936
0.6267531384016634
1.0324802540607831
2.2002905477276276
2.210439986502095
0.8083286639817393
0.6591132184687236
2.203471213758016
2.2415617591322192
2.248098487987793
2.219537289234948
2.1782880296027574
0.7919161586699625
2.1984964966133735
2.1828921834899755
2.1936291913319033
2.2176318516827465
1.061907696014956
2.221891567487149
0.8324462029042103
2.2201863265284216
2.1998495541564345
0.2815776915907521
2.221433377340507
0.28969968775929433
2.2207608897911415
2.2209068566738415
1.3624552659007727
2.1812475731773793
0.2841350361784552
0.28736244676358563
2.208936990819566
0.2908192109180381
1.1369563792042978
0.28684453681768235
0.806974901461322
2.1890579178470575
0.6452922446484899
1.3007010847211038
1.1278831127596387
2.174449107803501
2.2725692707408998
2.1792950494662184
0.46578393110937255
0.8230396715592805
2.192895295628824
1.284614700130142
2.1520263170369165
2.2046263055757906
2.231635990643231
0.6434594212233722
2.241155698766586
2.1630761508517615
0.28859517311090443
2.252660685971524
2.1809701156069266
2.187417905162396
0.8828796931637927
2.2515215440173177
2.2143463623753847
2.2019295696093844
2.2338238579604424
2.1837839908978216
2.1977250422929133
2.2264262822196947
0.5790243411509676
2.2231283511219373
0.35514670224497513
2.1975867542813923
1.3372585927496112
1.1420580459633585
1.139055732473319
0.4558745400245707
2.1445361939569616
2.1816829088617054
2.213712460550318
2.1599627093027673
0.2331439624486179
1.273194181459699
2.187143914445655
0.5821525133456313
0.45753462750176965
0.9969958491511549
2.180344630552516
0.3986798195691552
2.1728159126147126
2.262590249484372
2.235844805671519
2.2071737625118493
1.125707309625505
2.197242144771524
2.202723971354194
0.2908031373512513
1.3321694737890941
2.238036151506201
0.0610593390592304
2.240660874250208
2.2141565597850423
2.161827039224306
0.811451383260981
0.6427761876497697
2.1720974353759197
0.4666740196967468
2.2249511527079244
0.2972926161194108
2.2064739085764478
0.2862687748507734
2.246468771580706
0.28799796537532535
0.2921208439324826
1.1778987379001342
2.2308966572823845
2.176368203422852
2.214390191966556
1.320727728519187
0.4538863827410269
2.233745850349019
2.211484559771047
2.1763301369529238
0.2924251420490304
2.193501329107517
0.28975335420283954
2.182131238729581
2.2226090726451466
2.1993081032884447
2.2025992566019528
2.234940482090403
1.307666706614857
1.353163403292449
0.28287596163946116
1.1187308584565758
2.220346831060663
2.1867229733031395
2.197927568133579
2.171455123664451
2.2395317713166616
1.0007538112330512
2.1927518883689885
2.2093891924694433
2.2223551763402254
2.2409119821039885
2.2055027982643667
2.2126958293500856
2.1937309938723653
2.1887183539973347
2.2015811939350796
0.001025803222024252
2.200342086350359
2.163494996850913
2.2322031710587256
2.226611046975278
2.2360856685970565
0.24654541692613416
2.1925915193061485
2.1839364571412774
2.232404356880763
0.710065416537832
2.163988883932311
0.4531254938971624
0.22912019103717096
2.217899769771509
2.200411989536981
2.1847408342700474
2.204059909997235
2.1916371166955493
2.1979511226773427
2.192836643128406
0.23652109410468086
0.9758664266164179
2.2019446596739134
2.2269538082591867
2.1753376304285634
0.27834200066354936
2.2084293346115116
2.261146572654357
0.28796694086348984
0.0382683819540702
2.199901182175845
2.186381822978061
2.186637549017295
2.187712875925752
2.249604516017681
2.247741847595494
2.179423326230692
2.192954600361163
2.2212986632741734
0.5193798897563868
2.177745601057252
1.2939830740264866
2.1841226324034757
2.2682699446613834
2.225613868742296
2.2163784032432634
0.23537520448345378
0.2872747840662628
2.1923419515826437
2.2683454965235725
2.218619475449283
2.1385037032086274
0.9331754667921133
2.191109551263548
2.1577169979216295
2.2480258357988814
2.1922950920930377
0.2765091268140592
0.2667972863496173
2.220804331199303
2.177137673254841
2.2304986710650194
2.2078952164383425
2.2164603984844033
2.183398095360541
2.185627949466613
2.137785185607642
2.1937538651441235
2.1969091488637753
2.178267830316273
2.195937755663377
2.1846306505646638
2.1514488616056364
1.1531153680844664
2.2449694239362117
0.3632364615538928
0.28421074918521394
2.179255969000258
2.227188709687209
1.2757447371936124
2.2084384765195133
2.1793984698920665
2.186820996234985
2.1827091854100678
2.179269070144703
2.2052342265118248
2.1988390762041776
2.1788855822214725
0.7177018121752184
0.9182516761679769
0.2996815339004807
2.197905692384939
2.1511733343165775
2.1799115565823484
2.194748390364897
2.212341843489965
0.05554697738115193
2.235820673233986
0.28957149973204926
2.193877869790038
2.215428733645063
2.196708538353075
2.246976463582424
1.127847026352233
2.205770728897397
0.28652885586652843
2.2079059357821995
2.190991019688222
2.20558686206518
2.201340689313864
2.1878502358823826
2.2166523549831187
2.1931714042521797
2.1975426341779842
2.1909865472015326
2.2472192002694826
2.2260457976162407
2.1648231988083193
0.2953232740747439
2.148615958376383
2.1734029472103487
2.2365825361852596
0.5830926979243649
2.2038431463035675
1.1103337807732692
2.1904340943556027
2.2225817207078036
2.2295303844883043
2.1707285871772517
2.193778018303327
2.197802650328377
0.4635374103640455
2.1896437263466595
2.247658079976238
2.1855651295601177
0.28695681455428845
1.3289233241450178
2.1407559788929564
2.2195973775248476
2.199000330488673
1.259085231591518
-0.07502586087848026
2.225842367238263
1.1698608847656553
0.45793571968767033
1.2798190587733629
2.216456584310737
2.213609761415576
2.212051791696712
2.257446611868204
2.2044717493483894
2.2253964575608407
2.24519639060985
2.2289990059198797
2.2085011458173938
2.212017630643742
1.140945414650349
2.1640693623438287
1.0493134013720387
0.2937010551783184
0.2768880731008423
0.27177932724873866
1.2148118763270506
2.182352353019572
2.2223937537513834
2.1687127216022253
0.4662007348236829
0.6509675221268212
2.258115908153502
0.23359322785906617
2.242140876908894
2.1919761419915367
2.1470177456958286
2.2153485594707556
2.2070523329482494
2.175483442037095
0.8156088675895719
0.7434023721364642
2.218598784026306
2.22833915019514
2.1978957614518926
2.21086587988529
0.28019861953743097
0.4538599176856049
2.2555973657645096
2.195565156599522
2.214926011731552
1.342116974677567
0.9541534102835186
1.284933872153728
2.2238173194195108
2.19732874665807
2.206368975186755
0.21692765688062912
2.231701855172564
0.9008440436303963
0.4617859498152759
2.2012773261061707
2.2191508493919656
2.251766282447943
2.213971893512742
2.2001067255436833
2.220322823686774
1.1042548961465726
-0.025445244826011626
0.2828559180826151
1.3111741859557926
0.2902822651186618
2.202331169887778
2.226266252955764
2.2189448993040677
2.242904490156028
0.2921434318705335
2.20547613966121
2.2107752837300803
2.258644834638302
2.2045058507960267
1.258138668608998
2.2470708690320453
2.1890351851697636
2.2139607946470714
2.2119894430785814
0.28702278062351716
2.1857496275923296
2.197624314413999
0.4714589613413937
2.1987924787098208
0.22772730418042603
0.2940538486730043
2.167158332902698
2.1782790516123507
2.219476013013084
2.2210290310677854
2.2182990926946853
2.1799943718240327
2.1733865078656596
2.2193428702369085
2.186996311799121
2.198027013495409
1.3079283305677256
0.2892744322253912
0.281477608467856
0.2843537937164604
0.27962283299588697
0.28018996447979505
2.2142206194589553
2.180037631015023
1.32414429371589
2.202723470844195
2.187721363404803
2.2108565477085635
2.215117940208459
-0.24449993546845777
2.2060195316638014
0.27809501518021473
2.1479584857402405
2.1528481467290845
2.1691354614107032
1.1209685734592865
-0.004926751344873248
0.2836739028659521
2.1435819273406067
0.33650667179703847
2.1825266297687342
2.215416172826626
2.1955189223700704
2.2092652503518995
2.1769716781289796
0.6161816646443454
0.9754975067800292
2.165634602255929
0.23832864712256985
1.0806637492331543
2.1474046481311704
2.187758494349697
2.1590561717122623
2.185175394351303
2.1948883998822923
1.1408498808862828
2.1803473785831633
2.1659491540089935
2.2142689148548484
2.20383231829125
2.2128727694310575
2.1890868513127772
2.217180233467074
2.1592095251456467
1.2482235055239435
2.192904842717488
2.2135147823502255
2.2139246351775275
0.28053430822986514
0.0033240211683827625
1.1127122722989196
0.28036870639780487
2.191682838274094
2.1373987992563044
2.146896764608144
2.149733335526556
2.19634130512933
2.1152528735094216
2.2313601105706273
2.220613599650006
2.1855934424389165
2.154828913904617
2.2104391721575474
2.2036909096489925
0.3362291712328154
1.3093393021624233
2.2053807116969457
2.198510244509092
2.1882958893416657
2.2124246474688403
0.2790342008673496
2.1610384022503006
2.159807265315201
2.196144294177529
2.163607876244223
0.2840489349383842
2.1829406105214355
2.154621047650939
0.7918048134429749
2.1783333351899454
2.2319526411673425
2.228841317662648
2.217592641775751
2.178592152677215
2.2146451809036405
0.6961594151242565
2.2055794643808673
2.217868987076214
2.2098447814883753
-0.1606478937067668
2.1638051959228966
2.1943887078415525
2.177570611737162
2.2065123114838605
2.1987077192940445
2.190612796992557
1.3085533633243043
2.203581339923259
2.2390180600901073
2.1534020082417507
2.2205749074113594
2.240027408205242
2.2183422023640107
2.2145152045717915
2.192989725193624
2.159763232857635
0.4824787233347112
2.1814381567444587
2.2046733040959836
0.6202285841244571
2.2200415847869532
2.152773632965872
2.192543128368889
0.2849177107590234
2.2002442987036455
2.1953974839738546
2.168275418752738
2.1510554548193435
0.18708804455015154
2.1942009878179984
2.1316942861533925
2.199988866810741
2.225192742938795
0.28573001533606435
2.226181524981609
2.2105365079217743
0.666177712055768
2.2073550861071567
2.2400832488929945
0.28456360511610784
0.28446906320557985
2.1292648888368113
2.165959222821132
2.13960594529426
0.7041790812100583
2.214787022499936
2.203783231160709
2.214819659065773
2.2282088129881923
2.19246329932096
0.28535398054378003
2.2204677016367427
2.226030206250427
2.1951889014751256
1.319059465990977
2.1991084912652497
2.2246368532315026
-0.16835852719333896
2.162864112687321
0.9387790802109639
0.13879526527958747
2.2040576576312345
2.2045125382824082
1.2612494064228443
2.1973038186597167
2.207234080072803
2.1639652164085375
2.1516138845285764
2.1910298330201643
2.2292614349961015
2.204712620560795
2.2275961041931973
2.2110967097078693
2.1560981932345076
0.28758597214625503
2.1710373350824685
2.1798486574896763
0.7757649096736888
0.29446339373633035
2.1949201796249795
2.200627665691872
0.19508905953600486
2.1667727771906207
-0.15412036660383083
2.2058822444137225
0.0046950851333848465
2.215448196013722
2.208833149666665
2.1504205312401266
-0.1645896484666676
2.1805318671285105
2.2109704757334856
2.1794861814489916
0.2895077516234963
2.207320118392162
2.206354150580739
2.232233518883609
0.2874040897550831
2.1848503398407466
2.1935709966008683
2.1726282160509314
0.287384132756433
2.2363613300579694
2.2397647370992004
2.1985718382182062
2.218233518534617
2.2142407798206114
2.1945828259481353
2.1637876326171384
2.203223362401149
2.225415596033079
2.200898041087755
2.2212006342346764
0.30870234727917234
2.209628703150379
2.2488168499345376
2.1918005516406263
2.1779334933082
0.291608114486879
1.2475741663892235
1.274992393034667
2.219058589513117
2.222369937828738
2.1936227192217066
2.2052441853345073
2.2118352480713526
2.2234180538524333
2.20566867576355
2.1842366524156347
0.2415235346475656
2.178404889471609
2.191453430365298
2.2002358053645446
0.4635290844433805
0.8097060077327343
2.201342339904814
2.2047664915818426
2.2114094097834656
0.8462795103805413
2.185544282313143
0.28990343290084075
2.1833528230590504
2.2136713885683457
2.229307631241663
2.228767120204476
2.1615072773433437
2.2021283769386497
2.1960339148814163
2.2257863140115304
0.2857014634817486
2.229977208378101
2.209174846175973
2.20589869830847
2.210654817455482
2.159650515722164
2.226865662507274
0.006524937193049918
1.0871451994786974
0.28000904995497583
-0.1600264824299852
2.201274826999998
2.2182095850703103
2.2208709329278813
2.2134025667202373
2.21185131268195
0.28340240266084865
2.235951617642401
2.2220584570011637
1.2690611600961799
2.2263021283741753
2.237957684134736
2.2130367946023526
0.2873214176705482
2.2042084302621574
2.1912454656387967
2.2510116790015995
2.2210063193936245
2.173870317901984
2.168396690423235
1.083570256444477
2.185459558042993
2.2039579667716245
0.5614463963353007
2.1556391347668975
2.2147218525275334
-0.21992234826100623
2.214834030826438
0.8063893646735125
2.224275382711123
1.2018759405715407
2.2278554083538893
-0.2128501826370897
2.197579616319307
0.9487216304823323
2.146806497907508
2.203008636991843
-0.15355657344337348
0.6322465899003746
2.2077023001841534
2.2092289079770335
-0.04227336834112705
2.202338932356181
2.2087685893969295
0.2828917894791735
2.131115983480754
-0.16449158751758228
2.2416406754420404
2.196783648552576
2.2040379565772232
2.228307981396188
2.2169301655198854
2.2145879980961025
2.2124297060081686
0.182435627195001
2.182234203614117
2.201612375982932
2.208016684103788
2.211841974820359
-0.16018034207252396
2.2130405423657473
2.1820065392217862
2.2397789627670437
2.2184455784236596
0.28909141288226936
0.2799003136447881
0.7052932554066897
2.2256595153625973
0.6318617206582196
2.2105276968634
-0.16809806518390286
2.1851671912615656
2.218829301038835
2.234941830621371
2.2025346612862338
0.4567447769810996
0.2837689141293132
2.2401053229265377
2.2286327838982465
1.295064998946747
2.1908396368331693
2.2287052723173226
2.2014696942672707
2.2003486545000275
1.1248816258615604
2.2137790827198196
0.46211432539462444
2.191098771535097
0.28649420563841915
1.2621846039650177
-0.16666327104610867
2.1996281501772743
-0.16691805715366845
2.233992520085353
2.203670248025513
2.2299392061427543
2.166561904786928
2.215371887470262
2.1683007674281987
-0.3698521056623929
2.153245881038727
2.1721577470946034
2.2158972376937456
-0.16237603617334018
2.2025580262550206
2.2410177211719775
2.22011693057203
0.2822971080622374
2.178050753620413
2.21264657872164
2.118520752613792
2.227419921949811
2.2150723738602203
2.1899252990593006
2.1781153565376536
-0.1524612225135873
0.2890392054080309
2.201806314567124
0.46111455693063463
1.1649578632920732
1.097738939323499
2.187808102985856
2.201203634293378
2.1663584585750657
2.211740180919822
2.1830563095765134
2.25098504723565
2.238239730902499
2.1453042366101425
0.28804949999107243
2.202889708465321
2.201816877892957
1.2955994336557421
0.8102589459498089
2.2159857734259223
2.21741144794597
2.2120489307698197
0.2830793600988405
2.2203677404450817
2.1744199876155026
2.22895842936592
2.233803246655813
2.2004601643284096
2.2166814678003792
2.2131812661512518
2.145642543404653
2.2357902670153478
-0.15458446742039988
2.1644786744263254
2.165824003322313
2.18646527575185
2.1982877886420296
0.5696851276451419
0.16980839942986092
2.196541784560231
0.9897628049438547
2.180240514643315
2.192839246746887
2.1997922677936437
0.28493606725274473
0.2845328463965296
-0.16237639153696087
2.199787039809806
2.156674283433535
2.22629171174395
2.182202745297283
2.219279376250152
2.2245269198839157
2.182339513185431
2.215184399313225
2.2355768907822
2.1759202448753063
2.236141260808264
2.178770345158955
0.5346108516774705
2.1496491415219348
2.2164796748072257
0.284961504938947
2.2112256714331524
2.212524061053232
0.00457779548304349
1.3569270036841017
0.2867163905150279
2.2094050201380226
2.2181426037513488
-0.16017053236656956
2.1778909029504843
2.2199282044618855
2.2034396033713253
2.1842132276890034
-0.15469794120089003
0.46035179487615907
0.2879801214544906
2.2100046311816044
2.2423921270787845
0.28488430058546776
2.2216628330643404
2.2119332545585735
-0.21251104750841096
2.203342425682881
1.0132407117093543
0.6946142020847366
0.19114572615801512
2.181851442142036
2.2272033577854256
2.1938698985934786
2.152437743185864
2.2348697324303983
2.211198784191624
2.2404814644163173
2.215064290221338
2.232310308125138
1.1924583449105577
0.2898432749674244
2.2363896811619
2.219682592281268
0.2817276351108169
2.1910317596660778
2.1996996659851753
0.29113264020643465
-0.16518898805494073
2.1901251766687997
0.2860951455824626
2.2113061019005995
2.188575769257419
0.9657680921085443
0.2873392283614347
2.194563958001188
2.2199862632661502
-0.1639498393601762
2.199854427297052
-0.16892492704265769
2.2372363808293185
1.3007463781787196
-0.1628796938544414
2.203011515727253
2.1751712968563113
2.2269753233943894
2.216323372044914
2.2136272366329246
0.4918465535571163
0.6809170882750002
2.194930971507902
2.161775570983005
1.2742436870882285
2.183374736436387
2.2122057586091888
2.1308020684549387
2.1666732122787673
2.1929831174057157
1.299252743994827
2.1936273824779913
2.188353978607753
2.1805467394940363
2.154074108108829
2.204253189221163
2.189306415271006
2.203943133623085
2.195303205670351
2.171063822709927
2.2092581261818243
2.233251425170174
2.1942630029652053
2.227524788967836
2.2181720056802927
2.1829291753922777
2.2108060378500647
2.1251983709570776
2.2021119183899187
2.1572996377255445
2.1908921911902413
2.243793255914947
2.221912821068395
0.42414822777307803
2.208318452464689
2.1988720222178983
2.150621408757556
2.21842022566163
0.2818900837348844
2.198721692460713
2.2448952626834817
2.1936531793982397
2.192060950382981
2.2090466182495145
0.6995104120602424
2.1799363659168245
2.195279293057969
2.2027601586956984
2.1974307212435717
2.20575230453276
2.1814220284592905
2.1931314545833693
2.212900445767307
2.156881159750853
2.1803748908269074
2.1706472345627836
2.2178372206227444
2.1438450195411454
2.210555594998365
2.1958786197060682
2.1647907434581986
2.1450862144424043
2.13731973393703
2.2294785185330888
2.168364231524709
0.6340739229308244
2.1603008978167417
2.181775487814484
2.184681746890533
2.191784996818452
2.203603554671213
2.193914614781749
2.2205020285493307
2.2044552033382487
2.1609199594596995
2.2089533927593763
2.1896371180148604
2.2069660792401393
0.18689997919624918
2.1978089126947347
2.2198792660173003
0.8508466071695896
2.157599568241881
1.1420823640386533
2.216751196634722
1.154824940709031
0.8111975426098639
1.1245010782084004
2.2030036452030597
0.2831304111186064
0.5230377800071376
2.1905985148917
2.2021874822981093
1.176970672978048
2.200287973313367
2.197760525253223
2.2252072346219363
2.1905453765927705
2.1874674560962157
2.1870215218448323
2.1796739063597617
2.2211688317469243
2.184529888784258
-0.1626213772800304
2.203520118227437
0.7543758242334742
2.214618058321643
0.34284204522320894
1.1078771805272263
2.210920946429135
2.2089268600914407
1.3510370587875509
2.186101756115984
2.2197174655402026
2.2100413615247207
2.1742298298578007
2.172290319463251
2.1171904604815337
2.2174112568187248
2.1890763374333617
2.1733852415380985
2.1845614149650734
0.28557531131471736
2.203949920960239
0.28527970383467344
0.7309521161105844
0.2855135449204881
0.6705701521924543
2.2089287227002785
2.22055705457311
2.2068020131093173
2.1948781617228588
2.1967564308740695
2.2209394589308094
0.2881288542054599
0.7965588233945684
0.28751706184747206
2.172297846149508
2.2148453140108897
2.2017608580509633
2.259057590287963
0.31549908421844286
2.160609354862094
2.1893376366993755
2.188395023050918
0.6385761247095202
2.1819597811844256
2.1878646572740816
2.200273291176588
2.241382949655617
2.217496876032375
2.174074410383848
2.1993311911917783
1.2198493087336666
2.2167601805214114
1.1756166611181238
0.2808708126914691
2.1907408998471802
2.1938893931169283
2.2048433575298105
2.215728921093733
2.188999665699483
2.187600815444182
2.2512782731114287
2.225538021961726
2.1862356733102413
2.241611596032655
2.1812922184235672
2.197848481126985
2.206578418893727
2.213074739899513
0.7167890659557652
2.2126853646954086
0.5996917619646939
2.215979137025096
2.1672119973795647
2.1834215201199916
2.2260536371839468
2.1665297306226488
1.2562229051316651
2.2033626234803236
2.210873019175413
2.175411703202006
2.1676899616822336
2.2097694344316112
2.2046528477210847
2.220630703033189
2.2072820643958155
2.2402819587834655
2.2108266884952466
2.2163744736314914
2.1911257387965932
2.179711215822243
2.21497795152977
0.7798108883871844
0.7351378740621839
1.308562269565613
2.23442952558749
2.189578653312757
2.1987362567295428
0.9106783527916447
2.2246622216080882
2.2136532783721288
2.2230587842751923
2.2115750363544535
2.19687658297324
2.225383397284282
2.161887559698023
0.2876591415157165
0.28974211490081786
2.21433053622633
2.1744167810168973
0.9776467297800469
2.2053256232734952
2.2173945620153983
2.220616196993268
2.2224381052391964
1.1654638268118294
2.22587962587218
2.207747507080546
-0.1523449994509049
2.1862342702957465
2.2114603820830703
2.2102996142147666
0.28164534890449205
0.45620491414275016
-0.15989347397327966
-0.16561934013334934
0.28109119608449157
2.1579688336673732
-0.16725045924345494
2.2141294092077914
2.21874928055614
2.1945372152443303
2.223206413769332
2.1763707250981845
2.1752668372003767
2.1499430665388264
2.2143879285026964
2.2010852988930347
2.2341040016923897
0.40229721959146286
2.2316496748680295
0.28483342028868336
2.2176773802395893
0.18860626650381423
2.1752531601418763
2.1892080201839557
2.215405381527031
2.191552329812359
2.2039916102337167
2.1743954068483307
2.240873826241845
2.176481642846305
0.5908453716140529
2.205812389130929
2.2206722395332577
2.1723062863849987
2.204643237943806
2.21260372246297
2.1883956803277305
2.215917292320058
2.244850951826032
2.221376167799443
2.2259898679672894
0.28441175344761405
2.2141455434167856
2.186191746535361
2.2017500998334247
2.211051058213851
2.184930708042214
0.4495043180434088
2.194334707477321
2.1956133652253915
2.2386529744928607
-0.16104008585643798
2.211993489206646
0.2912404400683426
2.222739445513025
1.1700452566908086
2.19654297302637
2.2006157067361762
2.1918115384440284
1.2569049023466528
2.2097693064102906
2.2368755116524035
2.200882761962355
2.179527909077421
1.263251395442252
2.220079358797904
0.4032628444595975
-0.16509967825827832
2.224915848553167
2.1632728899915836
2.1937763203227343
0.2898498180008857
2.2252369794211244
2.189781033220996
2.1903391561247405
2.149786316682418
2.1582771636570426
0.8487864383928858
1.2578915104015156
0.28523510487040776
2.218466535738915
2.195683470636627
2.1998163839149685
2.21104365237788
0.28385546095588937
2.1822980973674153
2.2276276496604135
2.1627205174985265
2.2016221710049235
2.2125775201423075
2.1956028332117894
2.1940318103994985
0.2879979153130564
-0.15216052529358776
2.204142738086245
2.1651856889340415
2.1477423306758876
2.1917822929625075
-0.1560258861669489
2.219587842145498
-0.15654015543137698
2.203288601481951
2.1815665278401077
2.2142922863655894
2.219168440654002
2.232397315443098
2.1638143906502
2.217088858693865
2.2075273055063245
2.1571394396634576
0.873582852367149
2.1491175466103605
2.1845550508097342
2.2045063289073092
2.1767847358839387
2.214106803706316
2.1846317764505114
2.204500838590108
2.231712807829357
2.2034088817819097
2.194726500471238
-0.1634898406063895
2.185271713527129
2.2298772794053296
2.207433896664985
0.4581792027487155
0.2810603931056025
2.2346273095138933
2.16288309101092
0.28291532243991335
0.7897849529402892
2.2405229215088713
0.2826983870359954
2.1771685836655847
2.2167189364354387
0.3704958166647222
2.1802840157800496
2.156735160434595
-0.164628796854301
0.6402343159186183
2.213643877029365
2.2023422360566967
2.2280808267148435
2.216118814324992
2.1727040546991283
2.2004723831622743
2.2283417541494246
2.205805069539389
2.1907581218189205
2.212870356348991
0.37906145822839876
2.189695246026778
2.19069976905505
2.2047323378284203
2.23247848164045
2.210465728280181
2.172775876405436
2.2082640737274204
2.2093430844523274
2.23063438807095
2.192327162826502
2.1946269211706944
0.1855287629576306
2.194118636596607
2.1799190181387735
-0.3214173054055923
2.23035677939059
-0.15936585707908377
2.230855687177897
2.206622459903031
2.2254257918903675
0.011192907041950695
2.200736506899391
2.1486761937770433
2.2212620724029137
2.1875535305893687
-0.16255807651254708
1.3086959885924057
2.2324070685251307
2.2057640000139624
0.2835787005010481
0.2850984603409549
2.209235553486127
2.1937542100579046
2.1933885778028217
2.2215411779804146
2.215286659240968
2.194688543741287
-0.16115178110952139
0.36939059985841827
2.1878279022776486
2.2248320840182956
2.2172268218405415
2.195899044674893
1.2562559492749603
2.1755532956913983
2.2274686931005814
2.1880488466239045
0.8249267190036791
2.226805844814104
2.2219206711486996
2.17576627110585
-0.16509074821104752
2.1936503733605313
2.178425537281491
2.231787802883034
0.1706457076092115
-0.1600288684481913
2.159633190739984
2.230129082767174
0.3487668322230336
2.2186245114330014
2.2326165820150816
2.2368752639642473
2.2051845628566866
0.016420115543144542
2.2339411900156647
1.308785072245145
0.28765167611773923
2.2059314844568934
0.7800849103133181
0.7963739253706682
2.1904831089079204
2.205128004489799
2.2166903930240522
0.2851078532049493
2.176779236117233
2.212044176300889
2.1938987623056643
2.216614991700174
2.2296117270449156
2.172174410950836
-0.1623010715420585
2.202112261140231
2.2051999510221174
0.2873649106241341
2.213515061403822
0.2896824365489301
2.228257356935824
2.207402605512291
-0.16334724071856058
1.1332125114798066
-0.1691694306073222
2.23901305022587
2.219823701327071
0.28449637317577414
2.196872404587821
2.2302185807419708
2.203569282440787
2.2164712930445862
2.2337270945698515
2.2363146186566647
2.203620566196995
2.2030372263480413
2.1808043409696594
2.1996609229956805
2.2203093302229173
2.172468137965989
2.1517697229567236
2.2108581221578993
2.2299159268548836
-0.22333667585415554
2.211271829131878
2.21703565656573
1.2825236010012573
-0.22543852895976713
2.157662706148372
2.235835177436874
0.2824546728475248
2.2352604637999196
2.220706699376959
2.1917581900288505
1.0968055255866713
2.2047000085382837
-0.15050014718412646
-0.21358246489503638
-0.21679231422985049
2.1765923365506366
0.06323581249862475
2.204845208819151
2.1966601947453217
2.2369032564111393
2.1470640167271346
2.191054622724799
2.171006713726814
2.1965981876589447
2.200340269762737
2.174477967179853
2.192477308483944
2.2523421833743247
0.2866585778170116
2.228105798516393
2.1845139179847233
0.2852397044454597
2.175702265433458
2.2185505609473517
2.1891176174077938
2.173595254343209
2.1445023816378708
2.1709854754958973
2.239761607258566
2.2041044044111016
1.1590996245739158
1.265661835860913
2.2156445491613708
2.1995473742424716
2.2037048761480316
2.14302291963714
2.2168202289674763
2.1940044373373877
2.2225820905550884
2.198021886223894
2.218082658662199
2.215424493157828
2.1324460309436555
2.1465500492332272
2.1821407774379193
2.2424543405581367
2.183043345945639
2.2087858765873634
0.13019806198630585
2.1716269991364436
0.39332863609889385
2.224654603375722
0.2878118360681118
2.1889938530018718
2.200335498879577
2.2253923095172556
2.199717105470033
2.1976594858723613
2.195197038431479
2.209944637357707
2.177652022022874
2.209769102790664
2.2279167503118966
2.14424329190415
2.224128664322806
0.800165042519196
2.2636025335786014
2.211701419510087
2.1652160560439087
1.1936782148853697
2.1947324040588696
0.340499791464571
2.224026421075911
2.2117312537134506
2.197481143687802
2.2106579522751186
2.2053898871446194
1.2715385231885619
2.1965943791286593
2.1753251788354317
2.208554270171315
2.2269496618155564
2.150787494354053
2.2190987456982625
2.226922000610336
1.3199314580702046
-0.1549341341375547
2.1994272616771466
2.2127560901142367
2.1923379901697397
-0.15230728386094738
2.213014450353043
2.1783700408542614
2.185734456877657
2.228962729297619
2.2057042420113175
2.1958873070314797
2.215813489452163
2.224029445435675
2.174590889453986
2.210406571467012
2.2176879365384474
2.2141792897273964
2.217785188887251
2.2149164686085165
2.212646384714074
2.2161650493350553
2.2309271699503923
2.201479325901121
0.3555178053715352
2.218465730370671
2.1790311911922813
2.242365371743832
2.2007985720082752
2.1787191802865014
0.4651731902887677
2.1950362156527814
2.1950010589243893
2.1733185729158917
2.2261252870244856
2.229566475641331
2.1969475126420877
2.1927454898014473
2.1540135645457013
2.1934995592447217
2.1820417582228515
0.17966539257373554
2.244835350624541
2.1738599857906316
2.1892671627445175
-0.15616121678794181
2.193426563860192
2.2272277785598162
2.2011655163551964
2.143972394549769
2.1886609603185176
2.2058167731705702
2.1885378495170587
2.2037124199343117
2.2020093416936093
2.18124962704154
2.2024633999753163
0.8906344714403823
0.27242132243682343
2.2003666486396627
0.28497514008899516
2.1664729581499103
2.1871102809935206
0.7715975839631518
2.198732784989714
0.8771933061967105
2.197063110515319
0.28591496541931594
2.152200154450873
2.2101408555358013
2.2175597414670767
2.197972774602101
2.2003539957400546
2.150229568407217
2.197577698691821
2.2303218737096366
2.2446922523127593
2.171790538655994
2.202667618288771
2.2428261583365314
2.1845232184951207
2.232414613777759
2.2289980997198033
2.1746486466431993
1.2697031640604637
2.1827946996078236
2.203935377926636
-0.16259356903374966
0.27955134218653704
2.2437512536882203
0.2879657311342309
2.212489193177165
2.1919204465069564
2.1949121888690772
2.227915648266973
0.46605699169838766
2.2180519487543866
0.45255028166291383
2.1881585532558745
2.224766254190671
2.125400066463431
2.199756897587184
2.2159486513285187
2.1600296981896556
2.170616438864212
2.2003636532807715
2.191518152523323
2.2049589973662806
2.1844614312697366
2.187419017608593
2.19414744056873
2.1975856985107667
0.17705803418827304
-0.15962044960038446
2.178393173088595
2.2104250005931454
2.204379529047392
2.1964836417929794
2.1969751987144885
2.1990546945734524
2.189539116221318
2.2299525841391645
2.2345668927488473
2.186292798331613
2.179569909345995
2.2166512620980328
2.2125375701136143
2.2252093139636537
2.206119128075678
2.1913146371822285
2.178262291027174
2.2046578033793027
0.4124788118452356
1.0861400654759905
-0.163261347801261
2.1094580629866817
0.28807377216351004
2.1655116544275694
2.2228711063605737
0.2842025469291707
2.2248738754708475
2.1912969562429305
2.212837366032494
2.2281451529237843
-0.16207581760207895
2.212023399599932
0.8034101844391339
2.24213794795192
2.240671225081019
2.203772993089305
2.187377977644667
2.205554941577234
2.2085631119623357
2.1706254231641897
2.2075091811561376
2.224194086377307
2.2205266099625547
1.0255953887054599
2.238122151320223
2.1851563525655076
2.2466709397382885
0.20146645194635296
2.1816746628881902
2.2060610814763044
0.2840175660121954
2.2001542744015827
2.183844394577102
2.2008145755053308
0.34258054940741123
1.1372296177911296
2.2031901822998066
2.167742781531485
2.176625763930285
2.148602794348906
2.1974087852867075
2.2004748029265917
2.2287119209229536
0.28804845104844923
2.199631324939138
2.2098151548370795
2.1211148251671137
2.182294477149768
2.120726488262224
2.224897468432646
0.8115394592954999
2.2044002452867106
2.2118679228312885
2.244719996852977
2.2018354544552947
2.157777605797418
1.108934588991699
2.176658400400217
2.1741619608807703
1.340208596751209
2.164319518417895
2.140523411093975
2.2314805808366196
2.233953030360158
2.200211270990672
2.1981835420568228
2.1766718085527206
2.2020331754023132
0.9346525277248607
2.1772083457683493
2.208760939560025
2.2281069361568595
2.172308835500561
2.168916425835448
1.331059151200862
2.1861965120112536
0.48100371967423916
1.18132074428402
2.223871966279807
2.201207671927551
2.22510731060461
2.2135759562049944
2.2024986620422498
2.219326124067857
2.1892408101371936
-0.05281874012650911
2.1709574027568417
2.200675754597207
-0.21248097652918158
2.210114477077899
2.209078038160507
2.206896019082756
2.2049157788972877
2.2374197908028943
2.1816427033560872
2.2162371345234058
2.202353229768747
2.1993932331881143
2.199448912136089
2.166263644011295
2.192584072596387
2.2031405774608497
2.19650943745965
2.195405051561176
2.2238290168408765
2.2414196656116387
2.213755732740438
2.2052404765979228
2.2354653631874823
2.2071799249968573
2.194401919646852
2.210713986820286
2.178206270201464
2.1852195347535694
2.1951053564267182
2.177573120400674
2.208741748304149
2.2112153220750668
2.2042783407316957
2.225143003410812
2.192382823970687
2.219622280220528
1.3285253326242104
2.2325282473061123
2.196996858388464
2.174179734268537
2.1906864656151166
2.2296357319822926
2.2298842942062196
2.2240088660662676
2.179111218220179
2.2206843904134654
-0.1563825092913822
2.17128542408108
2.209415243951628
2.2074165370681627
2.1868614059379565
2.20903703992807
2.197667595862577
2.145455813689776
2.1945731089619414
2.225027702025997
2.1763677371959984
2.156322859393746
2.2153488645580675
2.180965064668066
2.1793771367009387
2.167297646557483
2.2115927050693833
-0.16028555295120153
2.228973851595149
2.217226331627277
2.2057677374907634
2.211193258833192
2.2053544590455783
-0.16134272948220482
2.207306170316036
0.4682100445596114
2.1950283133310724
2.2184063074593547
2.168782702553254
2.1951415395897937
2.1837867693155752
2.209080082126962
2.223875346176062
2.202766815030639
2.2046952858224964
-0.1684977288042595
1.3073192461006014
0.2842403794754009
2.203031951863997
2.2097452389029577
1.18325182175795
2.1927856449210785
2.135088553483264
2.180242215391652
2.2122211981122026
2.1670121239000215
2.218287232063315
2.211351510314308
2.1973746912291072
2.2144893760830286
2.208904843015948
2.1904984630947735
0.8262686986414346
0.3463866115454595
2.2180410402012
2.254718572507975
0.626848678148987
2.2116508995603343
0.693363018775454
2.2045427033188556
2.2192441077160554
2.1954517297324587
2.1989265297058394
2.193992415759302
2.236083777239954
2.223048260868554
1.2542108696367171
0.285192628631493
0.8952304715528483
2.2308931273306096
2.2371284760710255
-0.20365627934444597
2.180483868445879
-0.15545284988484903
2.2077885883891897
2.188065429455417
1.2910379806221575
2.1954732443096363
2.198994605319954
2.1968519519377754
2.239937034117622
2.205638423358453
2.1793558068457735
2.1811762022025754
2.1997425647947715
2.205872542737871
2.204157920320823
2.199908579322442
2.232496108779718
2.1706737181208853
2.2137747414426707
2.2110495167702835
2.167257690360122
2.199604915804156
0.6473391296606821
0.2892120620726446
2.154204504628799
2.2110706599289465
0.13482361662189735
0.2786657743760414
0.2811709689681472
0.2760026857892912
2.2149518782328057
2.1877320090717762
-0.21663455484640623
2.228271330450199
2.2252227668279065
2.1960317675572485
2.195810574846518
2.1978021484455574
2.1742902061657
2.1790335373914718
2.2162787695858324
2.1825716662958676
2.201959875492352
2.2192265311511488
2.226457490058176
2.1860041458349153
2.2025966653525058
2.20240388603525
2.2024781756015077
2.2090889374762024
2.2173259760263404
-0.16710223367269275
2.2298477050433574
2.2129282970642734
2.158694403305627
0.9582214981219004
2.2410486711103106
2.194341628603722
2.1918991768014853
2.21179098901188
2.2483309929866095
2.153777326702361
0.28942064476304724
2.215242098466728
0.28677016472156575
0.13856377200095993
2.224511559434103
2.1825252504462203
2.1970814711972384
0.48805772693474325
2.2031147277289262
2.202963132494011
2.179274368585898
2.200959378897408
2.234343323887783
0.2827496203681172
2.1944032157404774
1.319837678710231
2.1960216567155015
-0.1620564382326273
2.220625770371919
0.28616555037333213
2.1590484910991163
2.196044281925042
2.2242976305189166
2.2311060285262365
2.178177850352274
2.1835180345819643
1.0841305769571032
2.1982380954339265
2.17944870091889
2.1787251961517535
2.1625081828314814
2.1894696651026653
2.2107426697951356
2.176709830876211
2.164575995214893
0.8225643500496196
2.202903685316996
2.169487197552643
2.2030491633889024
2.2205552099452155
1.128062333516372
2.2077474085668163
2.185784285525745
2.2254732597784708
2.1530513657970394
2.2230165314295496
2.1620158435411003
0.2564710061443024
2.2064531820548656
2.1983110417386613
2.1889817265263543
2.192698013973655
2.129766795682794
0.42536599507578265
2.178038719635665
2.1875206441420367
2.1888973959236804
0.6554771326803185
2.191528457737581
2.1698672068981018
2.248046566378453
2.2247871914753996
2.158100234524158
2.22758293702335
2.215081210305337
2.178802263162333
2.2295623782216443
1.2126703882043524
2.236096405027025
2.215906412854173
2.1705624584103145
2.208651327545693
2.1931051418105865
2.2295153062419466
1.269546345630811
2.229984142693172
2.1914850229157494
2.1869612194825363
2.1956739837851775
2.2223133122458427
2.157018131299984
2.173741225970108
2.1559500477927633
2.2532559597356534
2.1941110298747066
2.103455863323809
2.1777542883408594
2.2121008082865363
2.234227888247124
-0.14817332493773983
2.211294348713496
2.2095647108863887
2.205339811369708
2.111898938972839
2.2162121978132934
2.223310111920842
2.195542648497154
2.182460993503888
2.216302899197856
2.219369972726441
0.1760811699140034
2.192537579768718
2.1774121013149976
2.214887985750262
2.207929045329343
2.2315574491052645
1.119412747934018
2.1716709382376207
2.1871000809217604
2.203621040188424
2.1952481155240777
2.193095021636551
2.224733829057273
0.013067014581015723
2.1848448143342427
2.1697569801899608
2.23721886510426
2.2225040503611697
2.204578778143234
2.1777092183082765
2.2193108675255777
0.7899133805148302
2.22550673629707
2.191724016124925
2.206429928068262
-0.16431876826089176
2.20560037976408
1.3154997267036523
2.2268441029513077
2.2215632811368176
2.177890242010423
2.2034868480867966
1.1062410096008128
2.171051910390401
2.2254056504042907
2.2000534983957643
2.206122373215783
2.210769395807211
1.3010298252322183
2.1668869996670024
2.2181303410054096
2.214541435636102
2.216389402563622
2.18573879964122
2.2157689803066996
2.2060376083819877
2.1992998265714045
2.15012268868703
2.192183525820571
0.8060142266731122
2.188060719060327
2.1919853602031725
2.2130346828523684
2.2094891874094778
0.8565913922251083
2.1973849951847857
2.2237503387104107
2.211260966463075
2.226589184150377
2.1842544212552064
2.22013128708301
2.1802135090161237
1.3273780296601985
2.1796825042384835
2.1955170507547717
0.6533006300171482
2.2156568389910936
2.20061063503666
0.28599284338916187
2.2049705882140236
2.113376818117329
2.2380712734048025
2.1670905473923616
0.004647072175821498
0.8049961244238508
2.230180205470259
1.1957656246114365
2.193926756203081
2.2197735665581493
2.202946444550106
2.2111133021788953
2.2070299924445917
2.1995683365974745
2.1886994782545717
2.1721694534313665
2.19238617980191
2.108960986657202
2.204079374965268
2.2249386584511845
2.1893008419747577
2.2192776248885684
2.219288824248701
0.8679716422495023
0.8097415992263889
2.2077728628955713
2.2333006294956608
2.170647489899733
2.1643541283320467
2.206899952498405
2.2074347199979902
2.205825692845439
1.1391975434986388
2.2334436536774884
2.2401347978940507
0.29151907946228606
2.2212838028636144
0.6462196217150933
2.1915721899822938
-0.16488480147446527
2.200695748255914
0.2904472647163261
2.199156124227536
2.237591053680974
2.241247850025983
2.18828948253468
2.193034455342544
2.1724991683103774
2.1825619277045796
2.219476630831778
2.2515932597131405
2.2426836535454022
2.2088806881751353
2.2032324620491277
0.9778265657067488
2.2354527087806075
2.224538011279801
2.2036596320789616
2.2119111184744233
1.1574988970447142
2.2474232522201802
2.1825008622242903
1.3201884503602217
1.0951492238235518
2.1877872702815084
2.2343906976997063
0.2920185516885354
2.1718296801590027
0.20305685449701788
2.213025012026466
2.185785539487578
2.168097237643983
2.19225244103935
2.171549186092327
2.2149024304636113
2.189552367490422
1.3277771360106405
2.229555236983385
2.220857643983525
2.2025060144522692
2.2335840354324796
2.2125632706395972
2.2120724918145944
2.213540261056546
2.1571780069160837
2.218500757429563
2.209515785775535
2.20472212563656
2.210350305891214
2.1682976092277153
2.2107450841110357
2.228086892982258
-0.48575094904591254
0.2896974328868498
0.08027172448261244
2.2265491775509334
2.18449860445528
2.21074241651656
2.196671283474708
2.2162107740600367
-0.03983744531023414
2.199871291596115
1.1468208797048034
2.2194539842648915
2.1904110578482996
2.204605584183583
2.192249554600716
2.2412038476573573
2.1859024812260506
-0.21221181609494982
2.1933303072710633
2.2130782171651227
2.208689349043684
0.28797133316483187
2.202479461490908
2.1969048715592585
2.221422170493601
2.1786063171655132
0.1746732086427682
2.196758627256929
2.199319464895608
2.167945263518369
2.182660512502993
2.214216673980567
2.2216545313146234
0.6658612344192769
-0.16661226499528436
2.234494327405839
2.1801921494337395
2.1961599788152966
2.206329917328757
2.0874302818323773
2.19582051958601
0.2899316028229112
2.190147504877357
-0.15999669955095214
2.17687413225782
0.2879016375980282
2.1996432977943687
2.1996586383757966
2.2464478700179105
2.183566160716623
2.216979556738781
2.2267982328045486
2.195369947104778
2.211879215845374
2.2065952802306525
2.194958878689226
2.2058299440310245
2.224623392154553
2.197050162876918
2.2382746786579655
2.2133844590122775
2.1977618008125255
2.2130643852525305
2.1937754883115597
0.2815779769453148
2.2206863275703688
2.18880144652303
2.1807984336224893
2.141006545939293
2.172630031212531
0.6391025358944753
2.1819308591069806
2.170049232385341
2.177753288502192
2.239236324917856
-0.15492412572569986
2.233566776776713
0.2910502755175246
0.28361842475316307
2.2085519927723096
2.2165289640172503
2.2079274271247913
2.2409802143071436
2.2195401366019274
2.225281278510532
0.2882091182871056
0.2893970849724449
2.189910254313437
2.188569075928201
0.6896340844702411
2.19552414894214
2.190784086662058
-0.1538724104093602
0.9333106863623742
2.20834718007494
0.2889254473857328
2.2126478136081458
2.1695919187578196
2.22982201047597
2.2246787342695455
2.1712330925068337
2.1962016891627085
0.35448341093946006
2.2081818271849514
2.2205751644191825
2.19325912476077
2.2136157515763886
-0.16358003141059363
2.1943723952891885
2.156968699202581
2.2208380812782456
2.2003787913449493
1.348696407606594
0.321292483068268
2.1321934486928464
2.2225145146047716
2.2487108807549596
-0.15695241203445176
2.222148962641053
0.027143599402221275
2.247649870169013
2.2255943583904845
2.245591051756014
2.210700247709277
2.217293217949642
2.214258920833718
0.2982645505313686
2.227700037725092
2.2087171872033355
2.2212696294303305
2.175755656805837
0.5024591179120568
2.2253032632540437
-0.15568699559469024
-0.1509015418298054
2.216621500637549
2.2176582179344
2.2264314232773925
2.2232484179736747
0.8882182613764616
2.200860549987425
0.025635798299331436
2.2211648363770022
0.15367961191864
1.1733741814302578
2.2492380958109024
2.2220568757386414
2.231018541609009
2.235956546092006
2.2247373606016523
2.2011690924026612
2.211861203363704
2.229384863786947
2.2180809042818983
0.2971318098300383
2.2439168586861657
2.172951571638734
2.2326126128951067
2.234712877418425
2.2352522595665296
2.233073441825776
-0.15796061904687483
0.2958097606677855
2.233078557310828
2.238667071334992
2.2314707428772373
2.2111466665336583
2.253721921425701
0.5426612564901188
0.019495897643081295
2.248750364508572
1.3511364567778836
2.2021907382351826
2.2386823763778203
1.3203874636452329
2.2346386339628026
2.230632788220779
2.2239204512801085
0.2899555940479287
0.528710358133874
2.187754818683662
2.2151115340456684
2.154866511237725
2.2199719705390493
2.219869606142609
2.199779565054209
2.2245162471595044
2.254764210826895
2.239805207388822
2.179694397273967
2.222947500819661
-0.15833893563211957
2.2248626775296163
2.2159622314632133
2.2136675770760474
0.35127470292711593
-0.15964902587623278
1.2846536559056172
2.2447657702162758
2.225603118169741
1.1566233067813874
2.2288428966253644
0.8782276629225745
0.2918965381674976
2.2346762080849576
2.2267140854024197
2.2123631139051483
2.2208107547092615
2.223998568819562
2.232090009997603
0.29177550414507025
2.2410383973173555
2.200747465443989
-0.1529044144091049
2.221267994798838
2.175862501922851
2.1939699368171706
2.2503517859495785
2.223675973586153
2.216462078346453
2.1964475606286378
2.171186860879346
2.2185361059922935
2.2190427874345207
2.2101165341572253
2.2267603635190634
0.8545154412092769
2.2006591329431124
1.3337602387913512
2.2204117452800833
2.2128185261064472
2.1894852130763356
2.1948176863871147
2.2096201605920776
2.168777609775451
2.227325325136645
2.2140229564032596
2.224352529030153
-0.1604629049864627
2.231442943207696
2.2139249344691905
1.177803412116791
0.2915062324837786
2.2335196844142313
2.2145788387042478
2.2274437840780177
2.2363299443521854
2.2326115326493663
0.290171401624736
2.2144302178565494
2.247166328363571
0.3882580199583868
0.9887035259519481
2.2167648179365007
2.2493004221075474
2.226621679272625
2.217128760492975
0.2914346354184334
0.28951682856074773
2.1800038931394923
2.1962058187703644
2.224127378945875
2.212946468268686
2.2166842020995228
2.2186152045261816
2.2249955198818157
2.2147530627230414
2.2204234545129657
-0.15495861755047854
2.2414210160914863
2.233547637901921
2.171576609865702
2.193635881451386
2.2390314855679496
2.230955350025858
2.2517565860398623
2.202620953429159
2.1873126612657368
2.210592509503008
2.2239816068932106
2.214091379233864
2.2353689620305754
2.198922655917998
2.2162645348765304
2.1999262753156037
-0.147879980827682
2.1845018342203444
1.3336905071188387
2.2133250093587256
2.200282542388022
2.2460636378323064
2.216234161714247
2.221712370418783
2.2072719428979672
2.229330990357887
2.201335724001928
2.1798604385423985
2.245522850109699
2.195360041492954
2.2500595377500314
2.220990404154632
2.158803548641139
2.2045437864723354
2.206026395877305
2.2361290097729665
2.182234884944628
2.222013874550854
2.2202734327575504
2.1778359287421676
2.2180695523243386
2.2052905489578785
2.2159028938120353
2.2076369713021644
0.658729774233351
2.253581578693157
2.2065924586930246
1.2873114167607338
2.1789611656057217
2.2190474665357165
0.6430050294254955
1.3001553251090179
2.2110773775817822
2.181566696575478
2.2035904606453314
2.1634566090357543
2.219632334060557
2.180333416256327
0.9880302192213901
2.1894186221387093
2.1831557648653774
2.235100955962145
2.208896994871909
2.242829416643406
2.216291298418474
2.2030721144680676
2.242987741321505
2.216701560650076
2.196910354400358
2.233937137958222
2.2457654583138966
2.2240411733940078
2.2438666526119575
2.2327804039261476
2.2288152496800286
2.209712966615538
2.2090609934885626
2.2276327541346896
2.229941190396592
2.224206656623506
2.215573963929584
2.228093905036502
1.0934492942716236
2.235821333492208
2.230951740271137
2.236654950992493
2.233465507774534
2.222143011752797
2.212081190912187
2.243552708857423
2.2554415056318584
2.227305263552531
0.4993748728768113
2.2498773754369212
1.3490594584515423
2.207059763128346
2.186484624094022
0.9088256980683411
2.2166782239906375
2.237669518002005
2.238384569066743
2.209325766916934
2.2261736730797272
2.1955634931766994
0.8278954997965362
2.2226680439910127
2.2471072021522067
2.1970590729998705
0.019154414735568503
2.2082193021877274
2.2358739759147626
2.2334472533967586
2.24014774844507
2.195087106069325
2.2499749750260563
2.237028981478818
0.49150378407303486
2.25564224962129
2.2563456706118954
2.176666423551413
2.173045218395676
2.206385120085224
2.227944618612522
-0.1576335391486543
2.2203238686338755
2.167690800150009
2.2283924087283506
2.23082668852628
-0.15856813809901704
2.2067821679593242
-0.15699329026753947
2.172789844607857
2.2321624456242004
0.773846696504837
2.2424889635839627
0.29239147200117155
2.2498786114502343
-0.15489731337566964
2.2151238502348978
2.1948380019960325
2.2002174237564267
-0.154548217625157
0.2936835669016721
2.230342156583387
0.5421197291468625
0.3184705110279102
2.203792485544194
2.221870529993394
2.21406657684126
2.2063799056836064
2.213710482480023
2.2320943339270114
2.1739947774661594
2.2386113836470063
2.216946740907955
2.2222358494440586
2.2615882281762745
2.2151930429858044
2.2273414291711013
2.216699197131148
2.23458318840946
0.9837831841596105
2.2365784347312356
2.2156784663752567
2.1980246975474502
2.2438968995023636
2.214947743314635
2.204930502308731
2.2476500563416506
2.244762704998641
2.2227698938432274
2.187639480718471
2.241479547699873
2.257552229821233
2.223243990283753
2.226128994768996
0.8809876584378028
0.6758160477540299
2.211569177310876
2.183660017942536
2.235681262948254
0.6260132127427607
2.2170678988024823
0.46003785149746523
0.31960069857390966
2.2420829877666044
2.185226852094413
2.1845360107269176
2.244093342281146
2.1928837852001575
2.240447095066246
2.242828562211222
2.225471762891425
2.22975859582855
2.1815800165430224
2.1995698797371284
0.5059191911211084
2.2189167111355403
1.1525394979140589
2.2216401725532897
2.2382875246192744
2.1777639463272522
2.2035146492647897
2.1736228111863403
2.2222159393825667
2.244706731963892
2.2290972158070463
2.2412936515440385
2.2045722700596633
2.2409492065609715
2.1986293246313
2.2556078895105616
2.2229499854381207
0.4714747914165738
2.2388037074318925
2.2230106466239703
2.1761652044023134
2.245294124178895
2.247502807149643
2.228692110640285
2.2270662141312303
2.1968787704101227
0.2950042644664918
0.29332309176294585
2.218139010623579
2.209302980375565
2.2233970225901647
2.2305074921858665
2.2100735376687783
2.1445240146912186
2.2319516574264924
2.205551155392717
2.222531143062533
2.247832923865765
2.2103226007983316
2.212754531632039
2.234935820710959
2.184141176723856
2.2261351082584713
0.2944013238024597
2.2312160693469796
2.1813086966853543
0.29512692819598324
2.2350818778239594
1.1257196760433597
2.2049989270885346
2.2253399912204683
2.2256624833176257
-0.16095147270435173
2.2489576987275024
0.8173338918142784
2.2386732732531005
2.248191768541245
2.2441691277803653
2.2333816445266246
2.258815990580665
2.2343650448268644
0.015740633765634504
2.245331623328471
2.2285385828137123
2.2153969572070924
2.2241547235979557
2.181867971704967
2.2441457340533075
2.247974215927631
2.174439656384362
2.2104291223519166
2.2074204901054766
2.2088735693805477
0.2955216186999652
2.229635249433705
2.2265551353810067
2.2494219500414894
2.2036441638424282
2.235223274916217
0.3004348406018771
2.2427819041417836
2.2357789701415887
1.1791015133013139
2.239348595877026
2.211216606799703
2.2420152582876547
2.2437201513180853
2.239305680768289
0.640725622171191
2.2164706327823507
2.2056907715929763
2.192819736398519
2.1547220139713517
2.1877568143658914
2.2266984085712216
2.234752023161012
2.2471611287910047
2.233912070992405
2.2521538270128882
2.203060781812214
2.2448651205635035
0.47096375057866646
0.29314160148415264
2.2385511462986787
2.2451231798655886
2.2458449566874226
0.8316297474247907
0.02228667418840269
2.216394499882751
2.259402947721501
2.234629091138929
2.1964058513185316
2.2349661928153033
2.235077107112713
2.2171534806233626
2.2103106580269483
1.32707351747514
2.218191841192609
2.242919713005648
2.2053850788432987
2.2583383082144177
2.199199860562139
2.1915448241144073
2.179567918825674
2.2276612329126344
0.8772454500429
2.2286237255157544
0.29285822804431716
0.4630870153320361
2.240491059208508
2.2292503396056986
2.223205175625126
2.230214667680985
0.7661947423352582
1.2660786816050846
2.228228710905255
1.000460306976126
2.246206294219475
2.249101383148578
2.2047929927588097
0.5254247307966561
1.2877050480907564
2.234070900543105
2.2042827522371633
2.1827132060051593
-0.15314946596075305
2.2200141694854727
2.2106442550655565
2.2046657466731783
2.1766286664173045
2.215109769356342
2.2095737637384
2.2277520839275122
-0.03320078449306457
2.252193066058403
2.2135813332867103
0.2972510498070427
2.23049880469192
2.1684936905061076
2.2036504264092995
0.02331175247823636
0.2915527348324489
2.1948175123004154
2.2001956509221556
2.2078696550747714
2.20603570232873
2.2033385965454784
2.2258314349668824
2.242483099811399
0.8251951739619117
2.250631792287292
2.254012500897211
2.2347442560807997
2.2408996230716562
2.234920960970774
2.2456495845224858
2.227496676993337
0.39144096135925033
2.22961923271052
2.213840351494079
2.2163892989659923
2.2199915880480914
-0.1479906642620389
2.25055150507902
2.2163892280006148
2.209541659293981
2.200328014579224
2.24713800442155
2.236833359130531
2.2138085381134234
2.2077626323243495
2.2141784583433353
0.7274789287513683
0.19781478102871153
2.245089623062123
2.242087594486521
2.2315062793655853
2.2480111496116155
2.217468089210173
0.36435268360648704
2.2072700825189506
2.204700819424716
2.222695281832342
2.2415725151602226
2.2189969498492808
2.2327369190251174
0.7207504826938937
2.245841710244953
2.2086758221508322
2.232819374567076
2.216955588129742
2.213263152427158
2.222707832391369
2.1773053376050764
2.2214052460211344
2.215064118317697
2.253935812399283
2.2192472709063322
2.25694711732138
0.5358896727187962
2.250369657790942
2.2363546970244004
-0.1549209381177351
2.2364577376691726
2.212711526918285
0.19160465358289008
0.6373529591468519
2.228887426345557
-0.1620009823131351
2.2428333653269723
2.210910456865787
2.2300004525094597
2.190755071795653
2.2499357596161254
2.235685623010367
2.243589192621908
2.2191754785132876
2.2035284543144655
2.2060654124633468
2.2484689840683654
2.193575228360516
2.228203733000517
2.24418219009914
2.2209653223129933
2.1918932368670543
2.202528971600091
2.2337983575328515
0.46529152895142734
2.2378252812462205
2.2263885581637366
2.2466384924255
2.2149109445247985
0.2938485708289849
2.2214878085179777
2.2196717905664247
2.186649870781576
2.225687088534825
2.202647499367065
2.2050775195646457
2.2154446874757645
0.5493742491587794
0.300807531664431
2.2451895361763965
2.2190985564919945
2.237572471164448
2.2299084291018803
0.29431125019690163
1.261288504900532
2.2048236929923544
2.256753006244537
2.2028556528806944
0.19562527973039984
1.1651157401763816
2.25904242729199
2.2260214718044162
2.2589127079561173
2.209429558337666
2.2408325097059527
2.2505411475916315
2.2055942959885684
2.239876809379237
-0.15915815408436962
2.24784921285727
2.215365308152254
2.248230551003272
2.207005137900559
2.223981654160224
2.2144181362474167
2.177442328646497
2.223353275475425
2.2359704049979934
2.225900340167576
2.2200828414826987
2.1842716944005995
1.3124004930069881
2.236314394465569
2.235133101010407
2.2175551620821117
2.2244814091299228
2.247004629137458
0.5188283117225704
2.2359527522662335
2.1758696943664826
2.158687937718658
2.208609994527411
2.2110608311440325
2.261706009482876
2.248803666631394
2.2221457608559625
2.177133223369822
2.229928377026509
2.2286151883192513
2.201323201661495
2.2181264783964547
2.2295830815366315
2.153948458038773
2.2117912582746717
1.3063007391759174
2.223634452724851
2.223289118787211
2.2435134461852884
2.2194089405543673
2.184049184348957
2.1823117126012836
2.2351794511454783
2.233432898991386
2.229825505706435
2.225062253515774
0.31429423818765884
0.6395116141180907
1.1131787224258256
2.248493090602396
2.24671551641588
2.256267849272134
2.226710717071243
2.2167424945568714
2.241070712110311
2.246852684384286
2.2064400458561257
0.857449134270586
2.2190169565836624
2.2371115997563393
2.1653418398782325
1.3230756795779044
2.191592339107821
2.2297065612488423
2.2159493973866935
2.2113788862828
2.1984813267200813
2.244706772453368
2.208690695022552
2.2458201721704465
2.2353379386213486
2.2151903547043137
2.2258915952380023
2.217092715219729
2.211323460003672
2.2106814378053214
2.2235931688247264
2.1961973092892073
2.235557955898785
2.171096893964556
2.250815628823414
2.2368076605294753
2.250929039481525
2.1979893694099224
2.2351279161445006
2.231273960792989
2.196338727021974
0.29618367661199474
2.2491629582604427
2.2255362534334178
2.2328763081180663
2.2200636446839552
2.2042022251493423
2.235847471660861
2.221830574536794
0.6491526648089314
2.219469944516689
2.2426959008555714
2.2194697440393805
2.219142538272717
2.2249722617791727
2.230214481784904
2.228658274360873
2.2114523264380903
2.227931828793846
2.2308995807750565
2.2282666039151398
2.243989155106073
2.195679900552352
2.2284655544025416
2.251072888726209
2.2439192835238595
-0.1216457868540324
2.2290123369871306
2.2238583023038165
-0.15419185973939226
-0.14912626681284144
2.234969954036183
2.2056919379917255
2.22477766985178
2.201038352608039
2.2166442609442307
2.187376548824809
2.1734334871254215
2.196046354438603
2.1598946218833444
2.1348632320997836
2.23867111031795
2.225492272662615
2.217301468734758
-0.6613393928251665
2.2548085971884526
2.2241183297338347
2.249524580142343
1.3332965610714482
0.9698786021194932
2.227094437405322
2.207767728304379
2.239498641150467
2.2514837484686536
2.2504584326326142
2.213258438638338
2.2176915799258405
2.2504722706637232
2.144535432331206
2.2261903477160625
2.2578639248881602
0.3306251902083947
2.203748592225554
2.2092975587224464
2.223899743174229
2.224017354027903
2.155531267171207
2.2438162358804448
2.21982211305843
2.2366650250501054
2.205258347222292
2.2269838792824865
2.247456108912988
2.179827568453876
1.35569037592147
2.2376197965680653
2.220839259742482
2.2309769375586366
2.235574315480825
2.233908515781419
2.2452616252703055
2.2161900275036848
2.2065812738447828
2.220233258603928
2.2281972005108326
2.19069974771132
2.232723853553523
2.2321651579969077
0.47503856574854675
2.25068356656223
2.246900412245859
2.207782207869519
2.2232730229161133
2.242308782791448
2.272591459426063
2.2292952404510054
2.2160327264992805
2.2060941410360124
2.2063121819957643
2.2504424297568195
2.225517636603815
2.2359070985930414
0.9883045986532939
2.249072626180189
2.2496540236996427
2.2174787054934946
2.1683461463202423
2.240942481856984
2.2515252805771597
2.2306515256778425
2.2231946772337143
2.198646759600181
2.1948030225491992
2.2485831362123196
-0.14224127562871033
2.218532592119216
2.1994755414919247
2.22447817032599
0.09668880818162187
2.214345546560339
2.2215311225223773
2.249699035841954
2.233438937415727
2.2282417635317584
2.2410334471877116
1.136261362723245
2.2467101505135867
2.2376182292955074
0.33211998616441385
2.2384394740271345
2.2450052620129393
2.2130435210498325
2.224457110994689
2.245597905672834
2.218032849699428
2.2135370568565884
2.248546926221112
2.236994628067703
2.2275697460670436
2.232038774294521
2.2565581495367466
2.2378308070491375
2.2071574833363394
2.169727411958651
2.24110022652248
2.2423524136229327
2.248278716407802
2.1948179682315185
2.164173393311853
2.2322112269331855
2.233006720149732
2.161111588618976
2.211859810897767
2.2173993392301106
2.21512045054123
0.35928634728792447
2.169104976770066
2.1996029957281635
2.237466220032924
2.2161182423386716
2.193391630056801
2.1702310169467274
2.2520621917811434
2.2480141982894826
2.213277422342257
2.18293417621826
2.234656896515635
-0.20642257562918806
2.2473345122393926
0.2940193334939293
2.2179407750105424
0.7194942837428708
0.49459437682725493
2.207753850377676
2.2436555363587565
2.230781435533518
2.1979579391756574
2.186649679617023
2.2618376828584914
2.2236562908516495
2.243855211523035
2.2163269929037597
2.226414466572545
2.187759291204844
2.24864625088639
2.239583632317717
2.1973553195232567
2.2154995937309607
2.198627285441432
2.2485231648841983
2.175708054504869
2.2351114856717245
0.6444059191611351
2.2335599091942875
2.237408306060469
2.2056156062871812
0.19420876999004483
2.2065993056858066
0.2959784597426358
2.2523346419209975
2.2064607729387884
2.246515836103668
0.2941042670213555
2.241941308985038
2.240258301009644
0.020361738595639278
2.1943309033974066
2.211089013218589
2.2257334349719153
2.2422638879712515
2.220430021952705
2.224135902030161
2.243455439035506
2.1502443731493015
2.2424670124948936
-0.16177149670091615
2.2317958831075204
2.2060415976099392
2.2048290720043076
2.2553399050930913
0.294073447772656
2.2311006297882976
0.38302313749133543
1.1550288367557366
2.2432392013787545
2.2541205701805334
2.2241969299253936
1.0701173702903815
0.29261199356246154
-0.14596094243737223
-0.1538232344995956
2.2351951883851258
2.250205630862867
2.199440310001094
2.214193063342526
2.2183055529960733
2.2257324824338784
0.0724996084558528
2.245339297953719
2.2478767103368407
0.48884063881397877
2.1832346047540816
2.240539856438698
2.217455120430448
2.247515480315962
0.45899077924496445
2.2291058244662256
2.1933192172197704
2.1796845254177466
2.2058441464596514
2.2090837409070283
2.1981043844258346
2.2111392734619706
2.2326392145646294
0.1978837675395278
2.2166268982778266
2.22869428136584
2.2508523184986275
2.2560788509739678
2.1991679529515236
2.1633565075348398
2.1924629274619125
2.2277912765635666
2.2624254538082447
1.2714149765962257
0.4608577502880079
2.2389088502900814
2.222337129264774
2.2498162830582924
2.241962237705013
2.2545170334292703
2.210526367069337
2.2286624244339217
2.2274760998421397
2.2170930676378684
-0.15268761482725227
2.219656356234835
2.2236986466582644
2.2355028280428404
2.2213795046640152
2.228210038702586
0.9951994183441628
2.2542184543486026
2.2406045030112396
1.2946275432586618
2.2365952403192906
2.216120206354193
2.2464142524632864
2.2140075734136833
2.22545198196297
2.2364980109645742
-0.15392667527907383
0.2921559634017468
0.40877882039620067
2.241478309150521
1.2824043226904387
2.2499158609769214
2.1901511419342916
1.1666682834394675
1.0286615772805
0.29754062403165793
2.2461617014016717
2.1890999623487617
2.240780122339576
2.2445303404930232
2.2090938465218715
2.2479354076914815
2.2365161678231003
2.237509835061307
2.237226831586705
1.2552125915181844
2.214640922331126
2.2313684694150626
2.1872995622273494
2.1881693998518053
2.1822056784067643
2.2264012802662196
2.2158027696401112
2.2150385781283997
2.245087384217221
2.2054619484219096
2.2462095480443414
-0.03309500147646083
2.2220184289175524
1.113417005846339
2.2424367271553898
2.249913601574636
2.246323804289105
2.1875274632782316
2.2044219834673524
2.2211312470829565
2.2288117901695528
2.2230031794437797
0.2954044338211813
2.1995321358021465
2.2269165569421894
2.227775148002775
2.17009315146422
2.211207525465236
2.2243679000697756
2.2467070380137173
2.2129265054562746
1.3087562728634807
2.2586876131643034
0.5411329449325317
2.2127533483021793
2.199780237494662
2.223023077104079
2.202101880634909
1.3524728377395774
0.6378058284924975
2.214806857895837
2.238886356622364
2.2308960660871326
2.227756315047844
2.2432326618783773
2.2192102878514373
2.1882092783559655
2.2090795361149342
2.2055215588834853
2.181259475465035
2.2237640627774136
2.237510532901383
2.225861863046429
2.2450131984880812
2.2043653594498265
2.2369782315021034
-0.15115207725004792
2.211442030718846
2.2164208408041657
2.24864853028177
1.32062130585173
2.2075098597699285
2.2231878083574887
2.1680028761929613
-0.20305977673263964
2.2337563833478837
0.5444006682666525
2.2336372179565642
2.2375339033986856
2.235338901342673
2.2003982002086255
2.2131578973546784
2.247404597464326
2.199251447990783
2.2531985132163217
2.2044730440351996
2.2193050277907655
2.2329184272360734
2.2212654310534616
2.232934540529657
2.2455569745046025
2.245053436141755
2.2136750487574233
2.234116116618245
2.19670380608963
2.2285691353683568
2.2453471478006835
2.232044126650316
2.222257110006358
2.2095338551295596
2.2510888381928678
0.020581869452575063
0.28966175573087255
2.1873107230272075
2.236849123173557
0.1394052342135419
2.232230651800433
2.175658277786254
0.295013189218192
0.46694875705580274
2.2057813925981087
0.3154267068768711
2.1819172297500904
0.5876972904069974
2.2414058220775885
2.1858458006978307
2.249350120398817
2.230166113007506
0.2098804281104435
2.2359090159010053
2.235121969754684
2.195213950668873
2.2284369031612363
0.45878858478615614
2.2263329043173745
2.237630737385246
2.20700628419275
2.247710339910167
2.2218576894745428
2.170066153600205
2.2380069764825232
0.7016591072856171
2.2350260796569588
2.2166386325541714
1.2969308636780734
2.236648546077979
2.2405472603469185
2.226756300554575
2.2057136203794863
2.2092264915519575
2.2277783550949994
2.17768199196413
1.3438980046513336
2.2326085169257395
0.6372439259409185
2.2485805521772857
2.202988891046771
0.5705412706381641
2.258285006114042
2.237629673120055
2.2115472366583346
0.9433294155018106
2.2409318992989564
2.1970152329084716
2.2455851272069713
2.2138484994366108
2.218146811210212
2.223880393049665
2.2526954427037915
1.1392480030451024
2.2115957469499454
2.220905012713456
2.2107336335684584
2.2080153518790344
2.21619720868095
2.2250983453019457
2.199659629101636
2.1999734021552992
2.237002955523589
2.1723278543323805
2.225987861757991
2.2034240239624046
2.216828672460885
2.2199206382331096
2.2100503016253414
2.213844582311972
2.2055067781906033
2.194774998642343
2.247553211052608
2.193107159571357
2.232130316148596
-0.48218660720829093
0.2993488073962107
2.2298144357916256
2.160518460001087
2.2087762484730664
2.2445266004460422
2.2123510331734058
2.2171404149140326
2.206412663224312
-0.20666207780231582
0.7422763509307333
2.207912334270472
0.32236170101824224
2.216471123769287
2.2314121316176623
2.1803628014981298
2.220134932519379
2.2250442829057167
2.2386815847137242
2.2036034135736644
2.2599573529396415
2.2338926247676962
2.201123962415181
2.2519388423713007
2.2484528220903837
2.213644362361509
2.233172371093372
2.242591071064331
2.254396622762215
0.8819980759923514
2.2358117659119876
2.2457752078787374
2.1768156587668956
2.230045569772555
2.192090017409627
2.2361346075698445
-0.6577542721024011
0.01818391668089747
2.207891339756328
2.190450566937976
2.2559675264087415
2.212218767614298
2.212482419007523
2.2216930241780126
2.2219398675576514
2.261871531684056
2.232253832208773
-0.15545160342863995
2.2087344028022065
2.238406976312347
0.3721261882361227
2.205333318725763
0.8240671987624149
2.2148536095480096
2.2202762903052506
2.215572411116682
2.2381375514624793
2.2101586921459706
2.211941059199567
2.2532263956946874
2.205082114609765
1.3432625958756352
2.2130944428258252
2.241966210629627
2.203458822609649
2.159341514595398
2.1848446080115362
2.219178177010309
2.2271947546264066
2.2134018170026737
2.2470901077051835
2.2261383214408035
2.2165128287807665
2.2010500296072864
2.253837864537341
2.2150304195223214
2.2345908582371594
2.2496041062881345
2.199570018557765
2.2409540627503493
2.177384171151262
2.2341994549114217
2.2245031552760173
2.209208942913749
0.4645672450282226
2.2500773324031402
2.1636771146710516
2.203073608656887
2.1996934950462768
2.2187209807157977
2.2102328325175282
2.2230881921725647
2.2085428086639336
2.2288314690134934
2.23533810903612
2.2233681055999126
2.223961542747471
2.200509304114637
0.011394761593512381
2.223922115853995
2.2411827520063925
2.217619629412397
2.192967088324049
2.230786953025365
2.247936652040791
2.2218271877887954
0.29314419072949455
2.2133049805257574
2.2230002226578627
2.232195450634202
2.2080251817990373
2.2274433009692354
2.219262979310693
-0.03724225893364125
2.2468424063276284
2.204146597332336
2.226022315397973
2.210515037196047
-0.0333496901230631
0.46567364184398097
1.176557318598297
2.217665020812211
2.239094716893029
2.2159640942890717
0.293508863186952
2.21707606980206
2.188446944941709
0.29436884681371067
2.2087761901165486
2.24172058373769
2.2412411263304364
1.3036847800885982
2.247704859119066
2.2067028840846143
2.1983166067936084
0.8794032073013496
2.1721365753830106
2.219294827226854
2.241806909519952
2.2455879992077694
2.23885685357495
2.222180933041419
2.2154716892221367
2.237669122868611
2.2410534346135056
2.2310894643463612
2.245037231780164
1.0109859586139698
2.176348584501465
2.1684260294466955
2.2322888599568027
2.2300342498506196
2.2007782188953096
2.223925806381123
2.2267922642011326
2.251903487924899
2.2085032825516446
2.2292805519075887
2.217255816314833
2.247841300062665
2.253955278423429
2.190146533435008
2.1966641945082417
2.2148667793532186
2.2146688278612507
0.31854119730773056
2.218691771946873
2.2028647737463736
2.250808687854448
2.246947950865131
0.7188794136675118
2.2210212439102306
2.2347763360341553
2.2151894663892033
2.2290207996839344
2.2374298557671395
2.2124448532733925
2.1945890655583273
2.257820628087205
2.2207010907561013
2.230742592223267
2.217830564199102
2.2181439941724603
2.231574271072594
2.2157760536365685
2.184598173393146
2.227179670031742
2.2313424551512666
2.2374712261449705
2.2403925200575827
2.2221796903084226
2.2329240990778483
2.2273639547540016
2.1902541946229395
2.198300982289338
2.229061813524759
2.2185756216920756
2.227447995188395
2.216864986459509
2.2016720196536603
2.2491898760823554
2.242915259462313
2.2345626900070883
1.0923946529410975
2.213383394076266
2.235953888300036
2.206041492095506
2.2345103742865273
2.2261172926485244
2.2442838891549832
2.225334383032412
2.166549010300499
2.2013963755653707
0.8905016932053982
2.22635759003711
2.2150133206589127
2.205153362198706
2.218081659789468
2.2419187677129653
-0.15980668220032987
2.2012015302992474
2.2495762825987855
2.2237064744056223
2.2194546367577965
-0.15748287550007983
2.224061206195012
2.2476563890130534
2.2445062954964046
2.229111456110302
0.23792217154947715
2.20829286822603
2.225495816416279
-0.15063544693490072
2.229656341256555
2.2247875490306077
2.2467431686728316
2.251524501680505
2.2346630740277362
2.24801508271022
2.2086435308210777
2.1969038961555616
2.2450642269612757
2.23022558540364
2.2330439544302356
2.1740215923983444
0.2645300876951174
2.2389474150720874
2.2245738590541997
2.218178543656442
2.1954720143424677
0.3756799227770694
2.2476399277843973
2.193667895302377
2.231997847453618
2.1957659224064727
2.2033535815741017
2.210830627017662
2.1966680742453826
2.226307518244254
0.4704732193076105
2.235971541661004
2.2215294550909714
2.20563863284774
2.2408415269815682
2.2359060464147964
2.249526978941405
2.2549388639151573
2.2153959041258737
0.5474573049243494
2.2249356535126124
2.2281285442002385
2.1820174567981443
2.2376499391172304
0.014284646631606501
2.2243277290051844
2.217419429377742
2.2160727668207794
2.2133314656773395
2.2028850043105073
2.244258789636706
2.2128808357124052
2.2407276747547993
2.2520192650291264
2.2378767318179986
2.2413820986402664
2.2160862617156942
2.186962145080159
2.1969087374581866
-0.1582370100132893
2.2290633395248363
0.48714583538399037
2.249958405462257
2.2231526214698345
2.244711227324668
0.38618548389384966
1.355175428727929
2.2462413090927202
2.227606178258749
-0.14922943473947392
2.230091836095582
2.2161255970011977
-0.15722007766095603
2.2522540798143167
2.2070726552071127
-0.20458882980031068
2.248991142396659
2.2130222313488077
2.201423968108605
2.2480299371547914
2.248955629237696
-0.16395501078514035
0.29362584593134455
2.2463535972228064
2.215304599590769
0.8282461307563548
0.2857133849361013
2.2358100536221492
2.2226322725064644
0.7596067493950318
0.2915310029117202
2.2042735821090726
2.2331434943717547
2.2276062660278306
2.2246834909516955
0.2438036407934544
2.2168481835446237
2.1925597280945173
2.2354481526741576
1.1930460801277691
2.206610307253351
2.2315129330415906
2.240879305028896
2.2553720764604197
2.224066602649998
0.5397448504746156
0.149564035908898
2.2291297066481546
-0.15624719947711255
2.195491265707519
2.2276524713690193
2.2277594689758855
2.2184032404396863
2.1748501425650315
1.0062216280650933
2.252091439560064
2.223833978367751
-0.13577383151750255
2.2129250638479254
2.2361259508421716
2.2047452787946415
2.222075765382656
2.2355395302198464
2.1931344491356075
2.1865224796306832
2.2453175722795105
1.304130107711512
2.1769880650710673
2.238644567458568
-0.20752870250698963
2.226875720043831
2.2181192706408295
2.194891231935115
-0.15815781308283272
2.257167297177993
2.214035358796216
2.2579287593075645
2.220962820030445
2.2051487655368622
0.4630296333992115
2.246525257908857
1.0726027523795965
2.2422806011373533
2.228315935800655
2.21932860509904
2.185927845201096
2.196745729974611
2.245674692025022
1.1917632472145563
0.9789292836527735
2.2362848549305276
2.202324799995949
1.3390652860044947
2.233499931069327
0.29790879183153307
1.1773698998784168
2.2381552038599946
2.204152407554979
2.2266710342575533
2.253213540279677
2.21847070751547
1.313382205626419
0.29069234202180655
2.25366039284846
2.209569910946828
2.233647625438794
2.247287518821103
2.2472053476354423
2.2265781313772757
2.192752544860789
2.2419861873803852
2.1801819971640533
0.6648960302925846
2.192578473967134
2.2080401805546885
2.2165846304414942
2.21278505334252
2.209578705638608
2.2194197059757075
2.209790270736634
2.180300019266724
2.2456717945654425
2.2104258549498095
0.21365772807523808
2.2225308199648914
2.1947339897188383
-0.14835654055432895
2.2244496244150933
1.247111218148261
2.1923570186147368
2.215848043395432
2.2302680821888625
2.189888960634962
2.204859510672674
-0.1609432647908422
2.217169130654667
1.1574006546238587
-0.15980285866685356
1.3118200950851404
2.20835807592414
1.1980008564770852
2.214214143967471
2.1975488062838737
-0.15594316168320352
2.236448369168742
2.251503170744768
2.1738207767750577
0.7104159440749266
0.4241662493237077
2.223677859296865
2.193622365941529
1.2989750388988406
2.2470742596371225
1.3778258681039532
2.1997849534735643
2.2499002105298063
2.2314257276455316
2.2222867550740446
2.202670265002177
2.2227975923664074
2.2233944223813826
2.2195595940376216
2.208234964631274
2.2272021218271405
2.209961931488034
2.234152848239611
2.2170848403353225
2.2132668185841693
2.172784209126813
2.1790659429046872
2.20629634377271
2.2300944976082375
2.229166998695914
2.2303108816232027
2.247913024762381
2.234078240784207
2.2403255420172963
2.2454654725211256
2.2306602282995507
2.2411069943667186
2.204326702643332
1.1397427056685816
1.3224893716679653
2.2246338000175827
0.2716067598090608
2.2410327852626035
2.2138515221423383
2.2224222804329146
2.230033878823652
1.3659927020773193
2.2402454394986187
2.200192511729047
2.2516150426579773
2.2487610729299106
2.2363224427865456
2.2274143555808568
2.243209056303388
0.5432212646267588
2.2200514587696727
2.2409678081506264
2.1894375227612977
0.7775898655562241
2.2146970380110296
0.8855174766508978
2.2137150467698676
2.2138391277504446
1.0065915026221173
0.3460712544602569
2.22428092723655
2.20666906459157
2.2155124689126886
2.222873978812031
2.2387716359859873
0.471664813883165
2.234814821686612
-0.14804616008626462
2.2444935925972462
2.2199605474288555
2.2335492046239613
2.210400014893588
2.1807892047357065
2.241918981463658
2.244587158078993
2.1911568283640714
2.21214423078747
0.6914772052980446
2.2355561424319905
2.221733860362283
-0.15657397173152734
2.2474558269859974
2.23091426339982
2.240125197737821
2.1866935751605148
2.1905346401558496
2.2087950989902314
2.2344117300526047
2.1881937043153203
2.21969978324704
2.193114706665157
2.22084276681759
2.231868142355839
2.231847090983008
2.215375334923006
1.0239552140262296
2.141668766732151
2.2212795580105142
2.228075765121945
2.2314598470345546
2.2238787800794344
-0.025567062066756407
2.232376415417363
2.1908113161732796
2.2293823996878226
2.2025579224362053
2.205938754878412
2.2194446293740326
2.2257522056677717
2.2204871299362816
2.215619090051587
2.236767452697577
2.219614289948727
2.227108406667856
2.2422323107318567
2.2151365646137675
2.2047247478460674
2.1963294316190263
2.196922273738992
2.2224082781620087
2.2471930056813187
0.14377020918376016
2.229303625403797
0.7976140667179669
2.225690056362203
2.176469389928248
2.2349200783326
2.2533741907405656
2.1903794058228843
2.226174975477202
2.217690615775704
2.1970274682265583
2.1905467035514588
2.187799938039043
2.223442976822584
2.254918444800946
2.2215346953477644
2.243570840138392
2.197025755751404
2.25589125489875
2.2061612952202108
2.2261296332904275
2.2420657575425462
-0.17159670953496664
2.22757455121275
2.2137514223556325
2.220689629025671
2.2131340503532226
2.2158821484785336
2.233808494982118
2.2195860657571287
2.2250372573548347
2.2314141390185926
2.225838428841247
2.2502799088412124
2.2514910422083316
2.176602713900621
2.215015531313084
2.2289066884464805
2.197551158696006
0.29608421507026755
2.2109877092553782
2.2221904797714362
2.2274925321628043
1.2298351492875927
2.2252971676992113
2.254577162749513
2.246889526221785
2.1985670797585266
2.215285540997402
2.225282077355592
2.2268500197348216
2.2580257050178387
2.2128931326815993
2.2177750990719334
-0.15503832636269402
1.33985797063243
2.2157168784153405
0.4612699633872744
-0.34950854781286556
2.2183618944307746
0.4348667016499601
2.1708888790400502
2.215889981199458
2.2144574596663755
2.219233129290981
2.2253925231277716
2.1834633742911067
2.210988762122878
1.1680818419704588
2.238904451354556
2.218275229252667
2.1924973565430808
2.209537727896386
2.2192343914990404
0.7431756025238424
2.212926513336426
2.213497084141941
2.1748175883555905
-0.15999882699006399
1.0976152711770226
0.2951533564295731
2.203286544279403
1.2203509993802322
2.1963666038887966
2.2255923854090516
2.224182822502712
2.2019272574663926
2.1997396431820704
2.2386062269247056
1.0029269748664233
2.248329285716458
2.1850197916344314
2.2338404957175024
2.2391060718569644
2.2206432884572385
2.216917275775095
2.224233788093158
0.2925815649955734
2.2175335578254307
2.155084689667849
2.238696927430129
2.229527434828268
2.243653929693898
2.206123355232032
2.218054643568016
2.227781880061611
1.26093623942511
2.254989165123297
2.206165095034029
2.194248921066828
2.259408262167595
2.2576573208429696
2.2203727634075325
2.205224674589293
2.1857682629846398
2.215999258864893
2.209503369622505
2.1911416198828952
2.211375497258372
2.209375507810642
2.169779476987836
2.217370198128732
2.2252869380022684
2.2420144836405704
2.201173099920276
2.239901299573481
2.2273302935193873
2.2211012502915013
2.2300047235700378
2.2330494679476662
2.211830630607922
0.29700202251883157
2.2285760683384
2.248656900135453
2.2223383527336575
2.2290180181158092
2.2085591423265076
0.027732866548007995
2.2082173643437963
2.2330205665097154
2.214933483684695
-0.1829218356335014
2.221650060112044
2.218085575423234
2.19004877853357
2.1821103119354834
2.247234521841369
2.2354266975879886
2.2485491130702115
2.24102433264261
2.2240559847888592
0.02133366541384213
0.6437823653961218
2.2053754018851883
2.2153430422096934
-0.15192989412509794
2.216459693339437
2.2514648853139754
2.2529624462495685
2.2258394679060483
2.2219095746184703
2.220285847409954
2.209279816685698
2.239972413887287
2.2331093691387993
-0.2039039704468035
2.238926918901835
2.2108914097030983
2.171956207781803
2.2246725278129613
2.2316769025482053
2.192987780101511
2.2238663122599234
0.547434951007003
2.219878666631626
2.1847648899840593
2.2383454518329167
2.200466062045269
2.2157046063719767
2.2098746174476225
2.2516645984756534
2.2439418513866594
2.218779953561735
2.2052153760455573
2.2278263128473004
2.2195190803195644
2.2477520197489396
0.2917583363319964
2.2099019531121336
2.16936248456274
0.5466951516090108
2.2379352157963597
2.2286720741368407
1.2876973773917897
2.248324602923726
2.2336028104051215
0.7736962457873795
2.235483713616298
2.2260446431468353
2.2184560083673897
2.209294180853874
2.23320947564787
2.245551462653874
2.196885424339698
2.237740938605368
2.2020242725265504
2.196800760438488
2.2528421173978495
2.2269281695254923
2.2536643575242437
2.2490333192519114
2.2218777911190504
2.2268581323347116
0.6694622339444295
2.217694503143115
2.2372632024802286
0.5443723624313346
2.1867299062267502
2.22668073388888
2.2172434374700756
2.231507109612138
0.5310086276361918
0.7379623779454433
2.2265810616387975
2.1817934487199704
2.2332891950287967
2.2356939769808655
2.22961518687603
0.28041345200712653
2.239129164993291
2.187022892996386
2.2264880638606175
2.2215234816384433
2.2319410611736155
2.226327079212986
2.2322764328271383
2.1699262288477374
0.2948827463900331
2.2212293458539834
2.2447823588099487
2.2128403742781497
0.2947293543187067
2.2297612070174244
2.200860399680132
2.2528126810422147
2.2521050556148543
2.2423263782088236
-0.157624748998484
2.2468923821576223
2.2279682347640213
2.2341503981693918
2.2169529273520134
2.1984737511280446
1.1961672308490536
2.256882259007293
2.2435362146075724
2.2361347578879434
2.259329403616948
2.255760924312746
2.2334914831029824
2.158230709414826
2.222690735711941
2.200479690586922
2.1745281386028106
2.2378281241193845
2.2200636752411365
2.1768374557370773
2.2193051934765524
2.209432793826026
2.237762093730949
2.2435386920988525
2.252914157789334
2.2285577950855924
2.2374719843710844
2.239971938510868
2.2491866420087483
0.12072816168200334
2.2074569603728467
2.2101076607732315
-0.15174708233758538
2.241235909828877
2.213096086782282
2.2088220022861806
2.2069305179480443
2.2079445726967775
2.2400740065849285
2.2358531487328013
2.187129671114509
2.2183792762828918
0.20091030578596442
2.2202773564508744
0.8588363663197583
-0.15858639920196918
2.2066912406916748
2.2467537369577997
0.29715934146958733
2.2283456499677197
1.2469996684684015
2.2350059084204554
2.2477110549824766
2.24193021719093
2.197131873908024
2.233203645732541
2.242043640354139
2.2388335224969267
0.2919811723677118
2.220578740158398
-0.15680552309310064
2.2142447158162817
2.245685435180008
2.2244966667457597
2.2421110003329745
2.2263868304639383
2.245777835513823
2.2311573785208143
0.5438739810534515
2.2407198016080208
2.2496876928164915
2.224756591341797
2.2188354866700837
2.254117442808597
2.249561850905626
0.024363997320989927
2.227588598005668
1.2832393006446587
2.2495661163646923
2.249953545445972
2.200823282137701
2.223386103008372
2.2079476824216897
2.2304681069505685
2.242070128525347
2.1887464446693263
2.203401650940017
2.2532550541364396
2.235505558188512
2.24936802767135
2.2111112731938944
2.2356828168042835
2.247184059813248
2.2290604031071752
2.231039729552255
2.24228965882843
2.207724476300858
2.2333689436696726
2.2265926281234147
2.1830027929871507
0.9559626855424789
-0.16037877089219807
2.192115416646767
2.190467637421589
2.2451400656453666
2.2500431551794877
0.9087590019193135
2.229502514945173
1.1583083347672891
2.1792504278097304
2.246720848984216
2.217080288764573
2.238521953536178
2.227930112331414
2.1993660220438507
2.220568956845099
0.14352429598855138
2.222025847818835
2.2500764240320343
2.2402121115308296
2.229209240590189
2.232799642158096
0.6408466425280692
2.206011533496138
2.2139301631383894
2.2305756640882457
2.243537880341325
-0.15376478325434006
2.2220917401592355
0.2897028255459166
2.214151251071673
0.2941709918218259
0.2968905352929398
2.2474689748884433
2.232333654532594
2.2145194012931237
2.20934938158851
2.228665940480957
1.045616118948062
2.21275479134858
