-10.0
-10.0
-10.1
-10.09562167332664
-10.0
-10.0
-10.0
-10.0
-10.0
-10.0
-10.0
-10.0
-10.07058621377705
-10.0
-10.0
-10.0
-10.0
-10.072893987755938
-10.0
-10.062056091539864
-10.0
-10.0
-10.0
-10.0
-10.0
-10.0
-10.0
-10.0
-10.0
-10.1
-10.0
-10.0
-10.0
-10.0
-10.15334280808384
-10.200046136161916
-10.0
-10.0
-10.0
-10.0
-10.0
-10.0
-10.000007315325236
-10.0
-10.0
-10.0
-10.0
-10.0
-10.0
-10.0
-10.0
-10.0
-10.0
-10.0
-10.0
-10.0
-10.0
-10.0
-10.0
-10.0
-10.0
-10.0
-10.0
-10.00001427421368
-10.0
-10.0
-10.0
-10.062048486767821
-10.000007226362902
-10.000007658746654
-10.0
-10.0
-10.0
-10.0
-10.0
-10.0
-10.055549048005378
-10.0
-10.0
-10.0
-10.0
-10.0
-10.0
-10.0
-10.0
-10.0
-10.0
-10.000014305125218
-10.0
-10.0
-10.0
-10.0
-10.0
-10.0
-10.0
-10.000018746310571
-10.060596259563656
-10.000021475747861
-10.0
-10.0
-10.0
-10.0
-10.00000829969825
-10.0
-10.0
-10.0
-10.15087091436219
-10.0
-10.0
-10.0
-10.000003604355664
-10.0
-10.0
-10.053924191658595
-10.0
-10.0
-10.086880574240418
-10.0
-10.0
-10.0
-10.0
-10.0
-10.000009512248273
-10.0
-10.000024616324849
-10.0
-10.08312773988792
-10.0
-10.000008912299378
-10.0
-10.000007272413818
-10.0
-10.045640657063977
-10.045104549742288
-10.0
-10.00001631494498
-10.000014317233669
-10.0
-10.000010291695048
-10.0
-10.0
-10.0
-10.0
-10.0
-10.022996459224712
-10.0
-10.000010804360608
-10.000008956388712
-10.000014364598226
-10.0
-10.0
-10.00002143999501
-10.0
-10.0
-10.0
-10.0
-10.0
-10.000021331340866
-10.0
-10.0
-10.029148264708944
-10.0
-10.0
-10.0
-10.000021683398831
-10.0
-10.0
-10.232538985332013
-10.0
-10.0
-10.0
-10.0
-10.0
-10.000007246912572
-10.00000725995262
-10.000008775242804
-10.0
-10.0
-10.068913271518847
-10.0
-10.059029863964467
-10.0
-10.0
-10.0
-10.0
-10.0
-10.0
-10.02832254150167
-10.000010829734155
-10.0
-10.009301552318803
-10.285217155764022
-10.000003058994
-10.000004334604318
-10.02074352486221
-10.0
-10.0
-10.0
-10.000006023501406
-10.064323953622134
-10.0
-10.000003059837358
-10.0
-10.0144996779639
-10.019323126994568
-10.0
-10.0
-10.000006981282562
-10.0
-10.0
-10.0
-10.015043699159074
-10.00001197948584
-10.0
-10.000004643049376
-10.0
-10.0
-10.000004800848368
-10.009910089135115
-10.012527982328853
-10.0
-10.0
-10.0
-10.0
-10.0
-10.0
-10.000006063894226
-10.0
-0.25448157181529585
-10.018263568699101
-10.0
-10.0
-10.171877426896708
-10.0
-10.0
-10.0
-10.0
-10.000005788881792
-10.0
-10.0
-10.010857665611363
-10.009100610827053
-10.0
-10.0
-10.016603778045853
-10.0
-10.0
-10.0
-10.201022735556753
-10.0
-10.0
-10.00000855768985
-10.000005803715936
-10.0
-10.020746121587857
-10.000005791131992
-10.0
-10.029751349862496
-10.199710948285238
-10.000008195617282
-10.0
-10.0
-10.0
-10.05601581986162
-10.000005489344908
-10.0
-10.0
-10.0
-10.000019609145221
-10.0
-10.0
-10.03964820695128
-10.000004195317013
-10.0
-10.000008168047948
-10.0725539962447
-10.0
-10.0
-10.008687538529793
-10.08079233585043
-10.0
-10.0
-10.051239142544299
-10.0
-10.122903056435549
-10.0
-10.011890223561505
-10.00000817681776
-10.016349575070807
-10.0
-10.0
-10.018343544998151
-10.0
-10.019903236512292
-10.182357214544776
-10.000005528230874
-10.006844256459775
-10.011738009484102
-10.000006645437821
-10.0
-10.008037532743211
-10.00996156050704
-10.00000552480899
-10.0
-10.000002892447002
-10.000008261199644
-10.011094500320798
-10.0
-10.010834654044714
-0.11085811175732829
-10.008445841852835
-10.0
-10.0
-10.0
-10.009915042011949
-10.0
-10.000003692919766
-10.007595841626689
-10.010995229893402
-10.0
-10.010986707334688
-10.0
-10.0
-10.0
-10.000006860449384
-0.142313448088821
-10.017230590216418
-10.0
-10.072822711658775
-10.000007156842036
-10.01064431108404
-10.0
-10.0
-10.05771457230397
-10.087689147689076
-10.0
-10.033727347767277
-10.0
-10.043373868128983
-10.0
-0.2410626720359017
-10.014034769060485
-10.038582336689453
-10.01056079007238
-10.0
-10.0
-10.000008194044996
-10.0
-10.015025810394654
-10.000002809555571
-10.02582953091532
-10.055829254692005
-10.008746914125494
-10.00000013595967
-10.0
-10.0
-10.000003589359446
-10.007492058250703
-10.000002792028344
-0.11328763003832434
-10.0
-10.000002810740183
-10.000007111900853
-10.000004021936956
-0.07675988685118923
-10.0
-10.025673996537186
-10.089923438747642
-10.00758347909912
-10.069752891526354
-10.00608356497058
-10.0
-10.016576584974636
-10.01148107023501
-10.13647693392266
-10.000005476010633
-10.051313058402279
-10.011484162829952
-0.16874146027857434
-10.0
-10.03826019669671
-10.105807949725099
-0.18280887467188023
-10.0
-10.083729087139892
-10.021032002192879
-10.022508997268599
-10.000002809712406
-10.021434724713151
-0.11204979213691015
-10.049349001013633
-10.0
-10.125123214453994
-10.008163428985632
-10.0
-10.0
-10.0
-10.0
-10.0
-0.08238721220231104
-10.022102263175178
-10.0
-10.018364471151887
-0.0633880895513245
-0.15879510765149696
-10.0
-0.21407263810871482
-10.006699589799265
-10.0
-0.06462995224437829
-10.000017079730354
-0.04892951568358271
-10.018036403951957
-10.0
-0.09377534570463934
-10.000002833552177
-10.01885329756216
-10.116921251872446
-10.000002932595507
-10.0
-10.0
-10.0
-10.0
-10.0
-0.0458000079266961
-10.044273469192234
-10.000002909043863
-10.00000820751727
-10.082234589369989
-10.012700343333531
-10.000008217108663
-0.10540439151223846
-0.1779978470235749
-0.1799129576792332
-10.0
-10.20162555215031
-0.08627317219175677
-0.2519879564489351
-10.000002834347926
-10.0
-10.024250425597888
-0.1928746985054277
-10.056523717411585
-10.03275784221166
-0.17459603766136222
-10.000005522801779
-0.03882128183123894
-10.005820380925625
-0.03951581822984417
-10.013555125144226
-0.03181365506759311
-10.133795723798295
-10.142897942066845
-10.012826898186779
-10.0362053519035
-0.1446324091099972
-0.0106238847515718
-0.009866275290784555
-0.04505258139771787
-0.08934313438674044
-10.015443666752594
-0.11230566185595114
-10.0
-0.13113969398578065
-10.108552610233634
-0.0001829229412580049
-0.19941084491988592
-0.08135141542443255
-0.06331112537364142
-0.09863609444287627
-0.00010945626726188326
-10.013962105247197
-10.076578399895709
-10.010256059661007
-10.025820252812167
-10.114551719645005
-0.06708823742889704
-0.00016180201926691647
-0.15568209146259218
-10.031329449131544
-10.0
-10.011212524712114
-10.052733655239296
-10.018405140494021
-10.010505166124034
-10.000066081959972
-10.000005626457812
-10.0
-0.24837729809007314
-10.000008213564183
-10.134742867381586
-0.06025009699805678
-10.0
-10.000005528680267
-0.006128644212814135
-10.000008213187954
-0.10867609418079571
-0.07132620963339603
-10.000005534645847
-0.28136539162906105
-10.008993956289677
-0.00032378297498821375
-0.0003156493470118487
-10.014145143190419
-10.007506168532815
-10.0
-0.11184033618452639
-10.0
-0.036886987477695754
-0.11939820026004813
-0.0843123988076975
-10.0
-10.000005514445984
-10.0
-10.020794245533796
-10.015729091615329
-10.000008192334665
-10.006352404691096
-0.007890829207820006
-10.009240606446381
-0.02507890764267052
-0.00025943337135193466
-10.06938974283815
-0.0002056815544134853
-0.08916986267984717
-10.00001411600421
-0.09326672899256244
-0.13770286294741846
-10.02524293215264
-10.031600865747142
-10.055749590190185
-0.010781202871087959
-10.0
-0.00022920750599499914
-0.03760137269479619
-0.11893059336361354
-10.054262849686818
-10.0
-0.12840197922043906
-0.21588176707177073
-0.07481740012308011
-10.009990411220272
-0.02569043595838795
-0.19832470344095648
-10.0
-0.09511341749508441
-0.007939797014864842
-10.035268733995824
-0.0896300743755506
-0.09214994109474381
-0.00014392886961241087
-0.00015482628715474171
-0.057908533668665926
-10.005732897686398
-10.0
-10.058806907274489
-0.04949318184452406
-10.028074743131121
-0.13688771274176226
-0.10372496938391365
-0.0001692037834874753
-10.009062341451907
-10.034951670192399
-0.05760883149044266
-0.12879551973740724
-0.008112297553342914
-0.11280157782685021
-10.0
-0.00026740954436249575
-0.07212042253380624
-0.00023553276646021945
-10.000035524114116
-0.0003030794340675442
-10.0
-0.04504202723914544
-0.00023190968572895336
-9.363193870546267e-05
-0.031172477432245008
-0.00019875776085826453
-10.016330226712434
-10.007873742548519
-0.18171007685346935
-0.05950133404633825
-0.00016900495413917305
-10.00839468888825
-0.06388785279959908
-0.016719396671850652
-0.12454549419227728
-10.02169846162629
-0.00029193053767440915
-10.0
-10.006694203812902
-0.059574331031474005
-0.00025329791330098045
-0.13314519613236994
-10.000074083096372
-0.07426583974886462
-10.000005508359088
-0.006432369261873757
-0.112238028513686
-10.126770792778553
-10.110837292907009
-10.000010658731586
-10.0
-10.039035414137102
-10.019442261361284
-10.071493554795078
-0.10795805920871579
-10.078479429832631
-0.06891482825707623
-0.04812700021410314
-10.016598183442573
-0.04708870905194869
-10.121039239213077
-10.0
-0.010973404483189793
-9.501406785757558e-05
-10.016581620974744
-0.053671838732410965
-10.01699336946752
-0.033351455482422854
-0.00013314536997148228
-0.13318347795784957
-0.01055229117215479
-0.0542524751819389
-0.13520092579045254
-0.06192209324236289
-10.016429551895266
-0.020270979354243022
-0.034962014444082215
-0.11743446961954176
-10.0
-0.0001822763630487865
-0.07235637093835902
-0.008503602793217399
-10.010003915254984
-0.11170181737333404
-0.17068965704414296
-0.00014470897407772737
-0.153602596637078
-0.00017767407093941364
-0.055956100283726294
-0.00017072290020907414
-0.01316021618738658
-0.009320453377674514
-0.065369031399881
-10.0
-10.043334807206646
-0.10125393413698433
-0.23918910104142954
-10.000006903879667
-0.06309452221565202
-10.011288709039366
-0.006073741517038171
-10.0
-0.07087840098363972
-0.00019398877733486767
-10.018599594395146
-0.00017384785849291454
-10.0
-10.018052534304552
-10.042863412386502
-10.000005534540744
-10.000005464427002
-0.00018241468292384667
-0.00024970375014492897
-0.0058063941184597605
-0.089578186118032
-0.00014655819926979096
-0.00023899774253744626
-0.03359856789728197
-10.079345174192875
-10.023062689990818
-0.00017119201834137415
-0.12790895851375036
-0.02051142216895843
-0.00023501377963984412
-10.0
-10.0
-10.012821259643703
-0.00016388527532963055
-10.000020032550738
-10.0
-0.06899251897526906
-10.024956204475973
-10.012317878542925
-0.08926196140873183
-0.00019900686134342936
-0.16284068522455378
-0.00017474506466578322
-10.0
-10.0
-10.000005525013385
-0.017955612286170097
-0.13402547848921292
-0.000183833156536995
-0.20678143182582187
-0.12772929584860257
-0.00023002042854385627
-0.016578674374436126
-10.0
-0.05660095428146085
-0.00016925958471389669
-0.015314162679158434
-0.006921778879565298
-10.017837645246782
-0.009833826573162847
-10.0
-10.0
-10.0
-0.16469895185672312
-10.0455068052122
-0.18247126510468273
-0.00020200411264965256
-10.000113539472695
-0.00020624174693539406
-0.0390471116466066
-0.1009754841177291
-0.016119392370702052
-0.025813100770830752
-0.010421013236122385
-0.022947163275200452
-0.00019903911208902437
-0.21827036770233438
-0.00026082161436740607
-10.000008166766035
-10.016150570096064
-0.00015828787204310066
-10.0
-10.02233873120085
-0.00010831227073393722
-0.0001584920411207652
-0.00019806417106806704
-0.0002486800062047181
-0.058158599541319585
-0.021754061961865277
-10.0
-0.006646026879091726
-0.00023644183496425068
-0.0002051706930404549
-10.0
-0.00019937899948084168
-10.0
-0.000232179815583021
-0.00017066828141336455
-0.00020024643794655793
-10.000005569678756
-0.00019599801470505173
-10.0
-0.0002477204232200654
-0.000230555786831404
-0.00013488162514346772
-0.00022732699823015942
-0.15557552942511657
-0.000186515290867329
-0.00013080323083749552
-10.038594197256243
-0.00015894910156252589
-0.0001118034443471947
-10.006598591660339
-0.0001551029934750181
-0.00020218516205985527
-0.00020623764263526234
-10.008880661965676
-0.00011199964300221443
-0.016322668166689425
-10.041741875291516
-0.1673183802550341
-0.0002466494439022455
-0.06375726880092578
-10.0
-0.054453092256966706
-0.04384884595774286
-0.0002151955774880388
-10.014349687074821
-0.009175252704981447
-0.007571774981514712
-0.00022523289580384122
-10.0
-10.0
-10.0
-0.02330832668420289
-0.1506377682287086
-0.00014866227938812907
-0.00018659988792352748
-0.0851462194583401
-0.00026568914244234763
-10.000005529362443
-10.04639871473952
-0.03338914544970629
-10.055329634365178
-0.08211825408535496
-0.00021852762189637073
-0.13866969987671438
-10.0
-8.279141878912092e-05
-0.00016746649626224447
-0.19190242425477838
-0.00021428095782007788
-10.0
-0.01779346653839905
-0.044457037539715916
-0.03742809135520344
-10.0
-0.00022973888854916394
-0.021101107111526143
-0.15382436112201175
-0.009294588944648206
-0.04898309964174714
-10.029550626694759
-0.15818647318329718
-0.0002029458056166976
-0.14084385834617644
-0.00016880969079659567
-0.1032141740857575
-0.13308864044113491
-10.015666798521742
-0.00018501405840313988
-0.12384902491202862
-0.15018867465694097
-0.00020159748251834516
-10.009192559969778
-0.00018838809438979034
-0.07326242005734358
-0.00023658913958875618
-9.807976777401542e-05
-0.00022032190905071892
-0.0001773252339284343
-0.09014611005717889
-0.00018306046597871454
-0.00015919777180274923
-0.00019901229396632344
-0.00017188428933329736
-0.022595971711926482
-10.007330942441937
-0.2727707107509306
-0.00012886311643062296
-0.19664411327337172
-0.00016898154899024168
-0.008281093103131685
-0.00018231071594827222
-0.006132704805855407
-0.03343844881490759
-0.03067367176325357
-0.07880591394612013
-0.00021674795992712294
-0.00020015800983090798
-0.00018283238742557487
-0.00019608476740967
-0.0002521456513974831
-0.0001798830170837594
-0.00014458041852686757
-10.000005548986707
-0.00017250370264662224
-0.0984387144435479
-0.00010007391524571559
-0.0002398615767197354
-5.898580732733893e-05
-0.1890873048102564
-0.19284272279418305
-10.000000062743903
-0.048873229427344296
-0.0588265321816885
-0.06123988445200855
-0.00019780545093870598
-0.17168810466380727
-10.016237032569135
-0.00022061999438897554
-0.00020606445036695315
-0.00011798761217369567
-10.019871812732559
-0.00021468660441174137
-0.00015988540700650095
-0.0001666704674201467
-0.0002314277833830762
-0.00019056669372637962
-0.09136845075998326
-0.042331774267653215
-0.026957096166809885
-0.03416264980152173
-0.06522781654134546
-0.00023165684682913644
-0.0002540958748060493
-0.00010523503240521606
-0.0748314379346526
-0.00024021786866499758
-0.0768140388235474
-0.00017892352802695676
-0.00011287653431161467
-0.0001933599950418692
-0.00016718903856205897
-0.15306631133018195
-0.020266492606132787
-0.00019291496728015043
-0.06963773408648646
-0.00017859513431120298
-0.00019089366820798678
-0.00012632557559389866
-10.0
-0.00018925255482461743
-0.08948195016192313
-10.0
-0.013927620823136201
-0.06061959023194137
-0.00011995655423724849
-0.021175257001726587
-0.00011621891158970489
-10.014376723809193
-7.29176498460468e-05
-0.00019534512218638493
-0.00011546925624613373
-0.00010984476223388685
-0.00017734120873240554
-0.00019692189107939925
-0.00016588304150916565
-0.00014019694143232683
-0.0002284135309183838
-0.000245389334408693
-0.1374860507477926
-0.00023404902775867094
-0.013741399804428133
-0.00022459476214154047
-0.00020651480377404028
-0.07233614381334877
-0.0002207466759768414
-8.312028541738728e-05
-9.722326961939447e-05
-0.0001743810358584712
-0.00010600248239036502
-0.23846721056462722
-0.0002570982986588808
-0.11404395038345702
-0.0002183539510587619
-0.00016341967933292709
-0.0001291953617644732
-10.00022692901466
-0.04239417688708631
-0.00017433988533960824
-0.0001607089283272095
-0.00022141283464275187
-0.09213364907056751
-0.00019923392031741212
-0.05791726042002978
-0.0002625114555362062
-0.00022487433975569094
-0.19054060925122468
-0.050450125897325546
-0.16902633006098836
-0.00024897934371943814
-0.1422683031324357
-0.00018002842177088093
-0.00014869090429413094
-0.07831903506855059
-0.1358925191780925
-0.08400442816415343
-0.00029158367504977486
-0.00015824132560951325
-0.0001351356786082809
-0.0002501923227846223
-0.0002585645931624
-0.00021027231247390792
-0.009712708480455298
-0.00023364853317138983
-0.16767538503815305
-0.00017120264835849864
-0.0002550919961697559
-0.00015402708994413452
-0.00023493873695066756
-0.08302183340482372
-0.08274325446265238
-0.0002041420320294636
-0.00022952946824652257
-0.00010430107648600854
-0.015398580040284535
-0.0607228017820447
-0.22842356885635112
-0.0002126406707440958
-0.016451094165792636
-0.008357512626293665
-0.04232430140050516
-0.0001510394009782795
-0.0002817347629304592
-0.020434980313228775
-0.0001621505372585636
-0.00014511380129877418
-0.05702007334199376
-0.000252038573784517
-0.13676432118807474
-0.00010223617078664898
-0.00021418014803841626
-10.007462558227987
-0.03910836032482472
-0.00023893341639170837
-0.03690068730661585
-0.04494932909805323
-0.00017034631556670486
-0.17538947132469027
-0.00015344257866426906
-0.09937491931831005
-0.00010635851288808625
-0.0001581591215422484
-0.00016830590334949668
-0.02707586530951548
-0.06710986450666337
-0.00014618430612010547
-0.010921723053865986
-0.00015565985780764633
-0.07170629686951459
-0.00024206334378280484
-0.0001508328842298723
-4.805205425175693e-05
-0.00017103706646507983
-0.00020460279078775816
-0.00029538317602338486
-0.0002564368467726921
-0.06307120312329892
-0.11086433221271165
-0.12498023939251374
-0.00023276846884080115
-0.030711311343059718
-0.0002179880610301652
-7.766969867826179e-05
-0.00023655603784149802
-7.499278953372813e-05
-0.20959638708503875
-0.00014594536896615122
-0.05416293672687559
-0.11597236213209794
-0.00015287643020990034
-1.7773122433629794e-05
-0.00013777563786180073
-0.008438404311571376
-0.000235597374842134
-0.0002250703275634422
-0.00015800857833346183
-0.0002129137860701426
-8.751969218560843e-05
-0.11719722366677529
-0.0001369246670839004
-0.05947573829667163
-0.00017074048233714132
-0.00014597756886817532
-8.997560990583188e-05
-0.10399721154987698
-0.08529532725402038
-0.1259842824599644
-0.061114948731497004
-8.545294811586178e-05
-0.05353847909131633
-0.00017626288218790433
-0.00023861612792438255
-0.00015634910974542197
-0.06746129195424885
-0.03335846124188892
-1.9313977067173527e-05
-1.9206504438066888e-05
-0.00022269880960583096
-1.8485513526690477e-05
-1.7592660413135142e-05
-0.02131445335353443
-0.00022376216676318856
-0.00020239705428655962
-0.00024113635906423188
-0.00016442339183664903
-9.142257311881012e-05
-7.149422949637198e-05
-0.00021870319936481486
-0.0001659840096275456
-0.00014911476791508774
-0.10240394179381346
-0.00023116219937766594
-0.021660683681887644
-0.00015057282374424956
-0.00014304372181963058
-0.0002296218082894068
-0.0001993706520895124
-0.06893544243756239
-0.11150999426291736
-0.00016549069806236138
-0.0711911275230186
-0.009800634316921021
-0.00014078063409121293
-0.00014344206294774405
-9.135970413400787e-05
-0.11219346954417281
-0.021498943909998153
-1.7826424425394554e-05
-0.00016444766714528722
-0.04226433253549153
-0.00017509916728958096
-0.00010432427173083075
-0.0002795673716454209
-0.00015442373268841983
-0.00016677327180841404
-1.9989851747035293e-05
-0.00019199620164900286
-0.0001893590505486854
-0.0002318173844157387
-0.04614902523449639
-0.07648826636042957
-0.00029581041416926526
-0.03543901203931922
-0.0001290059049214005
-0.000227991199139578
-0.0002116521163089126
-0.03987969912103722
-0.02444987338685094
-0.10161374597696683
-0.000269392472533989
-0.00024493240733694386
-0.07683587185951182
-0.0002278993144572
-0.0001435717551114422
-0.009874589366989752
-0.00022781853803936932
-0.18470046374681248
-0.005998855658117636
-0.00023913124074045503
-0.00023534264200712233
-0.00021168325087249834
-0.06351941811756358
-0.11955737682735768
-0.00016478615354771091
-7.966257985703073e-05
-0.00024741575537338126
-0.06550109393007215
-0.0002956342336719923
-0.30421010156747896
-0.0002194275496837389
-0.13353962622996407
-0.00015773780718082391
-0.009171522735117689
-0.12014127687016267
-0.00014168887414322694
-0.22194912038172282
-0.00013993921800864475
-0.00026361832706200223
-0.00021863232404124053
-0.0001466924534246331
-0.19325890859824857
-0.00018506050114411432
-0.019492971979844603
-0.00013785714739499567
-7.804865373347842e-05
-0.00020963486173476118
-0.0001945750483146833
-0.00018328495387427316
-0.006505696916040565
-0.00013861239896008432
-0.0002076134038381109
-0.00020639147864376966
-0.013170527937212049
-0.09568200117618644
-0.0067831288214518105
-0.0001285024371645317
-0.00013696423286889577
-0.05650718619916424
-0.00013366045414328325
-0.00011592201305717598
-0.030568583769529308
-0.00021482513294365687
-0.00014339819644694043
-0.00014832619357190322
-0.00012868014390872
-0.00017205693284043884
-0.13586436611180527
-8.834669706549546e-05
-0.16310169490881746
-0.009101326278144514
-0.038684672122607774
-0.00021725308829602738
-7.901622851854132e-05
-0.0392573492726583
-0.13407280075616113
-0.00013792243791811254
-0.00013288463699525287
-0.00020365009980317174
-0.0001927677380010557
-0.0001174119308399713
-6.196512338806846e-05
-1.7227535051074304e-05
-0.00019989219533843693
-0.0001913881619083726
-8.399842529501309e-05
-0.00020731867369711037
-0.00022388879986703697
-0.09122015083074672
-0.04989372989110555
-0.00021663552363160863
-1.9720636388040973e-05
-1.741356299997677e-05
-0.014886677446716828
-0.00022031727088484433
-0.05774402524994211
-0.024022531446533293
-0.13636208155523266
-0.08400103939438491
-0.04366395702276299
-0.00018059052655776696
-0.07607687933791396
-0.008462695151841988
-0.00013633709950103723
-0.00022202851078547098
-0.04707601107135884
-0.08597093438593648
-0.008083903024974588
-0.07777354513457806
-6.752436514668798e-05
-0.08579773579590892
-0.00014062656038003752
-0.02848767724514774
-0.03540523100390663
-0.061963744444596
-0.00020986595520051504
-0.08401643438920617
-0.0631703680361813
-0.00010815990407186236
-3.086661202125585e-05
-0.00023569858117010142
-0.00013762654426532954
-0.024228674054900593
-0.017836095467702852
-0.005505362720523476
-0.0001491703756986121
-0.05777094457874492
-0.00014813084090762465
-0.0001549324229722975
-0.15091632671980276
-0.00013984159722175082
-7.596891209162222e-05
-8.817297526467401e-05
-0.00020053823726746476
-0.00010486793331287568
-0.00017704843569093642
-0.2358814630302764
-0.006362732203298643
-0.00019423245460214737
-0.00022071602601901974
-0.015418134049987495
-0.13885655730307456
-0.0001187813643163966
-0.07886824030488028
-0.07999285468376946
-0.00029185127638198174
-0.00015009667920513043
-0.15897012036001695
-0.11920095075391987
-0.0002271898277578426
-0.00018408580198124916
-0.00015871829593557026
-0.03463190741410042
-0.02390775457716897
-0.00014714917380980705
-0.05989867391292033
-0.09462490195342348
-0.11645296980777972
-0.00013417890264067286
-3.0837925705114346e-05
-2.2077191901858362e-05
-0.00020467334616506213
-0.00013076314651576813
-0.014484225573657108
-1.5969562310941465e-05
-0.00021271153722911772
-0.14661754242681763
-0.00012360855088362367
-0.00014551479134014295
-0.000145600624365297
-9.137273770574185e-05
-0.05847180311927899
-0.00014878588281724408
-0.00020660917624870778
-0.07572079004143964
-1.5756629524300008e-05
-0.037631202240185714
-0.00011925687708160588
-0.014433321531110859
-0.12557414171212783
-0.18154391227745467
-0.017439488730078303
-0.00016274005987051109
-0.0513836362074639
-0.00014717834033278797
-0.00019063929454647018
-0.00010342916519699367
-0.05224259748770447
-0.05899555034063016
-0.07709803412471139
-6.66449563836021e-05
-0.0001572026289471801
-0.03763651218890042
-0.0001296394068879149
-0.08366310682998818
-6.0515687543113614e-05
-0.00020972399805073248
-0.00012127306002337378
-0.0001395177368113747
-0.00014283036633730664
-0.07347603170222664
-0.000215533875527493
-2.0811145007507258e-05
-0.00011614751268645863
-0.00021957702463425708
-0.00015168403510909203
-0.00015858014170948759
-0.00014667573485971038
-0.00011525606783640324
-0.0001882088682361743
-0.2720201176085211
-0.00028835912542250037
-0.18312790790551708
-4.696367967877186e-05
-0.08558854769030824
-0.00018569183767923298
-0.05914626085823022
-0.029568884799156633
-0.032301601622167476
-0.05314097248052523
-0.00019615817542995029
-0.00018609726777726266
-0.00019994744964519186
-0.20553401369661625
-0.09000999837335989
-0.023664106359583215
-0.0001414358240324665
-0.00012865248010437817
-0.07217744362579366
-0.09976069431436073
-0.09977712269173505
-1.6797886348053284e-05
-0.08166808536190479
-0.00019186461213761938
-0.034922916578768004
-0.0001349729711615001
-0.009809182022091504
-0.00016957951535107634
-0.018445259130913952
-9.857983581072456e-05
-0.00014227647458381316
-0.00011559738529371662
-0.15963870871392577
-0.0002032895996821247
-0.00020787802409110372
-0.00020838388145565692
-0.0001001136582304375
-0.00019462971873307786
-0.00010995626304885555
-0.020465831023429894
-8.572635912366153e-05
-0.05859379759315464
-0.10110757232412865
-0.00015908479536427402
-0.00016224642057253337
-0.07606271108313917
-0.00014252400261762359
-0.00021305048017018392
-0.05430757663361014
-0.00020995160739465443
-0.12076886417598859
-0.02122010979069575
-0.11510750923413787
-0.00020166422043233823
-0.00014280848718827526
-0.07744046682541952
-0.00015076892086519754
-9.565533835624067e-05
-0.01351886580683375
-0.0966050158118976
-0.0001280102731267117
-5.13110119947971e-05
-0.00021659140948801362
-0.00021607502259291504
-0.01594185482760078
-0.00013722434406077501
-0.05626062449274634
-0.00013913005165894866
-0.00015130475155451215
-0.0001535789681672523
-0.00019164553113072265
-0.10037048492236704
-8.545476023818794e-05
-0.00019769109174949743
-0.03319346677614567
-0.00013942271840665117
-0.00015272189890043163
-0.08892088991549141
-0.04672317997105763
-0.00021130016299487952
-1.8865280661075716e-05
-0.0002523327380600897
-0.12073656538511174
-0.12643789856697846
-0.00022296015420936605
-0.00021446041298218163
-6.90903353385038e-05
-0.00014885031849197784
-0.15810583862002608
-0.0002447450104747426
-0.00015506101479981002
-0.00028517825284756317
-0.05676151931712021
-0.050853002743466144
-0.00018438838622155556
-0.0002045046656516318
-8.007197448653396e-05
-0.17212310682450072
-0.010075241647236768
-0.0001422046266784847
-0.00013838734804145824
-0.04011539234042663
-0.00013122046371724178
-0.00020227305573074727
-0.0002001034541382497
-0.00010944444268229175
-0.0001718356716818556
-0.08742223318696851
-0.08045138651742528
-0.00020061729531915248
-5.650475156130383e-05
-0.028819166586598534
-0.00014709312896424913
-9.14032406469225e-05
-0.00013946435583549953
-0.00014437246409245292
-6.468987936773937e-05
-0.00014379490355037025
-0.00019993540681113235
-0.00014529312025329143
-0.042795708408575654
-0.00015065771820805786
-0.0003062680716812116
-0.0001273025502192717
-0.00013640806428789367
-0.07385092148181281
-0.00019930120813881454
-0.007687708546610403
-0.0002042583494448732
-0.016348513260671608
-0.00020524464600042637
-0.0626567811008508
-0.008004985840229453
-0.0001324014251262331
-0.00019951367290093456
-0.04344390981949514
-0.0002068568342147744
-0.00013796607730715376
-0.00020553476540549544
-0.08818663393308136
-0.012288075344148658
-1.7687590836518364e-05
-0.0064303000344505725
-0.00018959888779537215
-0.09971881510493052
-0.00015015030972008046
-0.060798926077279096
-0.039190039421546904
-0.0001485549444731159
-0.04957694245138092
-8.067019937758256e-05
-0.10571919273224886
-0.013584947250887408
-0.20721577182036166
-0.00021581353523445032
-0.06693076906251627
-0.023794141257609893
-0.028094589757312306
-0.08191435240841549
-0.06178147493248243
-0.0001709279360722099
-0.03193391967212315
-0.00015273254561101894
-0.02124262491552475
-0.005120710138832898
-8.464272742859123e-05
-0.00015937059234534637
-9.320567286483794e-05
-0.0002038289215745165
-5.5931338886494296e-05
-0.00029547437478655834
-0.1839978302608447
-0.00015038448058966728
-0.08725184940341454
-0.18416417954817157
-0.037980509038595234
-0.00014496074141770243
-0.00018986932175753534
-0.0001246789269134267
-0.00014510441390225317
-0.00014145118250097596
-0.00027133946761009127
-0.06904824170975815
-0.00014917921813813732
-0.22373919329290037
-0.04211134246857062
-0.00014776591632109385
-0.008256613620559596
-0.01408434088365428
-0.00018726620490200281
-2.0662516489150415e-05
-0.14771894589409945
-0.00011952065675652805
-0.03134251366428206
-0.008942744099181053
-0.0001778611886577375
-0.04260886105078063
-0.08053260767959244
-0.00018984845602735623
-0.07900350261029442
-0.026745425353013073
-6.152574585786054e-05
-8.47161515093516e-05
-0.056748488794616705
-0.00016579192769348744
-8.795323343545203e-05
-0.00011838363573546065
-0.0067451359380952414
-0.126034831587713
-0.0495372745985168
-0.09368714342036003
-7.882885835590691e-05
-0.00012222491361555204
-0.0002056583047299892
-0.00013291678063320837
-0.01629985061981521
-0.013323587617991755
-0.00019642926198863687
-0.016255073672409314
-0.0002082373807044152
-0.05259647070048461
-0.00020817937773373086
-0.11814625686601188
-0.00019662354188133458
-5.9573059893125683e-05
-0.021341213387033424
-0.00017982315777248192
-0.07062866624420686
-0.0001282546862746696
-0.00014968965110052194
-1.4343474146953611e-05
-0.00014865005542461277
-0.00019411757893125108
-0.0001288891324669443
-0.027044026981017415
-0.000217214382936443
-0.00015045747062160934
-0.00019375634363789964
-0.00013618485054343906
-0.0001983224780663946
-0.00012986104750547768
-2.934680494531586e-05
-0.00013520817772138334
-0.00018764550554787888
-0.12594232261868382
-6.709947627665672e-05
-8.575764562343002e-05
-0.0002008964225800221
-0.0852092309281351
-8.750831960680291e-05
-0.0002045190788612996
-0.0001495768604329878
-0.017044679975243664
-0.05088095684115744
-0.0001387770693598877
-0.00013656821790616712
-0.0002911268907224464
-7.031286762090372e-05
-0.00018663195604742903
-0.00023196184735905606
-0.019349932877548784
-0.0001330690930180874
-0.12341832853502435
-0.00014914276466910072
-0.00013626216819474037
-0.06708184011480464
-0.00019121769443510326
-0.030448042527374757
-0.14214134487660107
-0.00015330194064872357
-0.048085463969039496
-0.00015795806525999926
-0.0002598947310785585
-0.08040651856918059
-0.0001997039884976921
-0.024552322038228352
-0.00019568359895105365
-7.682939150938972e-05
-0.0057525708553866645
-0.07276653535862436
-0.0001907857174974627
-8.656198152390943e-05
-0.07891499845520769
-0.00018278421018016325
-0.03881124639280484
-0.03230668284522331
-0.00016770182605434344
-0.0001677804407760585
-8.10216810246005e-05
-0.0002217654606441421
-0.00010114669391794761
-0.00015183374106085795
-0.050495306668112416
-0.06485563572752528
-0.07003855728790152
-0.04578370715633649
-0.032328334876429644
-0.07592696834093574
-0.00012737354406030653
-0.00013712162338928437
-0.12428969325038668
-0.00013775347267894645
-9.676316369963017e-05
-0.00014801049847293504
-0.00014752077744546217
-0.05121068886027037
-9.26010083714067e-05
-0.095626280174384
-0.00018824193047655975
-0.005339723301338934
-0.0002191038317275517
-0.00015743533589933925
-0.0001324429241617014
-0.0002220681384735698
-0.09798650367011984
-0.00015785330607714484
-0.00015061961022767555
-0.04897477134556201
-0.00019815784763385885
-0.00014015045418115193
-7.51184258643592e-05
-0.00012831624755207255
-0.00020264435858605213
-0.012131265763959436
-0.12456102365778188
-0.1014769922830569
-0.1788602943983578
-0.17365409666052467
-1.7313995271326012e-05
-0.00016292975149426346
-0.13962472698136147
-0.0001643522728802749
-0.041753320848214065
-0.00017294621099189883
-0.06365748224488676
-0.00020217131831574107
-0.17369914008009824
-9.347991235917506e-05
-0.00021641445342642383
-0.1708203871005703
-0.00019906105135035973
-0.00020497039433054262
-0.052923922742030824
-0.048019644304121
-0.00013970992483071693
-0.00020238338848563666
-0.11122844170525059
-0.09923022391081138
-0.04182300356401922
-0.012067511248298884
-0.00015356123450591857
-0.04636545519388466
-0.06826712366126979
-0.00015398707994448556
-0.00014543155629829634
-7.350622333856597e-05
-0.00021120541760151154
-0.00019756058707214944
-0.00019596617019060973
-4.09167771221153e-05
-1.656694316294997e-05
-0.0001245136254520562
-0.00013862532652106493
-0.008237670738214395
-0.0001465251466010112
-0.020559375928187348
-0.00012549043145654732
-0.0002036979955131594
-0.009089723576550458
-0.04621742396888806
-0.04707987662401231
-0.00019491618576417767
-0.00013002702269593287
-0.00016200111950523443
-0.08512446074240997
-0.00024354036456743103
-0.00011584369527658206
-0.00014367616619733573
-0.008912414058358343
-0.08477035525215268
-0.007077370852628963
-0.17094812084903843
-0.018632415129601496
-0.00013177700972525578
-0.0002159928153536722
-5.7432568399389745e-05
-0.018999139145037074
-0.0002224979210923557
-0.06832767782378477
-0.0588995908953579
-0.00014483592080692767
-8.398241806396716e-05
-1.5355721360440505e-05
-0.17420139071299623
-0.00011410193914474038
-0.04646752127510218
-0.007530977497128675
-0.07195825329149384
-0.0001410405044017187
-0.18157591576187698
-0.024503507284466652
-0.11448421027934766
-0.00012432238864603146
-0.00021086694259323609
-0.00014328751397113697
-0.00016136083775320973
-0.13574978884813801
-0.0002105619903514615
-0.05635359506063557
-0.15117277832403914
-0.00013236697470029568
-0.07816488950976157
-0.050186694195922504
-0.14624551025239102
-0.00014446750199770793
-8.097316414434232e-05
-8.130346858315914e-05
-0.009974330408217418
-0.0002236525603761929
-0.0460740597087603
-0.00015659851771252333
-0.00028257355459500083
-1.4178916011368738e-05
-0.09156704124534593
-0.04200326020058322
-0.0002667680988275214
-0.0001457870057589475
-0.029104595091465374
-0.03234258220614155
-0.00014510687318393915
-0.0001915640826068742
-0.00019613735339301663
-0.00013337790898066012
-0.02263156256931119
-1.6395919031999047e-05
-0.0001568268538621719
-0.031950325204303895
-0.0002221673611391669
-0.00020022786067340438
-0.00013818566354829577
-0.0001667530781684138
-0.00018400381329641832
-0.11604732586090369
-0.01957784320066263
-0.0003027755476895369
-0.00015365746746098932
-0.2020106751370318
-0.00020617726254074225
-0.00019269611673139008
-0.11153915898926871
-0.00022542386919574792
-0.10082980362547093
-0.0002501681355479224
-0.0002468009172539777
-0.0002702385085213428
-0.0001337998613694528
-0.00013415410955192273
-0.24969321790373497
-0.00014183857075201982
-0.0001538226270977928
-0.00019789301947670149
-0.00015662416249541937
-0.018742127859008296
-0.04001065401334293
-0.00020371754129993263
-0.00020615814863488724
-0.00012636938337827095
-0.00025869709313550187
-0.00028221790669335866
-0.04351604560276224
-0.13187410720599985
-0.23431040051998608
-0.0002649852765602645
-0.06405424980609062
-8.275387680315552e-05
-0.00019779914379191218
-0.017287319743150866
-0.08452342287229746
-0.027766175708924874
-0.00021778772329648628
-0.0002738306020381098
-0.06843543267822157
-0.00011989407629735919
-0.00015121114041948813
-0.027830312232285687
-0.00012779303254127785
-0.00019786757856961188
-0.0002481536252009192
-0.00014855495572929815
-0.00019900096136248226
-0.00013072752651263587
-0.0002091430908393234
-0.1286308260852617
-6.607487102255635e-05
-0.00019759880267726412
-0.1365393590382116
-8.995961410609995e-05
-0.1268803603992194
-0.23128501764587261
-0.00012517862349624567
-0.0001744631812991592
-0.00014796925714386406
-0.00015073246781103
-0.00018770436514384562
-5.7613020597816745e-05
-0.04384815698812268
-9.718850041479698e-05
-0.11349649128681882
-0.01715770054374535
-0.09051069733997924
-0.0002602702639139256
-0.00017014098713111661
-0.0001914117895928711
-0.0071977370256673225
-0.06908404534619804
-0.00014775705655654202
-0.00015957811177678987
-0.01616760164295606
-0.05408430270760249
-0.051227633987394064
-0.00014115042815653582
-0.1361737480210239
-0.00015690434175603252
-0.00016304347166626082
-0.00950851078080128
-0.0002327894426094608
-0.0001368631776914276
-0.0001195213074757406
-7.498899680839286e-05
-0.00017106527886743232
-0.11499167350982446
-0.07266178438340774
-0.12204390944510193
-0.000143616523905443
-0.0001305871099777396
-0.00014342765691663188
-0.00019244570126899705
-0.00013594620869452023
-0.00012360764864007202
-0.00021499601149431409
-0.029525382099013148
-0.00019032113480111295
-0.0002264987964543364
-0.06847171107031116
-0.00021570063762852565
-0.14183885456470532
-0.00028439689120877347
-0.0066315240130371675
-0.0002755844218273153
-0.08951634933862611
-0.00895843755311941
-1.633174844637426e-05
-7.504742554424192e-05
-0.049708470368793445
-0.00015227531478610162
-0.072316844131999
-0.07166226311227375
-0.00023968679285333176
-0.005865277901836387
-1.7027217717791114e-05
-0.00016709915510427768
-0.058064582293815475
-0.06288644522540981
-0.0001951802102636341
-0.10208327035990752
-0.04279827694028127
-0.0002545617257764585
-0.008672025935571084
-0.0001449648005456801
-0.00020690731653072263
-0.00023746766260380344
-0.00015356784348137265
-0.04111543498419394
-0.0001529542325777685
-9.362066757294666e-05
-0.06846618680623222
-6.916988798734265e-05
-0.008900244884548597
-0.02113863170289504
-0.03244388698014745
-0.007597605962698731
-0.01203468750549011
-0.0001880562257086822
-0.04213751683924098
-0.0002025427932015227
-7.116937695083605e-05
-0.02706080538172193
-0.1246686171760068
-0.00019975541495024994
-0.009122023547847302
-0.08571248553745638
-0.0002056777418416789
-0.00021267816376588329
-0.0513546025311205
-0.0001819204648881322
-1.851277701463278e-05
-0.00014046789034114046
-0.0808008013799113
-0.0001535379637253219
-0.058384971226296906
-0.00015068033518043637
-0.00021879703168602816
-0.00022744923970018552
-0.00019191863780650392
-0.00013345743483060028
-0.031222352202763898
-0.1014743963945112
-0.00022093949297866483
-0.023134618654979802
-0.07758020493632567
-0.0001290637113199782
-0.00011392887963467197
-0.0078887387323049
-1.478524510090811e-05
-0.07961184142707806
-0.012641930653781011
-0.00018538710947424008
-0.00014974412084210655
-0.00021084970214089565
-0.00014916257231778303
-0.0002889052191839437
-0.00015627938820739724
-0.00015159288183481484
-8.124331694957528e-05
-0.0001848690579755903
-0.06942780844243085
-0.00024083771145200867
-0.00020415949714213148
-0.11287360263168178
-0.00026079473597328883
-0.0001459836496551738
-0.00012809358085502602
-0.030485175419637266
-0.00021638975180202145
-0.000136022582946989
-0.028020148070583513
-0.052581917208452476
-0.00024733597361128773
-0.00019348280253234142
-0.06301313052179247
-0.047490661206094284
-0.00012080582034672091
-0.011606988636122575
-0.00026922260453438203
-0.00013057204977745394
-0.04064926082632081
-0.00022233268444237517
-0.00014353296515693303
-0.00013127422832371068
-0.0002119983898475802
-0.09348911021745934
-0.00023112906799791421
-0.11337424448221103
-0.07610289881764738
-0.0001380887947411039
-0.000215375077433232
-0.00021602209688044888
-0.00018236641709467878
-0.00020172216337846044
-0.00026109686877760405
-8.342513518129851e-05
-0.1836305384474351
-8.539870751730102e-05
-0.03834929222100359
-0.01627215227837974
-0.00012063962992478464
-0.10150895356593923
-0.00019571480758857248
-0.00020820884956027427
-0.00025526357966070435
-0.00018404176203262672
-0.0002112614143934609
-0.00019951003860825198
-0.00023028013786019377
-0.00015407549239046569
-0.03798224934035532
-0.0700226892104334
-0.00018571801526903525
-0.10541353455404015
-0.050234976374965996
-0.00021854716405581768
-0.0002586387135101461
-0.11313539982463586
-0.0001630237764065714
-0.0002769969990951047
-6.963300723292818e-05
-0.056319916453218696
-1.4138275357182164e-05
-0.00020536534585216835
-0.00020641901649295306
-0.048051146984419105
-0.09416701366474042
-0.12976745529981604
-0.0002301968667264475
-0.05321468225713451
-0.00014244229600653398
-0.014234267663959256
-6.565151673165861e-05
-0.0002065346521147066
-0.030534639266656206
-0.0001493491325632699
-0.00024349094231350393
-0.02189202091308179
-0.00027445489746617097
-1.77520446695387e-05
-0.1962024855665528
-7.944514654817583e-05
-0.052220974261431186
-0.00020321853232389353
-1.50068003435227e-05
-7.18704972499915e-05
-0.00015377681882423902
-0.06590747033733269
-0.10972106072975821
-1.788086931484867e-05
-0.00020689041135730889
-0.00024904805169321024
-6.97650563050731e-05
-0.00022146249737880534
-0.00020332628564277976
-0.0001540139898677381
-0.00026753624252767423
-0.0002184602658716226
-0.00020070475389170797
-0.008156970443261429
-0.00022787352301695688
-0.009900775514686572
-0.00019379165873881162
-0.026757778063852357
-0.05517839515029496
-0.00029251368708355856
-9.911967864308053e-05
-0.05932169054566422
-0.021400142195309942
-0.021247432514642492
-0.00019341809122666213
-0.12985842022570704
-0.07739484433530996
-0.0002120568036672552
-0.09212821718386763
-0.01458346846834804
-0.12211163766899542
-0.06934666034942437
-9.317490769784271e-05
-0.00013977534935936402
-0.00026205277814649703
-0.04100012318998403
-0.05889560031131068
-0.009237388464395794
-0.024747922273013485
-0.00016346198601810852
-0.00012933768293414027
-0.00021397396331575386
-0.00013993183705088294
-0.00019452718062102197
-0.0002210856197358421
-0.09322897321198001
-0.00013869413273995626
-0.007149978689408119
-0.00014277231422414537
-1.5230933914407044e-05
-0.00012881265166530276
-0.00015969664926797673
-0.05710001094806902
-0.00014901139657991965
-0.07370143275909286
-0.00022056526011023867
-0.0002541578623533777
-0.16996544095128982
-0.04590719211459753
-0.05659741737636361
-0.00013242539870936878
-0.0001521160920048927
-0.0001259420862815137
-0.0001094979193672197
-0.0002128073694142837
-0.00021701131921446438
-8.378700082300287e-05
-0.00025011144206856146
-0.06705291708709718
-0.00019732509796761545
-0.00028105850282156145
-0.04670708983590867
-0.06364622356724811
-0.00015278509765673858
-0.0002131171137766142
-0.14967857696695636
-0.0001827057766880335
-0.0781237599472166
-0.10024127822900171
-0.00014410017297926707
-0.00021434340252007422
-0.08692598349407077
-0.00021401222243202657
-0.00019527102962942587
-0.00014277891758007543
-0.000140347363708631
-0.16838623370427147
-0.00014687534496852876
-0.0002211510245739897
-0.00014479751905457978
-0.05361015330690791
-0.049398031537516984
-0.00013077689037165727
-0.00010500968883393294
-0.0700241451287848
-0.1658373325456497
-0.00020199872408211374
-9.969755465180869e-05
-1.6665969861608624e-05
-8.196027451172114e-05
-0.00014503690121072603
-0.07878236494067926
-0.00014235969345456433
-0.00015636759106280425
-0.00023089875309131077
-0.0002441050399939114
-0.04633825995944912
-7.88559170501574e-05
-0.01769711364602039
-0.01837316917120976
-0.00020444157721003268
-0.0001874883638659236
-0.00012150408806984799
-0.05990139880570851
-0.10461006943222695
-0.006075838401901757
-0.009263675347607232
-0.02292790656565744
-0.029818535540986485
-0.00012039435764683783
-0.006617540877391377
-0.00022364833839361452
-0.04688604794370827
-0.0001578887716920055
-0.00013398526737585142
-0.14248636752364952
-8.411766381231543e-05
-0.0002177300531728443
-0.00017022922252027135
-0.00014647378207072653
-0.00014556973377589079
-0.00014537871729045087
-0.0001977251264720666
-0.00013252377228085082
-0.00015635007929173822
-0.12142378068505053
-0.00026997553209790777
-0.08132901897113853
-9.650870526445059e-05
-0.0340452229358965
-0.00026376920402759475
-0.02130672545381323
-0.0151267136795884
-0.00013777442251189191
-0.00014347829338277215
-7.41648364151395e-05
-0.0001441744739481888
-0.00019608309106853008
-1.5461918707534703e-05
-0.00015828372198028353
-0.00013959229996705176
-0.00019030411374474477
-0.00012033097083233765
-0.00013411626865633515
-0.22320146546450229
-0.0002611445303369684
-0.0002030930840035881
-0.045930859943423316
-0.0001390323790492105
-0.0001580329435637174
-7.886946982243742e-05
-0.00020694617767376205
-0.014891737519047378
-0.1072279498882473
-0.00011137024039431567
-0.061250243371934535
-0.09032688114827908
-0.09206293931231777
-0.00014467213819604587
-0.00020402805997850722
-0.0412698865075163
-0.01709677649939485
-0.013555149496588616
-0.07562308171802415
-0.00012515499843504944
-0.00011423505914410152
-0.0001375065617166748
-9.158576815247613e-05
-0.00013636033188067488
-5.309766267576459e-05
-0.10144747822686302
-0.014813284456014292
-0.04040278318007745
-8.703988307747493e-05
-0.15806399907741653
-0.03528546577971366
-0.00019117193730624517
-0.00018991404053448442
-0.13716189389892106
-0.00014790445737072818
-0.05542344316363018
-0.04802626230016933
-0.00028159658583994443
-0.00025891455422121857
-0.000152811937825212
-0.0709718033728822
-0.00015003667922226847
-8.285872114689644e-05
-0.00022879788617948682
-0.00015476722943943673
-0.000144974809268489
-0.11444947166770492
-0.005626692200531869
-0.00015155795073625532
-0.15622419389395212
-0.00013694995053069236
-0.007983270196966465
-0.0001951059223402675
-1.6355793612216967e-05
-0.00024013461897554216
-0.0001636792724809816
-0.00013949167576742755
-0.1488399251619113
-0.00019219671718774517
-0.00019915669178122478
-6.974923001941462e-05
-0.00011133546227555666
-8.407789922765542e-05
-0.0002593399353522945
-0.0001615709125914733
-0.00013430298868611685
-0.015499098561457727
-0.0002618716580930886
-0.00014302748489719854
-0.00025138605449458043
-0.0842809883136649
-0.000199828152947271
-0.00020476248445828137
-0.13789608942915044
-0.06711322345165177
-0.0001758174122367457
-0.06593936368879973
-0.0001250781690657276
-0.00010508334185158383
-0.029919718067632883
-0.00019045648049937988
-8.352001123936506e-05
-0.00928590334502
-0.04693636826753181
-0.013871333190036644
-0.00021340832301278584
-0.15004189892583678
-0.1489146848845751
-0.14203565321983624
-0.00509375547049246
-0.09817864344735275
-0.00018651757368515185
-6.872394296252508e-05
-0.006431521550866435
-0.0001844787418330828
-0.0968873494608009
-0.00028862066454855297
-0.06376969603449073
-0.032151968280853815
-0.02005855234987289
-0.00015754611911362838
-0.04250102364745342
-6.568794550533662e-05
-0.0001328971311244391
-0.00020460980964809522
-0.00014948506235027057
-0.00013697504228182754
-0.00013411539568441275
-0.00020104868269518958
-0.08809401637887063
-0.04341986095279737
-0.00019485509338803493
-0.10088253714682341
-0.02934177636959086
-0.00026920779573826053
-7.890263341755055e-05
-0.1819897780302871
-0.00014416722096747948
-0.008934476757708655
-0.023480302130735597
-8.538156443994657e-05
-0.06959796438710442
-0.00013140096083924586
-0.00014501783468543733
-6.287953037186949e-05
-0.13184142722387657
-0.028152405608267015
-0.0001750047566636806
-0.00014449241604777116
-0.11633152327983828
-0.04094272056781692
-0.04003143440433701
-0.00019920832439433155
-0.0001292270452597567
-7.96803558219611e-05
-0.13519929845573128
-0.00012445183744779338
-0.04558925805594627
-0.042705286473173065
-0.022593065351744827
-0.00014571001523954748
-0.08330957767124443
-0.00017391116732488163
-0.0001438290956742923
-0.0001361107561440391
-0.0001349835603925556
-0.0001963299074374983
-0.10721903409609831
-0.0001949387855713568
-7.830163557185618e-05
-0.008145928177459415
-0.028171128301890752
-0.005285026859134608
-0.00014030253821114316
-0.016114660799366298
-0.00013122796381635467
-7.915369633755907e-05
-8.305803517285844e-05
-0.07532950508005705
-0.00014299459764002207
-0.00011433117055012989
-0.09146029339509883
-0.05187429219628609
-0.00012496311853044486
-0.06731644902952283
-0.06106392168466948
-0.0001855373037146487
-0.00014943986193613777
-0.18257129588196375
-0.00024412580892151743
-0.07087265758995692
-0.1283198365905562
-0.00019933705228466128
-0.00013365784687835032
-0.00015114775039486384
-8.476394863652682e-05
-0.2346264560869843
-0.0002034535467503027
-0.00021355195530728974
-0.12206531620756778
-9.541594506109234e-05
-0.20636340049248886
-0.00022423210744055108
-0.032003594920032526
-0.017135208004195192
-0.17610270366227893
-0.00015923092449354677
-0.00013929139291516573
-0.04408402610726349
-0.0001282049398525517
-0.012925243270257234
-0.005208913567239586
-0.00021578585618962156
-8.809906823231101e-05
-0.026798581475574207
-0.0002163443062170111
-0.016231969700141718
-0.01849944386127199
-0.00019308477969776674
-0.00015469428552474987
-0.0002059136037285866
-0.01681873094618681
-0.00020543327661353133
-0.11403640239090272
-0.00023626507081014512
-0.00018807896564658824
-0.00013594473901868662
-0.11557932295598404
-0.00016755286432547058
-0.00028665227204635894
-0.1561953116159312
-5.558670975500428e-05
-0.00027914541105802926
-0.00019028214422853895
-0.00021303765438591185
-0.0001979754175554565
-0.0001593371982213763
-0.00020792097154294514
-0.0002816725031188319
-0.00022107375151413533
-0.00014027519994760023
-0.00026215726032707473
-0.056521955405690286
-0.02913209237472073
-0.0002443702652024656
-0.0002836922442243476
-0.008570044922025856
-0.2065152991712302
-0.13425495627577122
-0.00013064353065244037
-0.024522778399278557
-0.033520261382468976
-0.0002122806143041367
-0.02824910553136879
-0.0001876130222625119
-0.06366082501337039
-9.70873421487778e-05
-0.0001424584668316282
-0.10031134857325444
-0.0001930381741025897
-0.0002006875590086103
-0.00027003349010708635
-0.00018368338874117512
-0.00013780009361509304
-0.12201037028295975
-0.1606851683852317
-0.0002629739911285552
-7.586139386554071e-05
-0.0002815821211265384
-0.03665292829142387
-0.0002686800386723791
-0.00024046722317899656
-0.00014170485287218941
-0.0002757728912844538
-0.0395952642393966
-0.008909681105977634
-0.010013041059094126
-0.00015720771112460086
-0.06276478917409976
-0.00021696663775860737
-0.00014558099212798282
-0.00014595125890800337
-0.044705446891375726
-0.02648810313626381
-0.00020946417763033668
-0.00022284207226669974
-0.0284383296863227
-0.00015028850885541722
-0.00014204514309684117
-0.0002261450621199887
-0.0001805211119348192
-0.17236327085258946
-0.07032479097921755
-0.00023128644174396292
-0.0001258440255738399
-0.00021132531714147546
-0.00012281016737574225
-0.0537764580407189
-0.10509644795855833
-0.00020471092701511117
-0.0523812020686225
-0.00014501407818780896
-0.0002555580714666137
-0.02106319470789992
-6.47669540352797e-05
-9.511911906032008e-05
-0.00012193104446244789
-0.00012796967819338727
-0.00025716647876078094
-0.00015137310563406294
-0.00015144811103739813
-0.016038877674711863
-0.0001272134871738207
-0.00015985221385122258
-0.000205847819351061
-0.00020941934821043121
-0.00015514020140522218
-0.01642700307714428
-0.06247256771808139
-0.14293383544973598
-0.00020212997830230272
-0.10567438265843185
-0.00018777696631129927
-1.4806352209458349e-05
-0.06402765362703572
-0.00013660445060844525
-8.320693505652055e-05
-0.000283646963956433
-9.472468944797824e-05
-0.00013206109452560793
-0.00011680860327036214
-0.12215774569724336
-0.09371245613427415
-0.00021343774135472768
-0.06282990681115741
-0.14597751226564143
-0.00013133635943216252
-0.06422041907031713
-0.00023269820733801952
-0.06519694444129281
-0.08519808975654405
-0.00024742375864593273
-0.0001397674766694524
-0.00022035321330462002
-0.00022188946042162765
-0.10502920908350738
-0.07583351996288096
-0.00013572486347675488
-0.00019146465861068722
-0.00011433067057209275
-0.0001438316657481572
-0.05962705842133081
-0.06401187421225325
-0.00014164764531684473
-0.00014147817346029995
-0.09909243487808386
-0.0002763306792390585
-0.0001899874973808701
-0.00014556354799811892
-0.00018630631878289018
-0.10244954386330812
-0.03705619259344865
-0.00023005409902627816
-0.021415604993711132
-0.10059922823182395
-0.0001290893093874232
-0.00019055112222315118
-0.025775750577089994
-8.154058656098686e-05
-0.10531088212521998
-0.08937416162567666
-0.181343073726219
-0.00021167631941595497
-0.00027115105684401395
-0.00013844358643382162
-0.23270688952596558
-0.00026305211442002033
-0.0001485074612283768
-0.00015224522354344498
-0.0001333002652110922
-0.05171561680001101
-0.00012788236031861436
-0.00011760078981034421
-0.00015162364334202856
-0.00018603116136850986
-0.00012590594143636162
-0.008258456716351007
-7.591819458889892e-05
-0.035750782397170514
-0.0002213128830525961
-0.00021078363946298767
-0.050455955161818784
-0.048013447843327534
-8.139822041119407e-05
-0.27699433005201424
-0.00013359034439924824
-0.0001371166852138922
-0.047549036741418346
-0.00013659862812017554
-0.00014577335972095973
-0.17392655732600817
-0.16126559986870692
-0.04211998885419662
-0.00015954279237768306
-0.00015211575422300095
-0.00019840321701055356
-0.07299801143157247
-0.00012672665269259362
-0.00013771178960424676
-0.09086401734014166
-0.00014070184722730531
-0.00026583313935641794
-0.04478226954500127
-0.00012596902893645824
-0.1297691718486141
-0.06758566113811429
-0.00020292778364916616
-0.00016438263484485702
-0.00014312169796909624
-0.00016882965695662718
-0.0001783845005981968
-0.1439673256863273
-0.00022404959140136628
-0.010107957701310644
-0.0002001428548172133
-0.00021098293884388764
-0.0001274197561563304
-0.0420092531431933
-0.21721227560085282
-0.00018405689386176858
-0.00017322186153096393
-0.00026430808872177514
-0.00019380009790665427
-0.008628830067581715
-0.00020513125305586478
-0.00012628524380033806
-0.00014372413739925421
-0.00014917708700592879
-0.00014840260262421844
-0.014653112550178107
-0.0001367089080128989
-0.00023214534250472847
-8.378660425691149e-05
-0.00023313978387541094
-0.1268087944940647
-0.00020895903209439668
-0.015184815769074966
-0.0484375277031442
-0.000197142040102471
-0.04204417291253952
-7.487659634743176e-05
-7.034190645695745e-05
-0.008895825576599353
-0.11062737110110274
-0.053713288712964664
-0.00013832214233105256
-0.0002039636443223934
-0.00015025429430208758
-0.00014164969813158207
-0.00013567109823032315
-0.008990081153919258
-0.00018129971464375975
-0.04616110936915896
-0.007644811917388569
-0.0002231955939927199
-0.21826611644357136
-0.0001429504291012553
-0.12202196948623656
-0.00026736288475552345
-0.000139523659027198
-0.00019918899025288885
-0.00022998879077247567
-0.05442806884862941
-0.00020738559714007128
-0.0001258858894796708
-0.00020348793602400887
-0.00019412984413222243
-0.00020133209685362682
-0.00014460781096261815
-0.045473717997550886
-0.008087684419693757
-0.20556821173684484
-0.10993452642020418
-0.00015968178712842654
-0.0002632641359057144
-0.0118164846730317
-8.274386525929361e-05
-0.00021420782757577644
-0.000259320162153347
-0.06705435458833171
-0.024588805880135275
-0.0001633575175888567
-0.0001533453072588697
-0.028286730386550232
-0.18800438547514958
-0.039079424092479234
-0.000214318515005067
-0.09573558200933219
-0.07561656555332023
-0.0001952098272851031
-0.04977098632406103
-0.14600999926542016
-0.0001322696317882584
-0.00021335484774622428
-0.09772174418340346
-0.12452534841608376
-0.08759204301759563
-8.597260262748415e-05
-9.567564733096494e-05
-0.061873024545648775
-0.11615029323319291
-0.21862688189925783
-0.0001724414244764751
-6.608041077451915e-05
-0.00019473219931523766
-0.0001479642217279437
-0.027125081731714927
-0.0002574359801887679
-0.1445707029010977
-0.0002130808380081887
-0.00014046633613894194
-0.00013255076663077264
-0.00020254054314773357
-0.00015304020679519665
-0.10633060041227373
-0.0002639508232096337
-0.00019738003853396577
-0.00013188551398775632
-0.00021677793359008577
-0.15611434135252952
-0.0002048777772376131
-0.00014531710913095292
-0.00020985592558466382
-1.8294416293472423e-05
-0.00018682158911902583
-0.00013155782132898697
-0.00017647061234291717
-0.1338463196389773
-0.11124708505321021
-0.00027141400131935444
-0.04431938703308071
-1.7712976915879405e-05
-0.1136275372104479
-0.05187833746942196
-0.05554412721692037
-0.02242049399152589
-0.00015134183165354197
-0.055569588448240684
-0.00019392624129708678
-0.0244967012274708
-0.00016085008200025818
-0.00013119258603686433
-0.09753282432457433
-6.881621710061957e-05
-0.015769019608212857
-0.08126499073340515
-0.00016466939510022388
-0.043467127121702955
-0.10919578615045186
-0.0001902485861961817
-0.1174761340389534
-0.03157402232531218
-0.1803799386435628
-0.08435934216269433
-0.0762673866946256
-0.00020775420353470611
-0.14575286978634028
-0.08935059461652031
-0.0002546995378690279
-0.00013062488452783778
-0.00018396967406130994
-0.00017625792785996397
-0.00021413213137104064
-0.00019956676651766318
-0.0001473502710597899
-0.015914454258925324
-0.00030781718677609806
-0.09441588635112336
-0.00013670610690773508
-0.0002191335941998461
-0.14160707547465384
-0.023805033477789866
-0.0001951229638012639
-0.00025944510072333253
-8.166550668853325e-05
-0.009272393352791989
-0.00013626001858313224
-0.000259650444199831
-0.007547940313172625
-8.042417306132387e-05
-0.00021457371350296918
-0.008935079216658717
-0.000114940785675845
-0.08893776495103528
-0.03065208410017904
-0.05986861061108724
-0.00019103431835075488
-0.057591985851053316
-0.00018824654581498282
-0.00022211766511867466
-0.15001855651266965
-0.00015840105736852393
-0.000114144020019023
-9.386068573660288e-05
-0.112874736316714
-0.08573119625275233
-0.00020775535407691309
-0.00027410273744905573
-0.0890345146723519
-0.13496779769402312
-0.000140875280216322
-7.923691046098278e-05
-0.00022403378958571376
-0.03342209457005141
-8.657102074295981e-05
-0.04523273166494955
-0.009117577579785046
-0.00011334153269751369
-0.00021233081334495123
-7.022946005632978e-05
-0.009082913476925313
-9.032016766563261e-05
-0.06356675797301203
-7.72242165344929e-05
-0.10054455542998283
-0.00601076001090862
-0.00021630723539580121
-0.16243308775763182
-0.00013251286946636175
-0.00019165682916813005
-0.00021963451600156517
-0.00013994697776135908
-0.12313340658758981
-0.00025207680055504473
-0.00017650435510842424
-0.00014179304604736143
-0.00014872083473382161
-0.06176608064615176
-0.06702301116624584
-0.00015447635969829607
-7.181766795455062e-05
-0.10132550256770266
-0.00022060149847049655
-0.0001491640779901565
-0.00016776391644768014
-0.00019769128088871246
-0.0636497191150514
-0.00013543940018427943
-0.00016304493803132231
-0.040919147378087106
-0.00015887225190360378
-0.00024451068814206414
-0.027726946240390474
-0.023984960688789275
-0.00019345042371831056
-0.00012480639608512456
-0.00014075124151918794
-0.0002710966325886687
-0.00015241863516468105
-0.00029940684480157364
-7.077100335981075e-05
-0.11016595411112286
-0.01642003287751384
-0.0002592452998622554
-0.00022448594141393202
-0.00028215509741184804
-0.000203715610283618
-9.140579961369553e-05
-0.00019139359118183947
-0.00026660722883496126
-0.04004223774148433
-0.14633003236160358
-0.00021940842727610738
-0.11524266297952018
-8.437870920018654e-05
-0.0636074377659816
-0.15251366834364546
-0.00018655601877141682
-0.04036055414353004
-0.14034310067799574
-0.00014406157181217277
-0.00020990434655287647
-0.0001026159463174389
-7.918230543914223e-05
-0.043898036164894044
-0.0002809277412291265
-0.02070959683373632
-0.07156168224900192
-0.000195115347892525
-0.00014700227414314354
-0.00019867936408088805
-0.061840159857259755
-8.468564319341595e-05
-0.00012739522005989352
-0.00022658807864186565
-0.009101541013338337
-7.205409075185945e-05
-0.007548430285676758
-0.007078138659700272
-0.00016031592933002205
-0.05412737695906318
-0.00019481261313837868
-0.11785039655426441
-0.07066812687878944
-0.00016703314590159408
-0.14798782299480973
-9.801806739372168e-05
-0.000173009002385037
-0.00022208430599890454
-0.038858578268987747
-0.00013640584407461677
-0.0001527603485903483
-0.08966758814175485
-0.00013396668209190532
-0.12852147670642405
-0.0067794614983693454
-0.0001278216546598606
-9.579862965935869e-05
-0.027155269122780587
-0.00014820715725261322
-0.05050091764871825
-0.04465708094847469
-0.09209485589133434
-0.00016336396361440908
-0.05418099415936752
-0.00026923656654783074
-0.00023342577907639576
-0.00014189044859777604
-0.12373088796203996
-0.00029140197809870717
-0.009297263192869906
-0.05293099286891298
-0.027020601303403776
-0.0001632887529513704
-0.0002375451829917939
-0.00564658287962962
-0.09010832551123202
-0.0002791005047301074
-8.185276122910189e-05
-0.000211826239956008
-0.06852162346265817
-0.0579207607497117
-0.00015542187834992414
-0.00021041930355647175
-0.054307802054087445
-0.00027790951332086266
-0.00014824091769957462
-0.07534773078996128
-0.00013926735581639492
-0.049801249641592514
-0.07760161926670511
-0.014480388108764286
-6.424361836107319e-05
-0.0001965489332660571
-0.0002196708253372725
-0.05021634587463206
-0.00012783129882807412
-0.05604399984655118
-8.050793806417166e-05
-0.11471934818762164
-0.00020804596586220032
-0.12802471447046893
-0.00022531334639839347
-0.00015050199310971134
-0.06351151047013139
-0.00020840512217475037
-0.00021328917101199327
-0.000201664531848497
-0.00014769371002073398
-0.00021746352820681942
-0.00013629466646803163
-0.020311233270721474
-0.13946683514466612
-0.000196227879925624
-0.00022171027888049077
-0.0001435400104598715
-0.00022792982952245613
-0.05547217719533028
-0.029734289476658453
-0.033792104605368745
-0.00015133526671518415
-0.00015031214924385208
-0.05677314799610717
-0.05190661164572858
-0.00019598031892306976
-0.01733986317360809
-0.0002101355755015194
-0.00021205969573666295
-0.0001771480024742096
-0.07071815067157955
-0.04307384682699193
-0.14467986805954125
-6.530466719677244e-05
-0.23074185079042903
-0.07052908777346803
-0.0001549616482565005
-0.00021981294741663045
-0.029193645509282426
-0.00021153588889601674
-0.00015192231815447686
-8.118937079590937e-05
-0.00022197672439553109
-0.06524796541691931
-0.09671240904109066
-0.0364419515422571
-0.00015290196659781857
-0.00025776170992466995
-0.0001878365818457759
-0.00021855701016608816
-0.00016609252802012457
-0.08882271157596375
-0.0541928246680303
-0.00013224259489710724
-0.00013635445400231303
-0.00013930312871008818
-0.14434256936536427
-0.00013980802535245194
-0.18294778904382145
-0.058338044077417925
-8.478186601001262e-05
-0.053225912645666354
-0.11900847582278942
-0.00013035119572430348
-0.04482614588102583
-0.12546148843800078
-0.00021957966104155333
-0.030799049662994047
-0.035671723080138724
-0.000184241938973544
-0.11001997111223558
-0.05199588382605018
-0.00020532007591322795
-0.04021319124482185
-0.00020912709590564468
-0.00021988055187178388
-7.62966118277643e-05
-0.042391045238039354
-0.00015960531441567226
-0.00021325011604305478
-0.03048999598347147
-0.00016048905442737405
-0.006226881549244339
-0.00017445520740875736
-0.0001614585350055974
-0.000121436027870691
-0.00015980485680102693
