0.11256200086651846
-0.33501999783095804
0.0742989970897257
0.300389436298497
0.29809200068718905
-0.021782955715258956
0.27761335378415997
0.2385585040724174
0.7088496794968229
0.2669860016131814
-0.06020275156967561
0.29992870171583497
0.3501429787570733
0.4637828825891975
0.2015566972669214
0.04112612480562097
0.2865808861769835
0.2828686407592771
0.2864489761768122
0.6212533189773394
0.605715341658534
-0.15596590956826828
0.9548817334320154
0.33869008961242253
0.18568022506188148
0.27727576877253873
0.057997681287291214
0.07012158031198618
0.24387409320788217
0.29554615878715634
0.07170039142144052
0.7740571948723338
0.17742973184751507
0.30307217560594796
0.5166491819359829
0.1480366135099007
0.40270997742576015
0.18767177354149045
0.2680029211015993
0.16521031054574217
0.21899172483515322
0.28101266823006277
0.7420142685622895
0.14392269533308935
0.9474236790337976
0.12275632757334742
0.16908118434429842
0.34606818090666414
0.9175197335148766
0.445837489424039
0.21268524097046632
0.3422003693770024
0.7360752948241861
0.28081648934895176
0.44011853850728055
0.9158600411407289
-0.04413807581334489
0.14841070790671476
0.30183521612480124
0.14183660591155886
0.21659265457298463
0.3426325331085481
0.09420010904791283
0.18097134229129655
0.27684656722860895
-0.1293439225892155
0.23456360826613365
0.2519929437879327
0.0008063141465557422
0.2603412112135777
0.07786846760371303
0.14478747541836723
-0.16236458251293998
-0.09952840138117175
0.22451707902677243
0.3000328206526837
-0.061763651369312944
0.7237033515433546
0.846887461253623
0.09153282880902325
0.2629219303967754
0.26668882435981145
0.08123902135112984
0.1795758129910447
0.20202532844181664
0.27642544345220643
0.3316703875265483
0.49831910890823433
0.8027158152721487
0.07050824414848063
0.27797659072617215
0.0675767193775719
0.7885305638477922
1.102159543950054
0.18439421602037698
0.6179926754157996
0.44804876779510106
0.25857870142784234
0.3093582724503021
0.15701456490650395
1.008205374230096
0.6608932812557957
0.4525023287005757
0.20888930345263101
0.9280181697025496
0.36049132922308125
0.03768567837872033
0.4946627692311888
0.4893384673742266
0.2711964133648624
0.5702620747536254
0.24940789737749236
0.9633475165020576
0.2824700828783132
0.9258449838112505
0.3766588610184727
1.0063363715984348
0.5749432824756737
0.21748035246524677
0.13858734645549928
0.06774786485043728
0.26905531871219135
0.8457493364933206
0.01806074644210759
0.7343347438215831
0.3002164445182019
0.3518997974137169
0.2439727529361248
0.30512789334096435
0.47109271396318203
0.1330364622926346
0.1257506987051863
0.784565004749571
0.8975432422116936
0.5629763063833192
0.5050032350952818
0.632727410590874
-0.015323307482431187
0.18219240822941207
0.6140927111523999
0.13610470726575724
0.2699863364947187
0.6609668050265552
0.28713101826899495
0.9859771499802561
0.7737079502707798
0.081824519032113
0.15911264585296642
0.6438930933398264
2.1249645463868454
0.7729145015356077
0.9670120594991135
0.5504416405631954
0.8247721065332891
0.3535975900754139
0.43846543754814016
2.163937054374807
1.2573183733514857
0.7642899378042924
0.05386114370897219
0.7967236526781181
0.918859495823874
0.7359992146792542
0.37962670458716463
-0.016834595706835126
0.5433211398053943
0.7708633050352997
-0.054757685967519454
0.8020764165592366
0.4724608838894204
-0.009194404736443312
0.015147803482809197
0.22524781460466486
0.7577274561249857
0.718526360305599
0.7592242565093161
0.15301043856038035
0.49541954624595813
0.7539449350464762
0.4099365348228463
0.44492349601398223
2.156284854981192
-0.05703392302448415
0.8512185132825246
1.2793024656487635
0.6194177379295822
0.23932340344170905
0.07454686206166686
-0.3376496796559587
1.1734868686403739
0.1600702261240234
0.5647629419113017
0.6284259536920487
1.1475160073478436
2.1423719318134475
0.6742022221216089
0.7452340801127544
0.8825505771086873
0.43057858719266573
0.4329653886497267
0.0632862283287087
0.18483565013725087
0.43815786413393143
1.1282263267158226
0.3903043728833817
0.7647319302573279
0.9106381751287321
1.1129786350535973
0.8181421051845644
0.33029882213900014
1.118594443211231
2.2195424616155437
0.19076979110623457
0.236622875328666
-0.026811306601879803
0.5132867751609914
2.182805119813646
-0.12686109886309166
0.42629825463564747
0.2631198525813827
0.12004029395367333
1.1587689248379442
0.6583900600177822
0.15786459541380524
1.073100423296747
0.38751725694089434
-0.29123848540123953
0.45805899965142427
0.42751647263381076
0.32794004649992337
1.099750057585301
-0.08927235321528934
1.0607494107460032
0.0792386328295551
0.65238104894522
1.0561902589793934
2.1690617676220634
0.06481186974785866
1.054543912240475
1.2955733223426664
0.9127301176405999
0.9732677504375913
0.2492845242692513
-0.3579506048573208
-0.06013647290422461
2.2074371086637377
0.3068716808023274
0.816771089571553
0.6573963799714463
2.167368294733067
1.0576732490969474
0.9377107325321483
0.7484374066803335
0.29726610362863165
1.2567224510278252
-0.026584728617099568
1.0762794162493101
0.9470340107024191
2.1773126846274757
0.756985181191073
0.9458304745874377
0.4450054145474988
0.7791321620906391
1.2352074574765488
0.28195128361539157
0.8629483215117659
0.48509544834715745
-0.18382686721189606
0.923837579836252
0.1692114957400232
0.14649461644082612
0.14274703576232528
-0.18729917944009966
1.2592349946798929
0.48756670181797146
0.7841384135369616
0.31716980359894487
0.5416188826963253
1.0366368186103945
0.43098326136189197
0.06251135974457364
0.24155464427604423
2.1549855472953885
0.4649992417690554
0.8538307911632871
0.7588865256235363
0.39305228332452524
0.38850791514128435
0.9647086420780275
0.7949756552775489
0.43591012448881084
0.4488952689652886
0.9868550765533621
2.1829838708737936
0.7884460139084776
0.5422749686790106
-0.12829139390160188
2.1708671113944122
0.2792465453663833
2.211153321705848
0.031188109448020362
0.7395196736115297
2.180351149251233
1.1288839240590345
0.9989112439069652
0.7399154341944258
1.1678197694981127
1.1039912476597498
0.9235541140454193
0.30012028402893565
0.7828989279454754
0.7954615717771777
0.5256097476728018
0.7829726182857587
0.42476050571323276
0.8060099034853686
0.7889551624858556
2.1738931315563574
0.4897448027352045
1.119726350240801
0.24666173732209457
1.2985920998079215
0.8865340620862687
0.7582443177304483
2.1631536959504305
0.594888010335567
0.683336799789454
1.040131252215445
0.23000950874507525
0.7611453013224435
0.8148156951736766
2.1351695203973984
1.0813890361329281
0.24210534141109435
0.13915347433232092
0.4477284234651896
2.2120576156401404
0.9835367395170739
0.6420908465499299
0.45295471285900146
0.4339734288399597
1.0918409767491417
0.9510816092734162
1.1994523243281403
2.1840218610197897
0.345403606314775
0.6926329291270042
1.122810934148008
1.1733934729927606
2.165978582785323
1.0942928723959593
2.212139471658446
2.1351014365320973
2.1412488032756727
0.7989397117760935
1.2622429221843068
0.6123736254084434
0.7139861973380294
0.7778042737978167
2.168220751397243
2.16187920547999
0.5960466335741642
0.8778413624595249
2.1711806292908755
1.2989830421798658
0.7753875638572385
0.7768309912165885
-0.008975912384978413
0.12642726678648206
0.8610242436001504
1.081791762260592
2.173298161597023
2.169563786762989
0.8087204746768735
2.216470500425223
0.9602147661660225
0.3150510100122015
1.0414861553271308
2.1789558067368597
0.4417932631603153
2.1617996453759534
2.168095048307264
2.141590244588423
-0.023236014401534194
1.1161373504915182
1.1259605638492172
1.2572349823094557
1.0972577389051505
2.190276974557304
1.199918033526892
0.25622154110048495
0.6360858309553721
2.1794521004043483
2.1835876097748024
2.172506192752345
0.2504334242391815
0.8321034285013258
2.2347166818017064
2.1870464365606703
0.6606872636250758
0.21801605249543032
2.1712277884960587
0.47010351913657833
2.2001430729224065
0.7090886725603418
2.208183892867838
0.5696152672697431
2.1910621770541434
0.8543830124081697
1.3303186984323467
0.11516734801738546
0.968461325235584
0.09174145065863552
1.2393075744608768
2.2063806870422
0.21539878684034233
0.23867349250567557
0.8271139230916414
2.1697993480834823
0.7973594118861306
1.142779311243284
-0.0589691361589014
1.2022010047192608
1.3032138117584733
0.8212274576838208
2.1644984363554447
1.0255261410576824
0.587544842551976
2.1903812172154407
2.1472211269064667
0.6598027481485758
1.3293894222472
0.07960248458325109
2.1754768475729724
2.2176749353243412
0.09486511094572897
0.23083451610673583
0.7573212852461856
0.2796060887847216
1.132561371371025
0.5836024716567003
2.2076046222077963
2.1348747211549437
2.2325587611876636
2.202536496339548
0.33198889525948305
2.255826292530559
2.1668094382920593
0.6170964126307494
1.0903583158016144
1.288825829755423
1.2382006036903586
2.1956631347104922
0.4731747903854061
1.1296817326674846
1.2161619609911305
2.216529930965942
0.9847047462684543
1.1073387243642903
2.2142094687231406
1.3128775116956584
2.1724250916902204
2.172673927568227
1.0048609841520106
2.210477871448252
0.8076659453318877
1.2823850262834122
2.1985399720186303
2.1956855230810444
2.1949478428791105
1.0318434667701897
2.214642988958389
1.0995097302828205
0.6709425337506248
2.203456950923432
2.2235965180120845
0.798642077227768
2.1850195797280634
2.2113279574607665
0.2443436795796664
0.15701616778447539
0.105382699350963
0.03924612896161922
2.2213143497469905
1.212382755094525
1.3378377606876601
2.224575542347134
0.6194914860986922
0.8706659552662006
0.6730422999083793
2.231149507599598
2.186193178807905
2.205312236828068
0.8165134117649152
0.3645865443775406
1.0110742792045575
2.1561344031211163
2.198842795191995
2.1934915798193155
2.1953903644132673
2.1774864724679435
0.9666872650301945
2.190978962088157
2.1970292808824397
2.1666573250806165
2.205517203865429
2.1381952630169923
2.174830913834735
1.2082505531426861
2.188571962402809
2.190479588510257
0.25663204076565244
2.1886514763961546
2.2143199593003535
2.204500598458101
2.190877060075448
2.130459678033049
1.1114030488345215
0.044648307157555134
0.6521288462330563
2.2179834802322507
1.0062206986807756
1.3258528279347215
1.2241016967982352
0.3954118637614397
2.1884058782495925
0.368211186821747
2.147555687890457
1.0832542276673667
2.2070908998649506
0.9779856362401029
0.7456168612217214
0.7596786654928178
2.1805284247548666
2.2157792388122735
1.3128205057844897
2.183777861091924
2.1487956185108237
1.3166866151705754
0.9967814557833564
2.1838518205787483
0.42153216119712805
2.24576388213698
0.15827591331970578
2.1710480264220866
2.166602371431715
0.8776506187352993
0.6789342547653747
0.23256866447107144
1.2133577074112192
1.0220098652778882
2.2112477762325025
2.168387799008046
1.093280439639586
1.1109718221974463
2.160707574559974
1.1191338328330933
0.7628968605094069
1.1387094903240917
1.1455245717210576
0.9617157042678601
2.244095600058005
2.211178940943525
2.1943454250144208
2.2310873664503714
1.2274032844059493
1.2869048214645595
2.2200370322327956
1.0232343570034566
1.0143689251850005
2.1838589256191066
0.6231932119473341
0.9512058701576035
2.163043671134583
0.26203780394563353
1.2984249677558397
0.7752128918240137
1.293701899410686
2.219778991297355
2.1796139438670075
2.1901553201865753
2.1993099705898644
2.2165577638241203
2.2184078188804737
2.193962748771113
2.223964317506553
1.098020823732746
2.190276428983328
2.191191660065342
1.26821859160198
1.1532282360621573
2.2358628357918477
2.2158412288363243
0.4064943964121548
1.2763358907636435
1.0275575100326422
2.1716583473426874
2.2198252109920036
2.174283547809649
2.2056225160039555
2.1813037147575765
2.2029975132111597
0.9999826989259596
1.072381456281911
2.174061139864147
2.18805464512849
0.9796701371619396
2.2012082294688895
2.174309882435634
1.2950471949652593
2.2318641785735407
2.166064084335376
2.236504353691436
2.213371194736159
2.1819424997079366
2.2234703492142502
2.199199976265422
2.1889891774859924
2.228109768492472
2.226491572444898
2.199208874189003
2.1535002518252524
2.1666311162692393
2.199323449937107
2.1904945147962205
2.1799419789197567
2.1563428215345173
2.1943213092840064
2.2345692591522686
1.1585497297585396
1.102028563343262
2.2025958764069893
2.2275798368317696
2.224249338162683
0.6020549946569564
2.1771017337168033
2.212985367010347
1.0195194645563914
2.1606547702314467
2.241023207023693
2.16619131455506
2.2197006414736427
2.166292141409781
0.34371241205407455
2.155939961830835
2.2309272682988692
2.1866276912053317
2.1995288570127576
2.226638244611037
-0.31052675679503555
2.167080622713241
2.1886649844025667
0.7651126531625524
0.9547890714963168
2.1960167075024164
0.36892539732106266
2.220008559640294
2.201959531667568
1.1485075405175527
0.8021967411361883
2.2227955503486094
2.1776279494707644
0.440291758309369
2.2059843658332725
2.1687631972971255
1.3171761889935036
2.154310862442994
2.209057231364098
2.179342702724199
1.315168485480917
1.1516387809465993
2.1788408255050857
1.0075090383563514
2.212260656020456
1.1049660602003082
2.20420600767521
2.2061264355335
1.3055570244364474
1.1970512559152258
1.3007652564788499
2.1914554985967167
2.2156998884769266
2.204444003789949
2.157952594342552
2.1828101283043195
0.6517911423120284
2.1876006131712344
2.187705649478648
2.2018451203658973
2.161930897889207
2.236542194715519
0.7673007901106197
2.208979541081187
2.1880930846897613
2.1564329847229713
2.145411534454982
1.2864708175440671
2.1470482872842895
2.2185353823001437
2.1649658408990016
2.204826044350048
2.207215870401196
2.204086114749015
1.2937491064235969
2.1957749257016057
2.1597800807944436
2.225085469499787
2.1466249307422536
2.2145840287076917
1.1916047253170907
1.1136833023695627
2.215774094660916
2.2232659589460804
2.1969287401433033
0.5542297027717558
0.8040834632112311
2.1705976486930214
1.1846931254035242
1.1908343966726664
1.2900916562692273
1.2410870959405722
2.2274515985063523
2.2138952649160597
2.2023515022896394
2.207861964308033
2.219491531173219
2.1919159475314496
2.1923050721272155
2.200869821668263
2.183109586956677
2.2119295083735877
2.14511217171475
1.1324583108592519
2.2315466691582975
2.1816832948550884
0.3331275884787229
2.191501293870619
2.185548265454603
2.174333620014762
2.1766766676114626
2.1706801458543485
2.1714529486614587
1.277094368583543
2.223741200857056
2.176679900794021
2.1845404999451503
2.1955938795996905
2.1929025448197934
1.1412698289932781
2.214385350841477
1.406692076035206
2.2060390818724533
1.2967337201082747
0.7466484502053632
2.172935274200654
2.17506607813099
2.1759439001863656
2.180389018022186
2.2562063681780984
2.198207930851442
2.1765951905476504
2.1871451042817047
2.1755735503435503
2.171132143191911
1.0205876493599733
2.2628274152550896
2.214903381561149
2.1874996755659657
0.7443201694429328
0.7586216667801156
1.1328114191211673
2.213979344092729
2.196088632683999
2.2428533546632337
2.2257775498644987
2.1988132424154196
2.175635090316098
1.0094218115457727
0.20583551938492511
2.226707173701935
2.182412951218976
2.2134665141856376
2.1712881982878467
2.1598910393188904
2.168891438366538
2.1690560021629053
2.1986927808686834
2.173031478034634
2.1970190923801436
2.2126609502611787
1.0404244497403652
2.2011339372357783
1.2269044108179155
2.1959790845914378
2.1899146565001253
2.158050882843498
1.2642458183752492
2.1475369939491555
2.250828915106375
1.266591313128493
2.260396603828599
2.2641256666613123
2.1598616641602586
2.174634799100965
2.219004857938964
2.2324093088475205
2.208659020967221
0.8049958930377206
2.2381653501322125
1.3921161377370919
2.221102391764356
2.1943884395576063
2.2048066405905926
2.171027976815579
2.190049277020562
2.2425155003887856
2.1989207896904475
2.1886441137778103
2.153722260267722
2.1789179490223693
1.0668400601000456
2.2039225487143774
2.1700227400645393
2.1696122486065272
2.1934968274567215
2.1636365528713757
2.202396999447792
2.214582483156882
2.171854851829798
2.2061176673718386
2.2151260015797236
2.195260468584386
2.1879309722915496
2.1958245162565557
2.233568899165265
2.1487285388857638
0.3949230248221297
2.15858246173003
2.187480604975401
0.8427900127974424
2.199539366161973
2.1968783200003186
2.2183505848897696
2.2042539402158887
1.186215046025908
2.189234148735472
1.302617223253391
2.2054512159807236
2.198351714335064
2.2196568603455664
2.265506604199964
2.2175033049049846
2.2051207954423675
2.1831918768158736
0.920322081167704
2.178526675731761
2.1899853180724094
2.2123935855026984
2.187516918411677
2.2107530332352328
2.2357085561139596
2.15211194665015
2.221527104119194
2.2088621435781244
2.1685124688867283
2.2215232684766604
1.326470281786856
1.3079946925530934
2.205962542134798
0.8217317379897863
2.2370081402166697
2.168404909759965
2.1885124255813824
2.184713316438084
2.213782513103661
2.152175698510608
2.1919403981697485
2.2005337360103883
2.1820766621340866
2.1977994700139174
2.158440257075932
2.2441574407461107
2.240870333236847
2.1750420278217755
2.2389617390123773
1.058077356474008
2.17213682412273
2.2209159294894887
2.169140553189218
2.1616013439501343
2.1985662141348095
2.199449975188744
2.237264073706241
2.202557185988947
2.2436050461076205
2.171631560517831
2.1572285663917388
2.1622427850649046
2.1745954851900575
2.205822611709628
2.2309391391425515
2.1916983084298103
2.210708085414387
2.2021084192307923
2.178643793336985
1.3289280596616253
1.365142706469261
2.1856871007125402
2.1931957031910545
2.181732263388869
0.7916572468616435
2.184297516040197
2.1557777991011022
2.179773898343356
2.204029823207379
1.3428317144871553
2.1957386233312874
2.214797428259679
2.198090680363456
2.2161565727820527
2.212107987690859
2.179997922576688
2.1820985230026095
2.206435758983166
2.2005196210903657
2.157727898475489
2.173733697923516
2.184908092503842
2.156381731230552
2.2044214198823697
2.1712566473500066
2.201687825205658
2.214761210057313
2.2024905565386623
2.1943291416588098
1.120089774231024
2.2082185011894087
2.1685345545738217
2.197490306532313
2.1825599465765455
2.1873145946974706
2.2414284827186695
2.22161691282063
1.2080161243951666
2.194566625842456
2.206470249942945
2.1887795307097804
1.2623684753274549
2.2148618030675817
1.145149534641624
2.21574306022902
2.1782105091786144
2.207214138127709
2.2128417937538147
2.1781408685841335
2.18648608370522
2.1835554048255155
2.2249172122839367
1.1213508809630452
2.196008521330672
0.7774158595526277
2.2368456539964874
2.183176359325273
1.3362897997422614
2.205298441274602
2.2323248549638266
2.1775019403959064
0.7717157387356006
1.0877535113544006
1.2374057009462078
2.2209008132227375
2.2072019774341056
1.3268512967271162
2.1773334111849976
2.1925044849649282
2.183368259219392
2.2305865961029645
1.3406202299638916
2.177482623534735
2.1511745255806556
2.1428563044349684
2.1696852755640585
2.2307111975413374
2.2098150449488125
2.183094571354136
1.1892753678496992
2.15342312901641
2.2221351624195265
2.155926935495974
2.1888508960504005
2.2165524342791896
1.1511878808400877
2.2251264834825237
0.561699332807186
2.1886036063367658
2.234092931287763
2.175143575783231
2.208208440114614
0.8132446766195974
1.095896854629479
2.172645704907981
2.210537964685275
2.156540642794919
1.3520594484124009
2.2013588167576446
2.2616278457044783
1.0728218846793771
2.1765754051967576
1.1047519126457788
2.2028207302966196
2.1535555266557465
2.1692715978300448
2.246848459167207
1.2927668913831325
2.201865496447931
2.1691559227007504
2.1702733408009687
1.3152414357131441
2.1829484421195873
2.1901793472491935
2.202394009287185
0.7347047141611854
2.1839187637879376
2.189371833570374
2.168716198081503
2.1918104828874334
2.1772590817581357
2.194020729031246
2.181972467995239
2.2218449371135267
2.1703427967609668
1.026366294604564
2.1622334835544295
0.7286860902737431
2.2151988495917188
0.41664801982157085
2.156342156036075
2.18527704925231
2.197155424067146
1.1585436204726451
2.248551841532974
2.2359118152220834
2.213595036939576
2.185531305158182
2.2124281013283866
1.1254600849451337
2.1555991012316955
2.133860642839461
2.211209675252019
2.2141551483297226
2.214921070195312
2.1935631789035726
1.313960655838139
2.1960432849168203
2.1355408309646116
2.2203565141693735
2.185915276850909
2.1814472896050465
1.3162667591318034
2.1803946258770206
2.1967258064239883
2.160339640633479
2.2646658267028297
2.151460079774105
2.1913431674405373
2.1946546553933057
2.234797581721714
2.183725633253355
2.197831110866585
2.1888583799961667
2.2139069442542763
0.4719500550781452
2.2061103801901814
2.1874168742207054
2.188845477987199
0.026071482608479662
2.218566745962841
2.1955859589452125
2.2107171167275865
2.196326571659513
2.20312826721684
2.2368200622955015
1.1814475125127988
1.1422597624492536
2.2389337202581023
0.5775779001999144
2.2197358254642756
1.1416692283293906
1.2546092649546299
2.162230609491194
2.215335246619339
2.1847858542966954
1.336711438125265
2.188777546912997
2.1476874290967984
2.2065744651681003
2.188273951208693
2.2064099973783993
2.1862771446288356
2.2141497250226054
2.2106927161071797
2.1900786005927335
2.280823666350921
2.162716294796267
2.2183144069026746
2.163585699625778
2.2117715733848584
2.214318547015286
2.18761918187124
2.2162734400709656
2.191861283126038
2.1586882955946938
1.2656256217886537
2.232748705472816
2.1879887223955845
2.1913650797444912
2.190893008272626
2.2013416195649333
2.203874759601704
2.164494731712967
2.2181464731938236
2.2567047711325627
2.161650608351736
2.2128103731909587
2.2074506123450535
2.2067191829859123
2.1868637523247196
2.213368457800366
2.241705673112037
2.155981914818011
2.1658265383364905
2.1601274090060922
0.7173882089031972
1.1968567925849698
2.232732934630148
2.21068938391376
2.2182223163782933
2.2003145781692957
1.0810982673677023
2.153338496919659
2.170335604076898
2.2096143883886015
2.262995198703933
2.2146186637325593
2.16503931345498
2.202831365981602
1.307394336665032
1.0976374876989843
2.213283910026682
2.1866199767266137
2.25674078859911
0.25642098549210235
2.1840692579660463
2.201170734000704
2.1798629152776496
2.1731883394178073
2.1951040893944587
2.188222259458912
2.2007242027686837
0.8833974455471972
2.1753208104907316
2.1993227043582593
1.0966854082724156
-0.16216689694564967
2.2361870397069814
2.190054848865821
2.2073176065566322
2.1889553568882416
2.200578264994345
2.1563449106143735
2.203002916788413
2.2043817759416107
2.2183016188172693
2.2268377158687542
2.190628926790177
2.2199611441604743
2.2126170883222875
2.180972418079686
2.2499923491241347
1.0882662368968108
2.2216863867049748
2.1916825423825843
2.1884396012330893
2.1767970625476356
2.2089711467103017
2.1837084208914663
2.1918674050756284
2.2216424827239742
2.1792841403483
2.223244846009993
2.2164122112979143
2.165615305894322
0.8859395674755387
1.2805945649985817
1.1399383268192533
2.1806405582360004
2.2135288497443018
2.204347599285076
1.2481834406915826
2.167140130925424
2.1956795875424127
2.206280511316996
2.2289436133545184
1.112453945430306
2.1598703884208836
2.1956054873108553
2.1899271091052883
2.197984358217485
2.2118625187429597
2.1952687552967474
1.0466786187558859
2.18325861549596
2.1720836334558404
2.208334781389617
2.1791100099211964
0.382004475685513
2.14962907532278
2.160775482103455
2.210349641742704
2.22135223210861
0.6343538348835837
2.171596641382896
2.1604731047616923
1.1332263540645016
2.1938586498646764
2.156723197062866
2.198256598263807
2.201536762719
2.172177590791735
0.2846904872803464
2.188876350434106
2.2059795944313567
2.157029517423828
2.204817411931076
2.193210291549537
2.1490645070894008
2.13544314508431
2.2420446425653453
2.2216479913956535
2.188560225307096
2.193077118355542
2.1579035906989805
0.14129013183664027
2.158467609354635
2.2034369378118965
2.2488149379389593
2.2579910334863986
1.278373600950903
2.195512929396785
2.2622258121332584
2.1828965067548936
2.1953888143292253
2.1455573417158322
2.2310277083765113
2.193804297175828
2.2178820954856695
2.242791324027493
2.174162239059922
2.1559905377773765
0.7322226554543594
1.1579863553864713
2.155954281921167
2.1863813893345276
2.205154421133872
2.139046956369188
2.1779683415599296
2.2014348796003027
2.199563166625457
2.178127509399325
0.4163212415436309
0.5572994214980327
1.2892094393578581
2.2581667897771682
2.196775877829582
1.3208163107011082
2.168880919546547
2.151634575684467
2.1782371990766656
2.1584317212174677
1.391940888665893
2.1992550519367526
1.2563846689569995
1.3764936193298216
0.2986624577795187
2.168379589861727
2.1626664200596633
2.206415745145062
2.2437116345377217
2.206946005540588
0.2487837482368141
2.2240418965333246
2.2605070663050486
2.142123242959308
2.257931846100419
2.2161275365870963
2.2181374510442153
1.0355800675932005
2.2051094533513513
2.1789914335319214
2.169933408021216
2.201490479767039
2.19735461357575
2.253065607897148
2.1755519424434198
2.163066832743386
2.176888043563329
2.1840185914351746
2.223664997305736
2.2275964418847836
2.2570268586574933
0.198310826495798
2.199883062137434
2.1851439890304145
2.2115334403416265
0.00644391973370162
2.1625610503941264
2.16549707013096
2.1525287263135975
2.1690011068862796
2.1698238692290572
1.3002309687258473
2.233589331291923
2.222052237673606
2.173024554662114
2.20474874981271
2.1677285100236685
1.2777270208378988
1.045778743331483
2.1793986758668513
2.187434072285752
2.2094797301448033
2.262357417972603
2.163807289023335
2.1983787257265277
2.264366265327152
2.2080012758863647
2.1519495592798625
2.223421344091501
2.188100162473532
2.1528208716001975
2.176291831044688
1.128003529125785
2.1896746054435754
2.1800202679447622
1.035026742613516
0.3576987461328296
2.174446774289941
0.8062737639889008
2.172030409452355
1.369409164599648
2.2145512365169093
0.29470305367556177
2.180326235089449
2.194471998241278
2.197694790101991
2.2458416560504517
2.2053651240186403
1.2263089175943973
1.3033985258443144
1.1614421744883252
0.970964235517332
2.143150624196445
2.1836026515275595
2.1483741506588516
2.186787829142709
2.262101287169876
2.1616323713757035
2.1783574375076213
2.1815162227590097
2.1604919226744714
2.1881666239441344
2.2109613772017154
2.194706696557147
2.249120124161983
1.3487623759461684
2.139311899245387
2.235934504691963
2.1855143664967627
2.258457577286516
2.2676024179343623
1.1407618993168402
2.1679454218252703
2.2077589576871564
2.154132673732659
2.254950536874263
2.176577644466242
2.2101590418661576
2.1641391511052697
2.225704325058416
2.19554895731257
2.2080900149692586
2.1713696428769236
1.1275320404570663
2.232310874124949
2.151385207598135
2.2140356544842366
1.2425571267002873
2.2264569503695046
2.131630914903236
2.2151355169002693
0.8708859697513747
0.39418893055358406
2.2200405890025627
1.281871478936011
2.144436238367568
1.00522796208791
-0.08495741851280678
2.1903532254962794
2.23263638912513
1.2582595864165227
2.2040188109246763
2.2040196267666996
2.1642237561307702
2.1657610636951836
1.309147321496408
1.1077863740593936
2.2406034944089708
2.2192792248747253
2.2156766125195584
2.1958564645741783
2.2070283608356935
2.194415532867383
1.402307205474452
0.8181214176866068
2.1951179658399025
2.2272745350574836
2.1968081548146663
2.13946084201537
2.1834440251624576
1.3804169757514426
2.2377081935316667
2.196354293643715
1.293009382818377
1.3344281691201032
2.182541525137812
2.133628728040742
1.0162568197974082
2.21632515688961
2.1634322676454554
2.206493113494571
2.1834629452398127
0.3110066112617339
1.2937822107123607
2.2390652395121116
2.253206037699925
2.1995507802152328
2.1918548087993406
2.1659834896089922
2.209100257528281
2.1869990130902828
2.1868634839890175
2.1835559706098673
2.1879753412971206
2.232504300050426
2.1636258395198427
2.170244685273987
2.1730515902301235
2.197699662162705
2.212938121736116
2.2421972361323235
2.150684699904523
2.22297367491288
2.174405839323362
2.2257161491680053
2.149276494844479
0.08637066013755512
2.155268906854166
1.2869743131517137
1.103309612711997
1.3082782960922044
2.196026422646896
2.1802499039204593
2.249036973598774
2.2072030737651858
-0.05707494127219831
2.1798521500166084
2.2284983568899293
2.198837161738481
2.1647901328437835
2.2275065091663606
2.167539261470617
2.220325483788188
2.193346900537235
2.181252167095394
2.187521553504016
2.18550955465505
2.1660662919887823
1.250989610610127
2.187523001533431
2.208350554821454
2.171170554744135
2.164828938447179
2.191248081442891
2.1837517633265335
2.1712600045339654
2.232779860055337
2.224447204898463
1.0981080225934334
2.1632502384202685
2.1665251903658316
2.1454089458616745
2.1585405526831805
2.1660432573996946
2.1560520403973915
1.369763864603343
2.169664702370289
2.2238004925872357
0.9229391015145545
2.194034828137195
2.1994572322487778
2.208763630669771
2.1561275646386258
2.1873191469198656
1.1681779541620603
2.1981163162690693
2.181250616410393
2.147389823572901
2.207173075082992
2.181973958384977
2.172667957289007
2.208624573477863
2.182929449161554
1.3189124045007947
2.2415696210474576
2.188785269608614
2.253827638133274
2.2138448290157884
2.224140884941079
2.1767727102577097
2.198683787448129
2.199422639928165
1.2948280213525485
2.1811501913342153
2.2066017983282125
2.175336759018494
2.2386322154305622
2.2593795451047294
2.270184992474305
2.204023644464759
2.1991878895580728
1.2396321931594163
1.1141875819521978
2.1871110392489777
2.1499417879969718
2.2213400361411155
2.169159755389774
2.193719612962692
2.183391206535097
2.265135768203607
2.2236500919196094
2.2011737272431393
2.1900806684215612
0.5131931532176572
2.1752943537019878
2.177906850923356
2.197627372163996
1.1055787205674152
1.1706693648063062
2.1909950021184237
2.1692921639253115
2.232425395691201
2.2097253224220728
0.5137003302571456
2.201049325880656
2.2320914646613192
0.4795314419604866
2.2424317600083423
2.2238136381614715
2.2012259241013914
2.1492342252021666
2.280139091308488
2.150904329298248
2.2390329082162954
2.142552481409652
1.3334042935691237
2.244323815791914
2.173194413193287
2.1868850841482628
2.214179753187935
2.1776313990661222
2.180441677627699
2.1940015824638017
2.2089410498069544
2.20703443437444
2.208536179199528
2.1729554462796425
2.2096224804000224
2.19536663953338
2.1737023344385475
2.1999700313988146
2.2434436194666723
2.2125821598184117
2.181409543642762
2.1974939534805173
2.1317665769864647
0.7256595972323852
2.2082403162551585
1.297248402598398
2.2314279413064515
2.2210077838641347
2.1955105555598076
2.1612251272339122
1.1517752368542464
0.4196014213702849
2.2196955564769976
0.6658390186737084
2.2124738431755135
2.20283895440077
2.224854356153874
2.194795714874466
2.254090651182908
2.220677444184403
2.203961043289664
2.1944563852931434
2.16710788489077
2.152954836127154
2.1889117510520437
2.201616505826454
2.196075259291821
2.236396850203167
2.1944296007057744
2.265899383192328
2.2155361411890637
2.198044520687228
2.196387194545173
0.6090126386451653
2.1779706450778584
2.1868090966589033
2.1681147980696416
2.1803779597568624
2.13413283262334
2.188555064176894
2.150294557258543
2.2067028624786857
2.2080575207723623
2.266078478814522
2.188443085750597
2.2292208745764643
2.179287630239628
0.7750658801267415
2.211073559813398
1.0965305995532215
2.214684620599538
2.1912378196239795
2.1939958651464355
2.2126885928878193
1.1241200772440236
2.2120357442867595
2.1862852013546146
0.41497555786981527
2.1687786671969613
2.207590034957689
1.1900028377957963
2.196718162066878
2.203605940310554
0.2010325688986015
2.177872999524922
2.2169416692805894
2.195036651766027
2.163126726567689
2.176442080876998
2.178144403131817
2.1780628883058544
2.1994142398854457
2.243844172922129
2.1989693284885927
2.1912147865077327
2.2163895380167937
0.5102729825508189
2.187191287465274
2.200693460598193
2.2083051900150257
2.175741491417638
1.2762947016420347
2.197403540971709
2.1617417377197867
2.1538479121253715
1.1511004084929328
2.256753743205292
2.158435078095614
2.2102958160635193
2.20889775635315
2.1843456420225027
2.1645518284476735
2.173440050616537
2.211611207582452
2.2159507420878675
1.3080617642908032
2.2353365918750985
2.2050016912656862
2.19382711305657
2.2719410647245253
2.212850279586649
0.8116759345558722
2.1954473757034343
2.229407364226363
2.179098356010342
1.349092282951915
2.216322285686136
2.1683459850330227
2.1990462107888336
2.2146834210845734
2.1836499121659276
2.1541029438031085
2.212962379626971
2.209378295776812
2.2386453643599324
2.2045768099531493
2.1856413846242972
2.1731759379297295
2.218786316026959
2.229493500115908
2.1918994974477854
2.2092327392369357
2.195095376147912
1.1015249831231997
2.199749561647734
2.175317288895456
0.963255046637857
1.3044689814450368
2.235608501160755
2.1837209263337503
2.2008259538552695
1.2261971971591559
2.2084748169922506
2.1872778388205933
2.1875141913639133
1.321049403424792
2.149997933551752
2.2233858196866145
2.2299795354391403
2.1821068138749915
2.18761757634776
2.242310726497619
2.19122252581947
2.2074053507390907
2.194778114123454
1.1143052656536985
2.2072938944694727
2.224753710606521
2.1995568151708262
2.28017274572646
2.1546053169626873
2.211246360739935
2.2545372110796853
2.202781208239373
2.21474617445206
2.187586598859574
2.16054812366072
2.228570917163024
2.261659567198209
2.2625471803907224
2.191466325369382
2.1803340923554178
2.2212035586419763
2.211605561919144
2.181063251052021
2.2469379464706463
0.7878245457151052
2.2545981339760424
2.204623435688572
2.226752654907931
2.1847948196417093
2.1893231248815965
2.1749082520760075
2.1727217298810615
2.1990449037619775
2.239852159739588
2.2364814452807757
1.3847936179759697
2.250334978696112
2.204960777759468
2.226938901912453
2.2031655835584543
2.181951352917875
2.24805241751688
2.21941812996055
2.221644767493598
2.1914603678494555
2.2237724534365877
2.235327426978147
2.208272821934983
2.2175942757362606
2.1787445244440744
0.42532499868495655
2.27164345969845
2.2316489988307855
2.1424919290939863
1.341076211896412
2.1723267057994544
1.1084409999707296
2.2129153546651565
2.158299357021185
2.1905473795897836
2.189519714048795
2.2202939629821725
1.2309652800977644
2.1927376605754185
2.1744667814600303
2.166188347081035
2.2315322903090204
2.1621681306031744
2.1998814711205292
0.7172599693942714
2.185946173676222
2.189341518897181
2.1700429251060585
1.1334577894973554
1.1270054956374578
1.3304822432598506
2.2082330692641103
2.231722331181586
0.9566895933388881
1.3218360816583798
2.1909445333455473
2.204728120118092
2.176665194146767
2.2349360480635196
2.171643895354177
2.155312743863748
2.212122853058614
1.3252517609831211
2.1949844606710203
2.2275001880433494
2.2443039400550187
2.1653513248380953
2.1906072942576102
2.1875446197012574
2.151549041836416
1.2390081880235075
0.25348708988189933
2.2256621436612147
2.2162408767448873
2.2032286702082606
1.1886119854833508
2.285904320717895
2.18415241466625
2.190527316267931
1.1276421268527748
1.3399755471353287
2.2394574083445944
2.2311773330204607
2.236863288244721
2.161098138707249
2.238125313149805
2.194804111577594
2.169572365710491
1.1366097494746856
2.196680954040408
1.157929532411345
0.6466688607333307
2.237958189864582
2.2069055973907563
2.186296822029877
2.1864580453702285
2.158700705456588
2.151730790743377
2.1762860528135297
0.9020941660220303
2.153338917650232
2.2853433362867883
2.2057055353647934
2.1652915340279657
1.294424660751129
2.22862350712035
2.248312754471781
2.2045483999132194
2.202788272257844
2.1991222503813708
2.2198662658360115
2.2672421730644388
1.3025975063735498
2.210029040753975
2.2165227133149
2.163808655715158
2.2476398736682404
2.2086167160970067
2.2587521092108016
2.1867684481609277
2.1927309199719334
2.1625341145484764
2.212695106213487
2.1954156052900142
0.7842195124155908
2.167901947496759
-0.12191722838163055
2.280965270950337
2.2646144182733883
1.3136703776904908
2.2099261090338103
2.1898558390660705
2.2038468019840742
2.212741810692994
2.1919685249413114
2.2231426203102407
2.2165916898626774
2.198247771533082
2.2236915120370604
2.2132418367320073
2.285046568359518
1.1765857540018787
2.198990284073385
2.158844881259576
1.2097529799397713
2.19804527972403
2.223249552325419
2.1721497325142045
2.221005967826456
2.2575965464605865
2.194939346042381
2.211391266327504
2.15682937392238
2.153001258076383
2.1823707969243538
2.2480318912136985
1.2669155119893305
2.172175529486667
2.210681534320778
2.1562710072726476
2.1846255778061288
2.2292516636306683
2.1894847402606445
2.183856976879902
2.1754743214209116
2.1790710812753473
1.3327035199483057
0.803973022719054
2.17977172756986
2.1828260583310763
2.197606432259751
2.1759648052623706
2.2084324690020214
2.141470918550584
2.2973796682016276
2.221848392308295
2.176092397027622
2.204703621098333
1.3447087556260906
1.2388537584152193
2.2365446457791887
2.1888501992374594
2.201225928291824
2.2273205761007993
2.215332563845225
2.2722853559965963
2.177076648744786
2.2028605331698765
2.202502463935472
2.171894011463154
2.270034335535824
2.1858277777980275
0.8759260257904575
2.1877231352021393
2.210208335832681
2.2115891179491745
2.198414766479565
2.204618151482589
2.1863531781246195
0.31102313064484494
1.1014561376519614
1.3413343078719167
2.1800450143424475
2.1835132275706837
2.2635161587276493
2.26243645962909
2.1830985278193396
2.238511975244018
1.2363770762361244
2.2607304984591075
2.2033901419897917
0.823706266492974
2.170249417377971
2.1735825970963893
0.742421286736116
2.2315788051851992
1.1360125679246573
2.2240880979262614
2.2146589332125632
2.2128304293057934
1.3734164923503402
2.2472364171154657
2.231948965376159
2.2110565748126514
1.1092721086639576
2.2307912843652784
2.2339281950704675
1.3018315940736056
2.232262478301836
2.183412530799962
1.1501141650019437
2.254879609475241
1.1440032139609795
2.2550373306023355
2.186522291055594
2.1648776296509045
2.1916714173478327
2.204043403259568
2.2338943216774996
2.2175194724014666
2.2603400955168444
0.8875959924587388
2.1811818636292095
2.2136817244741436
2.232724918799407
1.3243176299121089
1.2802220423672959
2.201026558692262
2.2072569120142647
2.1947460085049433
2.2062382586767635
2.2418448570153404
1.30841227431277
2.266067089648367
2.185521023366519
2.198344125416452
2.1943608092553246
2.1919088142165117
2.2648285098129373
2.200009703989239
2.1808164159736236
1.2747788021408064
2.183761330673316
2.2393915092131578
2.1638083826228547
2.240926161177212
2.208988355380973
2.1885285579440428
2.237987436779675
1.295964331534036
2.1981087542029467
1.3587401060435564
2.2142639741991483
2.1944055460829306
2.220750759119386
2.200698636253918
1.3222504094970713
1.3212865412361574
0.8140327952703554
2.2124805249301116
2.2221645669942776
2.197240123454563
2.1594547794428394
2.186651501023351
2.194726227334097
2.176178483456139
1.3087504535661105
2.168001198051088
1.129811784108699
2.1930133495444433
1.1282281517987058
2.2392051196402685
2.1874031872991617
1.307812127228942
1.3401354023011633
1.3222579360981055
0.3697414543808821
1.124570181881563
2.2297325932800454
2.2130291605014687
2.2011081314893435
2.182336566682257
2.218208034063285
2.2426780237885726
2.2095011683612804
2.1671646142503813
1.2004952299937068
2.2289979068979218
2.207945486419593
2.190531053584555
2.224901242426809
2.2603446850485804
1.3928337907078852
2.227350770955752
2.2407143612437403
2.1918471903517616
2.2028610354497395
2.194364936151669
2.1960339890572054
1.3105954580637615
2.224500813052273
2.233940919665781
0.2789066402548025
2.20316940808274
1.3822896948953893
2.224115770959381
2.1875125975032024
2.18311358398464
2.220757996402414
2.168698688005696
2.1463121405074252
2.1961204467962148
2.225463234235305
2.195341300704608
1.1365582352428423
2.200139071354932
2.2099815928017916
2.2052047125859326
2.208982458631252
2.2108231891297754
2.215592892814356
2.206406763728866
2.1820157488965517
2.187771692615481
2.2172852080649568
2.2587795835736104
2.270293182875894
2.180325573962689
2.1644450444390633
2.176658029723875
2.27860963350813
2.1952887610003406
2.2143785465529735
2.212689188557248
1.213970073215122
2.164553965739719
1.387441116987095
2.155737897216948
2.267891302924861
2.2406321177050033
2.1900027896778242
2.1856341374824426
2.264599808606138
2.1923579912337514
2.197811411467644
2.2279649359535454
2.2203843341768863
2.142446114386144
2.1982248001968787
2.2621158138420716
2.1883890122838343
2.2256118436917607
2.2757367169819283
2.23498810136779
1.4146656397519108
2.228797267549904
2.1983066299298417
2.169936005312305
2.205502315886094
2.2245660818534105
2.161721037979936
2.182369018420405
2.177669639322982
2.169865692949097
2.2159566821642542
1.1442272422956303
2.219837391217634
2.2052467889420746
2.276788841794265
0.14025240106088072
2.1462892364180286
2.1966754678465796
2.26504120319067
2.2154286836621866
2.200723978992742
2.177917334469135
2.2589884717299995
0.9669640364209322
2.207350501198225
2.198304119484849
2.224470596317464
2.1912455873939605
2.186610278014506
2.1779426504505786
2.276173583791591
0.8134639392203473
2.2388106123296687
2.2116278667387372
2.239488536353388
2.1865096978362777
2.178180097305158
2.2470096912154345
2.2219883244324676
2.1742987537390466
2.216652613052809
2.2022922029956913
0.35566926721117637
2.2141584064161193
2.2200922850224307
2.2216491817261153
2.1880576499141977
2.175402654263128
2.183227445779397
2.219399028680008
2.1973206398519127
2.229611646661451
2.221041993012274
1.1550069799371425
2.2025979629440973
0.6731436220442236
2.1634101631684945
2.229755482196559
2.1883944362904004
2.1612942746213086
2.16238668730394
2.2140652823871383
2.266706373503194
2.1842416335632295
2.227687853909056
2.18370550380854
2.198279492140515
2.1702182964514876
2.1825773188346984
2.194498479143069
1.0914985405980457
2.180479028610086
2.1919436769172513
2.2057481794902167
1.0829156279697392
1.1290274955814825
2.205124945220346
1.133355267217743
2.2566642882491683
2.2255474828947426
2.21911652449311
2.253298172329859
2.1970860070827696
2.2136626998126356
1.104911760084156
2.258961629267314
2.2664817922759224
1.0617891840616411
1.3208933073595208
2.2817697812982694
2.2170627269518652
2.2210317373661432
2.248426567269708
2.236446328074093
1.277345085927119
2.227949683596812
0.47474477740890175
2.2126026132685777
2.2874869913073255
2.2166526803994056
2.1768726194014993
2.205941990633746
2.2473816798972996
2.21117656242643
2.189683371332497
2.1947152504163245
2.226317498825695
2.2242504808800283
1.3136789179706858
2.1965693557939403
2.234181051410495
2.2327980455426837
2.2400363857948613
2.2085975467190018
2.2202821498058984
2.2398344709369176
2.2006408350954407
2.214640427467511
2.2371175360250457
2.189923535342107
2.214950481752001
2.2059976523678504
2.180429555889444
2.222013385250074
2.2216930488406135
2.2041031580220753
1.0873745200442966
2.2187163862600903
2.2545015076656547
0.9424123094733712
1.1540575973755487
0.07161997220884819
1.3118900574877759
1.252080980037386
2.2174403210825453
2.2475705281150296
2.207187292972485
2.2038010114839195
2.2373439904293106
2.295914514964151
2.2111042435891597
2.219798519405973
2.264070002007742
2.1941180669651894
2.2169000482482066
2.175809981307647
2.2168808840815526
2.2188565635789854
1.3139473931284584
2.2469323769726683
2.229987746057939
0.9559486255725098
2.2104012167155984
2.274967356851073
1.357516992994777
2.1932799094627997
2.208953875326624
2.2620721534467165
2.231732749254814
2.2453256010927047
2.19356795969605
2.2485627028906796
2.25369786066189
2.2209547576717465
1.1185417828811497
1.3754867527097754
2.2433263515152575
2.2644585082982047
2.2331745204354703
2.196165075802482
2.2135391479838535
2.1961491303264378
2.2095838894333317
2.234400254713179
2.2222005513861567
2.2132955827495477
2.1934572282001166
2.2188595393375734
1.1582127482218656
1.1851461503536604
2.187364375161293
2.208065021337143
2.1942767735667603
2.2081254162880097
2.199462469301827
2.2340525286935455
2.2004262703446535
1.1773786327168367
2.2163913633295667
2.2310263120856457
2.1752471315586384
2.190248208105774
2.2005928817966334
2.2304119992388443
1.2079547300170692
0.8944029255128737
2.1924429761288904
2.2950479625949103
2.1976682693756375
0.7256236287723707
2.2314418356134267
2.277857858319254
2.204426556539688
1.1000864000399049
2.231913308281972
2.2441978678803327
2.2359908994852336
1.1791723099973772
2.218122042075458
0.47729650724549827
2.252682210644381
2.1948346113168666
2.203058190086243
0.013907111330094035
1.2444326970555208
0.8113726109778332
2.2277656676615085
2.1951303039228556
2.258620300733141
2.2293574064752395
2.213344047118924
2.2607794777955648
2.232989874229008
1.1955169279848576
2.255666017214896
0.8434447403979258
2.236480394170886
2.2017053345153617
2.184474777776564
2.2750552764012557
2.2612463176549467
1.3006086915509523
2.194929752860569
2.247555072117444
2.2133811784147994
2.209063354554957
0.7439377258097242
2.252592310447741
2.195435311062026
2.2380593858178983
2.211689153089549
2.2620854276420914
2.1947201654405584
2.236238862706006
2.1856254347142734
1.1543146834925242
2.212100153430413
0.6460668001022754
2.277187975476317
2.1705252929433403
2.2847553753048153
2.244398947676895
2.2130437402017376
2.2004874777516927
2.207128397889456
1.3235637330715695
1.3051646906359438
2.2807660501220424
1.2901419964990222
2.2583629111357606
2.2350653482521614
2.2545063366922067
2.2108297627587454
1.2714725662081228
2.236995694075778
2.1957943880893414
2.2002014907561733
2.211265043749469
2.2362467430640356
2.2354400399297343
2.2024677481295116
2.2337758920900246
2.239661857584042
2.233260396786431
1.2113401214922999
2.2561071663898864
2.276975581118629
1.2302595749329681
2.2307745331246256
2.230648936035344
2.278876423990469
1.344460846024451
2.281839673882397
2.197698082945429
2.1789783925983834
1.1380151017959408
2.2491484801934423
2.195398723746961
2.241821841735448
2.2609502236725065
2.2626925305032675
2.2350214705574274
2.1861142445306685
2.232256300876146
2.2309398606881485
2.2894224973233865
2.254312470124182
2.199881566615702
2.224850091522918
2.2493100035738385
2.213631841987363
2.2045300663261225
2.2034222652379785
2.2095854186073236
2.183833111808436
2.1895097907214156
2.18247427284419
2.1863770197987096
2.1845373639281798
0.8200682664937586
2.213649614699986
0.9734469683759503
2.214287465908905
2.1935220801969573
1.152049200416592
2.1814953026670576
2.245734476381024
2.213183837803956
2.2202851727093478
2.223834962231278
2.263156464600562
1.3644682775276855
2.262467736766797
2.226923976148054
2.223555098195589
2.202299054362677
2.1786872202586287
2.2179871747592284
2.1945964521490327
2.1864154695255285
2.2392950394500195
0.42343679647706495
2.2097010507194237
2.2386152458054527
2.208608527349244
2.2002462415475854
2.2181328897184054
1.1293994496895867
0.09390496136733029
2.27647925725491
2.2342802635283503
2.2055341674874467
2.185200665013844
2.214051975173266
1.06231715742086
2.2354338350933105
2.202256359155493
2.190415802736265
1.1031883449565176
2.275176802870557
2.1980340928551194
2.2270669508986556
2.1986563192657895
2.2156720114794037
2.2384993894823104
2.2370550113528327
2.19336543381587
1.2818966661296534
2.243763322186992
2.2323877099008707
2.207113666112332
2.230634470719437
2.228472169537076
2.1872832503239197
2.2354020852786114
2.251943892729064
2.226711069708027
2.201154020158512
2.190668977434633
2.186591777784062
2.1909730655413786
2.200292411498107
2.255418472062226
2.254837672579702
1.1294643005634
2.2249885159577945
2.226747820209442
2.2225767957553915
2.1832452030082923
2.153789033658983
0.8668661973694575
1.1567708267779517
1.3486649964795823
2.2088485293231104
2.2494086287061412
2.2270625130861634
2.1830301774353664
2.218718519987071
2.2597928248745447
2.212262867620316
2.2753863489595196
2.2601751102376713
2.255521665354565
2.201005723166637
2.2208196743790203
2.278331796549258
1.335604894221662
0.9370225144605042
2.182937105590142
2.2288766722768387
0.7636910771815365
2.224420932258915
1.4193084153575792
2.253673783043533
2.233763845336573
2.230977967577157
2.2377766102675047
2.1871215016229772
2.2114182764763304
2.2132995639099597
2.2373845034799524
2.1802132033156365
1.334305774691485
2.220181143912155
0.83490173459744
1.0270076579180443
0.1598067191057688
2.189437589506459
2.1862587584753848
2.21553117501063
2.1826330510835703
1.3837798030862205
2.2334916462998935
2.1826258930262257
2.177639718294525
2.2028746849447507
2.214016257725313
2.224037831336787
2.2108395386802857
2.20449608908487
2.2190746706888556
2.203562079828475
2.24363112470384
2.1911834337014153
2.246605911849632
2.2138980418748906
2.2372461404461794
2.2137384002773555
2.250022419530627
2.228035558097742
2.251610274742659
1.1204100617215194
2.2114924560907347
2.226209734073464
2.2611892549012667
2.254097554567881
2.229852826106288
2.1870894385792283
2.18169489808637
2.2131170591134754
2.195633558660605
2.2334807124389857
2.2334066413884117
2.2079030432876787
2.204350522942429
2.1828711037565993
2.207558789288262
2.2383814347356457
2.2315694589823827
2.204014045559593
2.2347113519948625
2.188462269209035
2.211673074097442
2.200735412110112
2.2776156331211146
2.281530356493433
2.2302318669532246
2.231769752958177
2.1873693909264427
2.1823397162305667
2.2096821711319583
1.1567742722388175
2.2231416257443044
2.2423025717617735
2.2251857439485887
2.2249696509934513
2.2633303537660012
2.190179776714952
2.219701015796793
2.2081876820420945
2.2035958389906725
1.2502247038784928
1.2076426782880048
2.238444949318363
2.1913937162722665
2.2383485806676604
2.210980693956995
2.200257021694603
2.2862813558497246
2.208808266222886
2.20193582341965
2.2311392146281275
2.1957736086110655
2.2132599375148496
1.1554848473875423
2.271254005253881
2.2183968611096745
2.2416079510733136
1.2082467006149145
2.196121475327665
2.1948931008079304
1.1834961364656023
2.2391099155513965
2.204804133691992
1.3445366001776586
2.2107802491561914
2.1935759764944063
2.2735792440314926
2.197045617193729
1.103245054270489
1.159616550220921
2.2003737873301588
2.2289324341278864
2.28088873458075
1.1531451858333304
2.20849840770956
2.262550744300588
2.2173984539526153
1.1106527858556765
2.1813238862102464
2.214184656584548
2.243403958428524
2.2000261423001835
2.239111660355564
2.237735630719376
2.224839642846374
1.1573099041778074
2.220990428481535
2.1969301058578172
2.207436683073054
2.179820439797053
2.228898888809457
2.2634238710172125
2.1910212975119427
2.2025273020784097
2.1982498667343693
1.0228543593415405
2.212873089850727
2.210782609167443
1.3782634944161878
2.178848405268859
2.2396509066520895
2.2215093537955113
2.2122430300586258
2.1959365667720885
2.2351508328213923
2.189424014412866
1.1371864098319255
2.214384329091506
2.20890578083933
2.198390407286386
2.212316318651568
2.1799865609309466
0.7847115549917867
2.2079271742959206
1.325146736414398
1.3239045445831086
2.221958192154214
2.2140786299259885
2.2317533488807646
2.2413925333295444
2.2018823745568192
2.2937537197261086
2.249586427674271
2.165083169893771
0.7337006736780711
2.242423424686182
2.2148292620832892
2.1682882302920006
1.2810036701122436
1.115281888520934
2.2102388479571253
2.223274199982574
2.239574980742379
2.2197305631435658
2.1897652185686036
2.2570107876723777
2.2671670882376485
2.2260579273149
2.254561294093409
2.1946587008034433
2.190989647524633
2.2482428823403264
2.2398045091274947
2.269156926868219
2.2219408005763386
0.3802099645241004
2.2592767765993442
2.232943885940698
2.2084624532538086
2.1699144733127946
2.273231402118858
1.3700953265948879
0.5567541611420079
0.9442009860286055
0.9315929428948573
1.0786939554583959
2.2376443318967105
2.2217958115438536
2.200651408048829
2.231611615542198
2.2023569562518372
2.2840182738467245
1.3653638403711303
2.2892745384297912
2.199250533783837
2.23218568609409
1.2622909991399944
2.2705500114915997
2.1965778597226953
2.1883327248097943
1.1090611853932657
2.2037446901290396
2.2257258665606554
1.3342518562289134
2.248428461193413
2.210762155012051
1.27918221838131
1.1296743344258506
2.242384376730121
2.1698627731013573
2.1899032513954135
1.223805262279968
2.237432173244743
2.244132561491881
2.240947449904093
0.8888497174307268
2.192674373819181
2.2316413104237984
2.18411008501215
1.3578524876696045
2.230061915676728
2.219122392242145
2.183325629031245
2.207515980827779
1.223013730043175
1.2175002051042823
2.2217282678541554
2.1854583640518808
2.2795001999243167
2.213297548125447
2.256074413592263
2.2167902289886063
2.2360435970590715
2.1746360538514935
2.2811090827543934
2.1927196065737933
2.2057343394545397
2.206103537027345
2.2675618387107224
1.2547228910747203
2.2048534480541537
2.2790242453591203
2.1934309034120583
2.2881617632606446
2.215449316895831
2.210773809260407
2.2154125857025635
2.2130782326973244
2.1734101977818856
2.213854198303461
0.3857171679528032
2.283845849758689
2.202447803037445
1.2042726296497706
2.203423122152479
2.2099437947239244
2.2463469308775235
2.268418138353385
2.1772676637122976
2.22611215669421
1.0304472759509273
2.214914311804418
2.2313251563109326
2.1934418656016894
2.2501128859939232
2.1947367384771663
2.2093192581396526
2.1824963923213567
1.1292695015069247
2.2686636589665214
2.1981479032544238
2.24672808106628
1.1786158586393503
1.3046091217747136
2.224863995380149
2.2261518437988457
0.7271957858019694
2.178820301965286
2.2790093694172997
0.5524400362337373
2.2317442117419297
2.2107552327237787
2.2670840004019306
2.188859152331553
2.1968206665724885
2.2475322549254977
2.2046044028190583
1.3014860596668765
2.2439196246576127
2.192808257449822
1.1856952187327063
1.2088723971673692
2.2186124977785537
2.2079417317693077
2.2211353088448043
2.2754335919348767
2.221920315182987
2.1991626171825907
2.187372628602615
2.203811349254512
0.8391547495072942
2.2947762775096834
2.2304281617923
2.2669070026312053
1.328068986330738
2.2197579742159315
2.2195889976754977
2.2384023615445976
2.191978562520799
0.848474419307149
2.210306506231796
2.2126976488534273
2.2433337758763545
2.247884281892209
2.2166624243674384
2.1963507522787347
2.178381449597043
2.230444073375823
2.1791060832063276
2.2238771013167034
2.2140788322080045
-0.2427592049139187
2.217324908914792
2.1985137375162536
2.248122423806489
1.1597571251839578
2.1743087609332594
2.22101816862678
2.257057263507164
1.3320299583343418
2.2604958498754097
2.199047651709517
2.2505422157042427
2.218445119974434
2.2098922840481565
2.2351684284472535
2.2750113138714267
2.274270188822706
2.219599207972487
1.3928907463553066
2.2299031198559542
2.2147754831696815
1.2502811367242646
2.1811391280634105
2.279932380414164
2.1916857031729737
2.174965402592567
2.1889870534928586
2.1860429506281127
2.2440729447558345
1.0820809305851793
2.277674095880649
2.218344871102442
1.3154537761197647
2.27808446705062
2.2123131009121866
2.264710844585237
2.2259586384721124
2.2108684655061346
2.2190585812737726
2.2107943804473806
2.2130416033133784
2.2172164670476198
2.202619705317802
2.2023967221178617
2.2670584528548234
1.0368609417809729
2.1798886175537944
2.253726601889122
2.2121576284017497
2.221726649794145
2.232857071240789
2.2176569409326663
2.1774309465819717
2.2345457434765903
2.2282674653153727
2.244204364571111
2.2078819260027545
2.189235921408569
2.1838207970438734
2.176758282548641
2.2181809976606703
2.1878298763709756
0.8341019304478027
2.219700177893629
2.211299293397163
2.2243734816322966
2.20225415065838
1.1730976733457705
2.218065084363828
2.2767203207859263
0.6579745750229397
1.3829702287516912
2.2105913764100746
1.3226919125184784
2.2233499278107485
2.2041502331249863
2.2087503040743175
2.256802924165567
0.78702033723345
2.1922476352619835
2.23721096511008
2.2253814338152127
2.1700381725641043
2.2072545418711123
2.217718962928081
2.193411170875387
2.199348099105382
1.322036309362538
2.2716768779020065
2.2441139991371006
2.183271640780534
2.2395903559711376
2.174664174840445
2.2001452419934235
2.2375815992814267
2.2113527651335465
2.2306676068489
2.229572002848686
2.235872216304808
2.2099394375061454
2.207469592387696
2.2040595131899017
2.1793597550139996
2.227708720463515
2.2166604108223584
2.2885927904165335
2.2874131796748736
1.0477554889205085
2.2339287470441542
2.187688923644136
2.2214440751562528
2.221498714540841
2.2332301243267603
2.23694767284539
2.240232086360701
2.2307316545161067
2.189692411046607
2.2313395936446767
2.251192220154434
2.222821000835154
2.198292540706017
2.212419684641505
2.2402491464107217
2.222332333872363
2.236555434648432
2.1862216450069285
2.225340336220483
2.2306666549343763
2.246892354280935
2.214967168973362
2.2192493631203067
0.9844808479062441
2.1682323844046953
2.2071090897117838
2.1944957292757277
2.2448053216432484
2.2383268571511854
1.3197265802673912
0.9366313574277889
2.276478662928729
2.2213462207944894
0.7575808709952
2.209461020204882
2.218287952110902
2.2169809421031483
2.242747884557847
2.2598157932296443
2.2156886660873454
2.2097501198745952
2.231212797566388
2.2137183230450588
2.208692340890279
2.201542002106371
2.2521995336357925
2.223216923424239
2.225675558847276
2.185693168464433
2.2344917138517797
2.2173711985386833
2.223358428812629
2.2098254519182143
2.2485168258216697
2.2874518542248232
2.190624077631252
2.2035065035179944
2.195400398817446
2.251890538500728
2.28582355751325
1.1831776353047494
2.2196683940466664
0.9437831101426596
2.21112740514045
2.1903036598570242
2.20289569688026
2.209927982082286
2.2061733476828813
2.2712205756209802
2.2430162956358757
2.2074599564248896
2.1955851271297986
0.982985369834866
2.2434307745527544
2.1991206998155253
2.2233523199085643
2.222385214454845
2.1905335786631563
2.2583128290768975
2.178205841064025
2.285725389511837
2.2592311091313535
2.2127357828014746
2.263301093670134
2.2103292800276364
2.2500693890331944
2.2013523189490694
2.2144198860612074
2.204542020935703
2.2438554824430663
1.1155136095291227
1.3565526283280505
0.9030729677582967
2.2317795606312476
2.207867507818585
2.2209140246785197
1.2163982865036642
2.2073163866254815
2.226388912718309
2.282420469389273
2.236714591445983
2.1886255684534444
1.283468605855121
2.2209972336122537
2.200770368570233
2.2653563701150605
2.2872493095742463
2.181086773865795
2.2010555997064953
2.1972712443852824
1.1172131242648051
2.229261652127236
1.3473997210220314
2.260455093281656
2.1857519313529847
2.1874931431928104
1.3310718998205218
2.190209300813436
0.8032740131880824
2.2215418325216643
2.1907638975957116
2.228020834991187
2.1804432764256427
2.199329755076569
2.2056168946169903
2.2864685435868006
2.222670111498224
2.2473656442791707
2.189735671820838
2.218942725744097
2.173987635124745
2.211478977648042
2.197529920355034
2.252927081944669
2.1880371788059336
2.218710273526768
2.199711398615616
2.2267091753626644
2.2315972990025648
2.194764633388602
2.184138617639928
2.230411311104148
2.2363638136421935
2.2400700077801705
2.278749573022098
2.191954378267036
1.4076215174174984
0.5766806794390013
2.2163663080268696
2.2277722067719803
2.208508334487126
2.224678546107449
2.2155730862363123
2.18995961446781
2.251004143740513
2.2135639329329977
2.228031596153696
2.230379427809339
2.217980032235624
2.223954914963025
2.2487667360923878
2.1999803823826047
2.219682957050587
2.224810282538744
2.277849421528707
2.2333331957683384
2.245283395747429
1.3057848309662488
2.29909711433921
2.187740759584547
2.270974150832446
2.2415257723665194
2.2129037520398285
2.187745715767411
0.6579243928941482
2.1991038447139806
2.294235332977224
2.251776163452592
2.299115051855474
2.2164660099454796
2.2118448143353575
2.2185599736668564
2.23451873129354
2.2340958126923427
2.2073016987915617
2.192474862862994
2.264677793137952
2.1899109947292548
2.221671019020164
2.198896095696659
2.2112952257672793
2.1665387801145326
2.2962545556840808
2.277281317871031
2.2228545555587633
2.184476725632453
2.223010041546739
2.2184153208208937
2.2051876180619763
0.8051100718960393
2.229597292272084
0.818683285802088
2.217642919600722
2.208334019950078
2.228190193561212
2.183333079510232
2.188270210409291
2.1712359051257604
2.1923380296335706
2.189962344284436
2.221214356900978
2.227489037757446
2.1898505298808364
1.1761780119200673
2.1785847486264247
2.2095226765536573
2.2314354228040534
2.2144844248713795
1.1988973685584976
2.2021249196817183
2.2763822149167816
2.256933106486123
2.181745224807866
2.2416843624699334
2.1955280064593303
2.2480094076489627
2.2484276846974867
1.2997628534187995
2.230434377548824
2.170932660318507
2.231239839260235
2.2282222992539547
2.2622198467390175
2.2056666628024897
2.2109814483314594
2.2041939133523805
2.207296312671459
2.239841286140611
2.1941896505511735
2.197222157545474
2.223161260504745
2.20219749252131
2.2447914790396766
1.254972329869596
2.2481655653795665
2.209728758112147
2.1972398451406026
2.1942002825330134
2.2274795258584934
2.171755046886652
2.2729439301911363
2.1767668543109435
2.2430529933264407
2.2561012703510572
2.2025531201393633
2.235741682393046
2.2339421629244036
2.285519702538029
2.1756861504139424
2.1928009069575403
2.283524606606619
2.2269147129041738
2.2300541774096883
2.264873916592892
2.240640169821805
2.198049460087847
2.190149078832957
1.2880460537088176
2.178988877501653
2.1868796485723925
2.272151017216852
2.272545742278031
2.2195035290491845
2.2243228176331216
2.232809689881768
2.176312026817679
2.217436722930202
2.240965630135775
1.369919460790181
2.2194051665093153
2.2314538278722957
2.2238931856995743
2.2308672121091244
1.1050806254760481
2.240902638464629
2.283165701621052
2.2336800052012467
2.2290307855538667
2.255262481384412
1.3428442426359921
2.2215748877008346
2.2855325793003605
2.2760671549499785
1.3844696063066437
2.212729077891888
2.244154928872281
2.1819725094920486
1.3564599094541328
2.208640433811815
2.219369491222717
2.178885673127648
1.325738676385235
2.241466235524869
2.1789117419993635
1.0057911971385156
1.3336169953148058
2.277381647370815
2.2333391483957024
2.200234700303823
2.181987163109482
2.274141498772797
0.8292037879440011
2.244470769685744
2.2038274461635714
2.19211005129398
2.246878436110609
2.208073081143218
0.6457486843933354
0.7461792919140594
2.195054238065085
1.310044522947896
2.170791972949826
2.257832645606297
1.2434232741741285
2.2054881340347112
2.2217795524197936
2.211044019269181
2.1927051713414
2.225902153220376
2.2402799414187484
2.193361026550072
2.2413198768164886
1.315394555183491
2.226463804780399
2.2248093345978464
2.2271883123580904
2.23256766869438
1.3241244071557663
2.184136993857607
2.217782966271434
2.2077330245221365
2.230048020329126
2.1974785181570238
2.208337066304363
2.1949216352398473
2.2382835650527686
2.1851654430898617
2.253702843696674
2.218212292098386
1.1813442176330433
2.1927510887183557
2.2092680077153743
2.246112766566125
2.1917641522637985
2.234100384177891
2.2258143680606968
2.2177906750304635
1.2926970495570227
2.2251783663770244
2.2223728999054426
1.2172917883822671
2.234886482435048
2.1878449085641876
2.2356648967421413
2.2312590472834923
2.225254373370366
1.2153203134148352
2.1675358309813406
2.1943469549491192
0.6146147784591192
2.2850968041338064
2.280996703269434
2.281075937736112
2.173167878633045
2.195460661855827
2.2363642523909277
2.2144439043796544
2.2085278240600528
1.372817563654101
2.2029361676841566
2.269385791634689
2.1825664462058887
2.234682183301107
2.235793777018906
2.17093387330116
2.208405003227017
2.2412625837484326
2.2487242408564283
2.2134424828519172
2.258471921195006
2.222251775240601
2.2394239042952235
1.3834663734018222
1.1842381916031417
2.2067194374450443
2.2177874522164602
2.2159522952176234
2.2439095613674387
2.1768589063457586
2.2380584602538107
1.3558483753146255
2.222959043809658
0.3787956643978878
2.21612284487727
2.185170225320731
2.272830810300529
2.229795783450734
2.239436839956409
2.2309388047735537
2.2236222810378545
2.2125649234891807
0.7634117455055642
2.218106832828965
2.173549404728579
2.188789771321888
2.186975390562064
2.2390093164237017
1.392881779457877
2.209176552017805
2.2007723222592617
2.211802547735458
2.1809534712117595
2.209310600604349
2.199308694226812
1.3643568604828242
2.233306778887614
2.2282563108875424
2.1743103392286756
0.19352523385340756
2.2919242230750934
2.248144719095561
2.2352759008443592
2.2408101913570606
2.1817287019671014
2.2209178773838083
2.2017852229074584
1.374674298740988
2.2093425299315363
2.2216786760416394
2.238326033338246
2.235800547459913
2.221366061118772
2.222123955069444
1.3543073383437705
2.2181140261304524
2.2247484133452944
1.2707584428557843
2.228781162114137
2.2366119642130817
2.234803054837757
2.2212436793003496
2.1842749422172103
2.242296137441335
2.2564822607540673
2.189205788782647
2.272613201296429
2.205373952715987
2.2125046413907286
2.210852304065431
2.2021760788398845
2.2748547711789806
2.209023932123587
2.1845366250074805
2.237207214154932
2.1780367557956484
2.213883228453826
0.6768390470576374
2.166074623719126
2.184854309581037
2.228886155578123
2.240581014876075
2.2791106896887223
2.2404685563660234
2.235739061140282
2.2229823633785135
1.2917515318529722
2.274779950521906
2.205950447444567
2.2414477499637036
2.194015950749196
2.2075944244748187
2.2115057022371176
2.2254888556095516
2.221099787873567
2.1813755793743326
2.209698903678755
2.218178655050389
2.1955567952174038
2.1744053492587105
2.1925273529307474
2.220100777603998
2.2099090655818134
2.1768226981262098
1.167531276762051
2.2202460683719134
2.195486612525885
2.225345692331659
0.5079838394724958
2.254192093522223
2.2806671360641717
2.1899817848269145
2.2286027278156606
2.2717185204890606
2.1977438647015926
2.2248160783599653
2.242074843398198
0.8109168856786022
0.9631812594421673
2.188401678685424
2.223512548654771
2.2807537392438846
2.249169285480242
2.206890817854224
2.2530857997805858
2.180161608101039
2.2268920734060864
1.3387571280252253
1.3521096381109003
0.8956312198591581
2.277364050089309
0.021170796843673678
2.2063632680646807
2.2145299005542984
1.2879580423369859
2.2069496834130256
2.2736372346729925
2.230405585560393
2.2133502401939333
2.2122372228471017
2.2283222153155005
2.2144922983748287
2.253783679570515
2.202122040698524
2.201863805344101
2.2048641944070675
2.2285705104735007
2.218667673902881
2.209989815755383
2.2235058750503325
2.2318480761454764
2.228463400156062
2.2094193605491417
1.3185714155409187
2.2348100240179347
2.24404889469235
0.5583110061744693
2.180902015176453
2.186109656759494
2.204055362867287
2.1966307365802917
2.281936076520472
2.226800081762617
2.2009863751305945
2.2091588347940334
2.219375586898466
2.2574938542222487
2.2080718455193997
2.1874675461398136
2.189217311241155
2.2077609056045504
2.2425097069246065
0.21371675642064944
2.25226016598867
2.258389711384801
2.2268197224710056
2.1809752498345256
2.2051295112574945
2.2013733692126154
2.2778828680163805
2.235789771375888
2.186888921864994
2.23397391008659
2.216275173114315
2.2048932419922247
2.193176539899681
1.1434422916347724
2.2019784138155023
2.180346691678393
2.2067116527450086
2.254789648023492
2.276064815807192
2.247406397762231
2.1947557043343076
2.228710435570629
2.222404551429057
2.2229767638191777
2.293778467157196
2.2296361246091303
2.242065101458974
2.242590937445324
2.1913909378138055
2.2246095405098902
2.2025625661727726
0.5109338632925609
2.1889934995125837
1.38103667774821
2.209079034196992
2.2034931962884405
2.238146756744732
1.112997550597953
2.1840642007664695
2.251424602313137
2.2521392870021577
2.19248111663823
2.297146043598695
2.1874309827213305
2.2117179915614393
2.2079845200378188
2.207777863631887
2.2390478629009385
2.183732582358207
2.2389693420808894
2.2010172782364923
2.197735216428762
1.3378800442856482
1.3112318663543343
2.1794431733499895
2.2228554619900676
2.2363922213053824
2.209478149240689
2.2060798013239014
2.2255712943104937
2.2115782199783425
2.2390241189775835
2.185301896858704
2.2189268078457376
2.2166059664582756
2.178755105472642
2.2228177236946536
2.235632491783469
2.1881603785906485
2.2712395922672974
2.239688109000304
2.22118259794279
2.228467666139302
0.3813787488825582
1.302045321658679
1.111034825746462
2.2894626468913266
2.275548416552524
1.3284796104485599
2.2197175579251667
2.1887813119456077
2.2035823583269076
2.195347578231483
2.182899960240758
2.200045123872102
2.1871959408785564
2.1987394196252117
2.269331610688546
1.2545673270771824
2.22270103570696
2.213588880216358
2.272003321251038
2.1930819584158536
2.2011072949531125
2.255878310873522
2.274570464202288
2.191189484518169
2.267137537648412
1.1306910357204067
2.2787233596287155
2.2131260872803042
2.2426951045048416
2.235305347545763
2.1917633742238394
2.2543002119249125
2.275524148091485
2.21899465679192
2.2353801252353382
2.1961946733499444
0.354782203670694
0.47654608791692576
2.204213294805931
2.195578589400537
2.246554556843494
2.2207514855196964
2.2785381410684358
2.1713862079513473
1.3369330568775255
2.2143141721760067
2.2225932497953047
2.273424555872835
2.2387881617890533
2.2053492469474
2.1837615802509514
1.1824456143697724
2.2489492239239577
2.20639737045064
0.9666339880115388
2.2709614648024585
2.229142820208475
2.2091971145424965
2.2239459096700624
2.2225811222715235
2.1982583465421195
2.2087299260004087
1.350146701447926
0.13430402747985182
2.2606190706330445
2.225090793326317
2.2255014969920452
2.1867000954642464
2.2591808400837112
2.1947157308176433
2.2041097255171045
2.195829062782953
1.3164213289491808
2.19853142005765
2.1922878342265966
2.2005160826613572
0.5024516465087357
2.2438141417460247
2.289366015118428
2.279691728885793
2.2268828799072895
1.3061397782948971
2.223979444625547
2.224694535192972
1.4170249940433832
2.2095776552205875
2.1796586359048344
0.8997879502086022
2.182270384066822
2.2379836985440944
1.0220597887172858
2.258211681609188
0.7427479059269042
2.2105402425798024
2.2745452092074725
2.280620656019892
2.2323635736303635
2.2336380259392614
1.3366640755504542
2.1818597042003747
1.0931734519623486
2.252584106907639
2.1904073377017577
2.2114670751327035
2.181025510774109
2.236996033023186
2.199497604188019
2.2450456954760587
2.251680693696068
2.2287820139627144
2.182791813192683
1.1539103370441404
2.268023456035996
0.8903389066568655
2.1931073244900032
2.220065206128444
2.1931284728576648
1.113620415432231
2.2851588217461725
2.196675317640379
2.218783656478069
1.3300155514566798
2.2057628736219588
2.179689182673933
2.214393795507671
2.190230898594585
2.271093927404773
2.2294585644917526
2.2148070439760694
2.2074920084511276
2.2080650554532673
2.2241623379998567
2.2255971157144225
2.236720244348523
2.245515448739699
2.209595088950407
1.3026420102334606
2.227314870045652
2.2262585312651577
2.237972706262859
2.2034649145498633
2.2122733560304195
2.1999334173184537
1.0761408202810507
2.199609952631687
2.1774392940137295
2.2069762047245396
2.2673395194161685
2.239285021293
2.198911393627929
2.1974155874977725
2.187986084413564
2.17074432050142
2.1787354607737894
2.194216147813835
2.2293200790105856
2.2902749681754804
2.1799018941301327
2.2099446628113655
2.2039987734416306
2.215979218821576
2.195530145537761
2.1919309607273787
2.2347028159363234
0.9464822633482186
0.23969346521468338
2.2162681229358796
2.1869262651974744
2.2187671072683486
2.1782084050567834
2.182137715137962
2.2071224513961605
2.204933022855113
2.239100081614538
1.3261935776761926
2.188898282326797
2.240755189443056
2.201920756145212
2.223992671666071
0.7715598164443362
2.2075481132254753
1.157379246179437
2.182996164377007
2.210114662330184
0.9247931274175032
2.2459665255325776
2.238699777655156
2.2030208156665223
2.222099121907375
2.2633971964216766
2.193753674786089
2.2812132558554383
2.1679159172443043
2.2641151297893085
2.2013975331573565
2.257383236404686
2.2024485360485633
2.213007744797401
1.3285212549684757
1.3267857651602355
2.238630026160144
2.213040181972788
2.195142874072488
2.2383525703798783
2.227929223714326
2.1853703384244865
1.3263931837367668
1.1637986563067444
2.238015284524643
0.7994184106901321
2.2190020477725474
2.2927014421251126
2.184635397129624
2.1953983206872616
2.225587372055124
2.198444394033266
2.169681038528711
2.2133477040416363
2.1793134040191124
2.217279394510247
2.184605835560405
2.255497888602701
2.185759241139306
1.2274827887981232
1.0990596344740307
2.1986359967537945
2.2331719606649765
0.7434491351313457
2.2148231488045176
2.209598354153083
2.2838955569880652
2.2273718799624938
2.2676642516729286
2.2182875750130964
2.280446032079717
2.2608656370847875
2.218045955407262
1.2213391974318923
2.217671699590427
1.1766916880926637
2.196348552119234
2.201817437957476
2.2154254227104624
2.275745083402068
2.276358400552644
2.2334087565260394
2.163402438718947
2.274023009964682
2.2755364376446554
2.182118425352697
2.189257320337955
2.203937587390855
2.2335413604411753
2.277890918585611
1.0848433388188485
0.8029635263668455
2.1798813112955053
2.277082710734221
1.135257062180896
2.2046338658325926
2.18257858621841
2.2521687953046676
2.282371506863598
2.252188393097126
2.250829891844117
2.1968647538022688
2.2057793200534586
2.220725017468075
2.21047623188118
2.2042409471209607
2.1899554212452577
2.226077024545756
1.3527659392674105
2.2154407947771695
2.2142098760798095
2.203313540705533
2.2224936256585326
2.215700118751119
2.1923362198274496
2.2049903251079304
2.193752712033824
0.4204805502851292
2.223949307298083
2.238486875250831
2.2232767802680096
2.2506608187434045
2.221224435471125
2.198352657039101
2.2465127388850865
2.224879051015563
2.2743038065970653
2.186890894864595
0.36661825953268723
2.2922087667544915
2.201739251034547
2.1835095483957025
2.218341335632322
2.2263627635937784
1.3369195970376444
2.224776882375667
2.1810748559302686
2.2164766610616793
2.241592507749199
2.2800759586494324
2.220380539841851
0.9950077966092516
2.213049307995325
2.207779182459595
2.2733622257902515
2.237839665826958
2.236239623576008
2.2337692699419947
2.194713666229334
2.2172582115395576
0.7138365018201852
2.211507308470572
2.206241933301282
2.2771732783571452
2.215121805667764
1.2057293026102531
2.2089270691215885
2.2028619519681527
1.2225803532879727
2.234762290513445
2.261074137751039
2.198935960682614
2.230675739262728
2.2898855902017687
2.186358363041
2.198959861214622
1.0474717002830738
2.188740674851828
2.1871101754982765
2.2534671451403487
2.211183326393577
2.280894646594972
2.208324226275561
2.2108990869889142
2.226874976274326
2.19763648366127
2.2836626097405115
2.266317522796973
2.2425542060797707
2.2356113355745126
2.238463183116128
2.212327362081343
2.224655659638586
0.7939444467349362
2.239699924639072
2.225581009555475
2.2280584212310672
2.209576415790476
2.218430907863646
0.39106154392045683
2.2020903488032473
2.177278647361189
2.2297618965885975
0.26790226700435177
2.2112066209389294
2.245492585881518
1.2966645262378196
1.3006155535678336
2.1878803357870042
2.1936756692522223
2.217237910578816
2.1875127815823485
2.2425659578736523
1.3296003001964354
1.0882957076599151
2.2157461316584026
2.2333817085800938
2.2161505311991108
2.17272645479924
2.224764385599295
2.207323856294963
2.2059973215714206
2.175801525879689
2.246123977883297
2.220843064432789
2.2664166923557065
2.2642220951005383
2.1918414677537474
2.213581293885511
2.251561039268073
2.1789194819717697
2.1928606042393586
2.2140434704486895
2.208232702922875
2.228156201352129
2.2202239829920147
2.260719694033716
2.19214250506613
1.2379957979889145
2.2746798975809774
2.228214148342614
2.2276800382389066
2.2060432647691153
0.8196210432985527
2.1958814613753885
2.2111874235532287
1.3004356105037869
2.202664812325107
2.1799516776263443
2.206938299874434
2.1937700714388613
2.189876405458163
2.225168073213197
2.182487665955231
1.3805857366078578
2.271562290848132
2.234265139258128
2.2209316417869576
2.2174412487679183
2.208265200975649
2.207921136899904
2.257620854776977
2.1949897686266087
2.186964827755467
0.39871809150231324
2.2250736902076174
2.189384256660264
2.1721334327250674
2.218818095261951
1.3328029838500723
2.233232498482223
2.2064038973612528
2.175544062858282
2.2699619230035597
2.212233138823887
2.2172555984700297
2.238950236924574
2.188849197713145
2.197014904786942
2.2033457425373784
2.2812527453126443
2.2786889671250075
2.241535027589909
2.2701525301264116
2.177517207851359
2.212384387387134
2.241170959141552
2.1985081169373357
2.225976170040639
2.2684543837304227
2.2448531259815425
2.234813670361529
2.1853500844745897
1.370547861244077
2.2393592219444667
2.200126384043874
2.206724062051911
2.1842991910823484
2.232980076717161
2.227666810788486
2.2457024135432855
2.2432982110687334
2.171394503275173
2.24073683998107
2.2766063269723653
2.209461216661879
2.1989878465269146
2.2267998750183957
1.2191934276351286
2.26344744555012
2.2306165158107065
2.191191692014165
2.2999776739726303
2.2546589070174456
2.2014701666511476
2.2984770247096855
2.187961859192529
2.2105996615513304
2.2148639759013653
2.2214752585566693
2.1940441218318067
2.259952512240994
1.3443720446718879
2.220063745533909
2.207952104919133
0.8169460366594228
2.2161090112295843
1.3211676045698946
2.2247790501134124
2.1992829380509793
2.191781568673594
2.2390000988919065
2.267221834812342
1.1824871322123562
2.1823512869146473
2.2208642015369806
1.1712407100929745
2.236546838273169
2.2242132012558753
2.22473894936512
2.2398018734602942
1.3307381794229058
2.279867010394577
2.243302768242807
2.1870820853845565
2.2444223569902686
2.250412213025208
2.202780331649268
2.2438802254160533
2.197717599433121
2.187079664402985
2.2757793216483164
2.2092711007492074
1.3311094724855759
2.262280997416603
2.2098899763671573
2.2301855164763285
2.2607651819158283
0.9708963761056268
2.2099992340167223
1.2324789585722384
2.223378397076398
2.252239260022736
2.2694604889733876
2.2151455873572803
2.2533521433799155
2.1935869958614465
0.7491371277977203
2.1766974334706184
0.9595465788118515
2.2486208639543745
0.8105293117935065
0.8410819614325176
2.2559620763082897
2.181647515482915
2.19590916909418
2.2723404327964145
2.2218661713393337
1.145581706364756
-0.4231158752048091
2.2178465826135207
2.209889706624492
2.268336986180069
2.250762738433912
2.191367965632986
2.232215401012396
1.1258990989036286
2.2828778622572674
2.217334981538763
2.2311378486513425
2.274520199432052
2.243207872704197
2.2506642909973875
2.213564888625506
2.220247308396748
2.2131028652809666
2.2748494904993746
2.232853709103263
2.1992644605144913
2.1775482356011064
2.2155723433872394
2.2049593349299137
2.210493233740133
2.191563948185432
2.1840281946580373
2.236671881148439
2.269752243693933
2.2415101161167894
2.2113292997269047
2.2136156326613667
2.2449455243080276
2.2359799345615166
2.192453051515666
1.1457985097358907
2.20790269117148
0.288554895533716
2.27677529441428
2.2310440994047114
2.20480662578578
2.2100089093961146
2.238244469939407
2.1917954293484416
2.2054476372044998
2.197432489444833
1.3303231710467336
2.1941832222251723
2.2118507268866363
2.2028246773997493
2.250857862022341
2.209150082478139
1.1121581837625099
2.223120316232583
2.2001027314904773
2.2319880832660397
2.2275376423254043
2.2360251893484167
2.2278507801635
2.278720991330972
2.211777961378428
2.2655700243782695
2.2182152178113026
2.2027719887057278
1.1966780833594048
1.2114052412869805
2.2607740940153693
2.1792630300235976
2.2554551190880097
2.26906355407258
2.228987022537579
2.275039719874462
1.3726520203459383
2.2159028966450105
2.1978893778117548
2.190415375168559
2.2741768358612777
2.222461745803049
2.1968632572996185
2.199313553809896
2.24148124037655
2.1726690730388203
2.202708659408109
1.3668287471407845
2.239785037351819
2.1994132210915955
2.1831581899453356
2.227099174929181
2.24040848022526
2.255360151853095
2.242070085412946
2.2799401021870036
2.2607684419256304
2.1955110469881287
2.1971963923951057
0.17064820892101806
2.1960879005814995
2.2270270164657715
2.272584582933573
2.1929830953058147
2.2298834371354053
0.8521772735033385
1.1742734603172578
2.235876272177416
2.225213204871481
2.222511385231389
2.2376377330618173
2.262962648268153
2.204795115290218
1.095615158679636
2.2262384547177314
2.2226059572487022
2.2314977707057144
2.2299660539565282
2.2215405195563713
2.2009913887299053
2.216511074286161
1.3846450278055464
2.2004305490333627
2.1927899762074086
2.198895991163994
1.3078065633412828
2.2372665073380333
2.2043509106228862
1.3670242072698984
2.228785567733357
2.2281785874772115
2.2170766474205403
2.2566680299202737
0.8371172357405255
2.2832103685448475
2.224241064684309
2.2184719825061525
2.2317434290826066
2.251515413476384
2.1977790078788635
1.2775798457463936
2.235480623264096
2.2277584959230863
2.2160203787680968
2.2147761206549577
1.3177622411593806
2.2341473720678735
2.2216167057994003
2.2309059367011423
2.197568810313571
2.2509370576120613
2.2057980840174602
2.1972486646638076
2.2156837971826806
2.2523130480525166
2.182596020257378
2.192634539539645
2.274734585955174
2.2114465029970574
2.254609155523964
2.176551235948204
2.214931964850524
2.2240081461906467
2.1853764435032534
2.195067574953897
2.2369499718233143
2.2114479870791497
2.239046813753796
2.2123315727882185
2.195795120795338
2.2549401163275467
2.2364768726786215
1.28045818225206
2.186427545680678
2.249806805757183
2.2457846869247677
2.2029730455090974
0.4438027527455878
1.3377146562934858
2.228144799013034
0.8178087526063527
2.2763260347850904
2.2800840984549886
2.1763411593840645
2.2409500999538947
2.2752337605293036
2.196795937861154
2.285693889350412
2.164306578577217
2.2194912343673505
2.2052560417934695
2.1884382742262605
2.2197334165491194
2.2267606579869783
2.2497250146050902
1.2150434064946054
2.213480528202044
2.207034426204746
2.2295266832008402
1.1546496718876025
2.224657748796481
2.287232599225261
2.227843073000746
2.24488035634581
2.260144224584055
2.214648823913481
1.3443277876689395
2.1954154695153845
2.256194160681832
2.220017801812676
2.238427900314433
2.2474155070605275
2.2087513305567947
2.2687882744726333
2.2077789363317963
2.243202068840837
2.1821632218437785
2.1995473877983276
2.2063568305118757
2.242660907969414
2.1923736436219814
2.2324554582865392
2.202380564808514
2.1977523287220926
2.207628815401576
2.2030315728873267
2.243712360689379
2.219877092913172
2.2109584207771142
2.2333766922097427
0.8079327242512255
2.232977506314284
2.2212401961243695
2.2290671798219526
2.209206783014869
2.2188908458369063
2.2074933788904625
2.253213320892514
2.232881376678634
2.232368503557331
2.2382053100415717
2.205906356953844
2.2386342946854727
0.7432016615061648
2.1820681296726336
2.1861015588792654
2.235801894541896
2.254344338617903
2.2062934862240278
2.196453301753777
2.241872881045315
2.1911812168248748
2.1735663427894356
2.176935657629424
1.3251197039356466
2.2535071803350206
2.2009574324848455
2.2306007297820916
0.9667843299511999
2.2273398873405656
2.2514809894496706
2.1954335523987885
2.2348347877495156
1.0458247413023853
2.278285175804048
2.2315461552481453
1.1748238266684556
2.1736580096902127
2.2022432056614525
2.201227391597139
0.9034244511709788
1.3139903396986115
2.200140028840286
2.25984977826462
2.183010469112838
2.242965972929711
2.211144912263
2.234894078371112
1.0990991807091368
1.3643979255364858
2.225630207962153
1.2817653788368701
2.22512737183353
2.2345218614897027
2.2442225210972935
2.2206382745613915
2.212030094465475
2.236133529439249
2.1771483512345116
2.1869384049069955
2.203933273116844
2.2408499366537455
2.1877584498883067
2.2297442386054662
2.169132248795687
1.20630017076778
2.233678615845111
2.240752480928589
2.211692204962805
2.220074691075845
2.233909439492469
2.2306599259932645
2.2454969209733724
2.1846442800259416
2.2114352928309
2.228573684848666
2.239715494813592
2.2159074910278354
1.330857301833396
2.27211452551226
2.195941557075141
2.215885547329763
2.233799510890861
1.0601262786340295
0.6434128725769075
2.210601137237955
2.231786041376166
2.258709239614287
2.2003816174202466
2.2365742642598434
2.204796003845699
1.1322703721156717
2.2692611251209085
2.2213109819797108
2.3115113044073246
2.1698756824806886
2.2030577678895975
2.2180071575183113
2.220211587161491
2.2048720217995097
2.2058224871968406
2.2015171724138
2.23397541255911
1.3123769140315267
2.2129552017202725
2.233782107550912
2.2600320730564203
2.1704152801980348
1.3365151875614336
2.171207121156879
2.2096047613528498
2.194946633891979
2.213482745238333
2.2354976455839353
2.206372969254745
2.260132981685109
0.63072477494227
2.2534608055637184
2.214364887516976
2.2139641029601917
2.2263541466529624
2.222691732264381
2.27539740567718
2.218946050172282
2.260677171509422
2.2448827488618237
2.2160424210019682
2.1821936859058244
1.324550775143241
2.1989564434341067
2.232206827738705
2.199101330800689
2.2320715058457434
2.2301506327414513
2.220143480053819
2.240429892155121
2.2688626602592477
2.2048407369116454
2.195197228075152
2.2338626518853584
2.2397090497382113
2.2117269315401993
2.2006076213892753
2.209325553932096
1.0535862319708764
2.205736393468892
2.2087143252301065
2.238201434058099
2.195075334257054
1.176072334007552
2.2165084655654477
2.2797894079690204
2.227749122047707
0.77585778794599
1.1438215965892375
2.2175673576338193
2.2203497236894547
0.998681298604145
2.272802281623454
2.187773602934465
2.1982972855731737
2.184815596414583
2.1894375967915245
2.276569984820019
2.2537674405390606
2.191385197713042
2.226820434637266
1.399521927667066
2.2106179863211324
2.222138096689182
2.2040201414739373
2.2248078096567454
2.245926080676254
2.259140227429662
2.2034138213402463
2.2142001143319368
2.2756122202462548
2.229782370758406
2.208411517132671
2.2105110511889916
2.190388429852719
1.3098267528265815
2.1790769013816202
2.2308833422322953
2.2325698696066087
2.291195770643422
2.20352071848182
2.1893534871592726
2.2489640605747647
2.1673795946655994
2.2129183149173546
2.209743058408414
2.1881158383968913
2.2433017077319066
2.264070037071999
2.21968343424764
2.197868947444533
2.1902447663531768
2.2284914131514517
2.215545128546592
2.223559661860933
2.2273889366329267
2.1944737979485964
2.2260996253165355
2.2360422590176974
2.21990969820793
2.241061947810535
2.248998176296534
2.258720578901629
2.2586037746657808
2.250497387155817
2.1902710174791356
2.195180510016026
0.4973976063073131
2.213459982876671
2.2746108966616063
2.2107647592613926
1.1970264170986267
1.2162850239362304
2.2400171169310585
1.1016952803913236
1.3521951400878047
0.7567815858866986
2.1868833374444474
2.2186031506639643
2.1669518112234374
2.190599231461041
2.188719701057483
2.2344248103116193
2.211067383441735
2.222812495597077
2.205960917364232
2.189339891090504
1.0254780091677733
2.272857073345712
2.196435581702343
2.240052316122374
2.2318574685728785
2.220137849262355
2.245857211798312
2.21007675968249
2.265799410312905
2.1877680371301738
2.2024843463193133
2.2081730727731737
2.210184075147838
2.176221372622461
2.205792862884061
2.2371826514836193
2.2956340510112865
2.223214365485026
2.178939775545352
2.2078448107385436
1.39377389986463
2.222234280840751
1.2566469065697425
2.2006886211564876
2.180045932087047
2.2405289233791557
2.261075150713001
1.3331617887425542
2.1804903001024964
2.2392850293768847
2.2224084663900205
2.242347179178422
2.2401392935053765
2.1951240289216436
2.2257954062453136
2.238117016723815
2.235484408312359
2.2347174523548463
2.218440116590236
2.2187874442212054
2.233034885192426
1.217499312883139
2.2517525476107796
2.2665075447039156
2.27625629512709
2.2889009995739946
2.2205346176284615
2.1721421410134547
2.234927109032115
2.20490364515663
2.1783824170462505
2.2018171737439456
2.188741770798881
-0.22225441146454317
2.1867761712035363
2.277260519986097
2.2509734855371804
2.272733333346928
2.2657733044146164
2.211704142904219
2.258073203867988
2.220901588801032
2.2347741499442377
2.203287353813793
2.2955139330361938
2.1874831070131924
0.8247496251242373
2.2102022563278583
2.2339089848558213
2.1950511436370936
2.169794546048973
2.1846259127616374
2.186945927160778
2.220408980544613
1.1163657424268818
2.230607493684465
2.1951592173110606
2.2149405145985535
2.2314261263863973
2.2061601478594772
2.167113850716585
2.221223280002763
2.272550896434373
2.218127395721001
2.205899162795585
1.1118338655826439
2.218434769916314
2.1929016603133435
2.2370703199528217
1.226082460215975
2.198530879086082
2.2615372589583354
2.2128211724398907
2.236330246579417
2.2614218957273735
2.186565285981034
1.340871144023185
2.270233810210428
2.2410217922505575
-0.3440207145261699
2.2141080668596893
2.2164513152892846
2.2233222276205513
2.236934400897474
2.2020736846473494
2.1809141271293386
2.2342506230894426
2.2040512194380346
2.184905078042434
2.1763560085717666
2.2740215464181386
2.193104517151035
2.2420973978002685
0.8652606978738274
2.207661567254454
1.3667334138310294
2.211440703341165
2.1905579319393644
2.2282462648527748
0.2758122505065064
2.225882073858762
2.284289947545931
2.195171611654124
0.7682087339089332
2.219785248536532
2.2351978103125076
2.2176204787143616
2.2287111888264985
2.2048994663435533
2.2514020544838202
1.0696729478260276
2.235005438690778
1.1552574074913398
2.2468160098780285
2.22592039914113
2.2287209647537134
2.234849224866967
2.2147881278752735
2.231833398466101
2.193564706272899
2.263302540284571
2.250887407480141
2.1945561045594326
2.254790418681133
2.2749413926541395
1.3221653565116067
2.2116748877949144
2.2317933761573263
2.1973756582416435
0.9690057770105045
2.287350652262207
1.3276067311251294
2.2195166992278317
2.205535668663959
1.3766524296067768
2.2264717280354507
2.1992489176569094
2.2714423892687385
2.1914518291033698
2.242782972838819
0.0919767677924076
1.2966797224159472
2.2355234929352634
2.2388437066875664
2.208242128170466
2.259415346419878
2.2854549895146237
1.1900692276454266
2.2143196028229477
0.9531817213544642
2.1981221676669556
2.228212660552589
2.2058805892211053
2.1986043705443645
2.209069302562077
2.2526858089307717
2.190122717295052
1.1185532052835099
2.199942459428632
0.9192992130896473
2.2167480379111213
1.3242756729312344
2.240227741532471
2.203717557629272
2.218624458486786
2.2348533536725137
2.245057003729213
2.276921928740932
1.0794319433231259
2.194724748491789
2.2173827547816565
2.23295662304798
2.197826125696275
1.3374245766025759
2.2154398266468927
2.2503731748005578
1.2633478880165019
2.2449428832510256
2.2354810921688824
2.2317693570350645
2.2202479060410263
2.18503423379728
1.1063444932851865
2.2162613229368024
2.206521425649056
2.234179078050417
2.233819000031908
2.212190840826068
2.2083244715695898
2.2122039778450464
2.2031067540224862
2.272543237685672
2.205731326662556
2.2089860342655117
2.198520856334668
2.277339912282195
1.142766182912788
2.2142722065203126
2.1936399992924636
2.2171421067543795
2.2802022493228504
2.283419883076374
2.2167304345212653
2.2468505162298493
1.2063157936091762
2.235752608993513
-0.05444791518188674
2.189331169076966
2.2820002593503825
2.1997291912071733
2.207936292600457
2.206384314964554
2.2479614427754147
2.3058826217108535
2.255339994222139
2.226579134232159
2.27874532016504
2.2049104840313385
2.1948885580797466
2.223424687555183
2.2215535269113786
2.231816155354225
2.194830487013876
2.257020515555932
1.092209979713708
2.2318180106918444
2.2304579453685185
2.1963159384703963
2.232997724528998
2.250833122316136
2.232716078402981
2.2132464698997567
2.269318366627261
1.30457356086609
2.254614007253971
2.2108785823706656
2.2170879479801813
2.21665500152318
2.214548967926145
2.186963086563968
2.185949720361038
2.2037045600912935
2.260888170636071
2.227878991356403
2.21163214594025
2.233941542169398
2.18863590150213
2.2310103484289376
2.2099941366474853
2.2865108362799673
2.194907068308237
2.235130433193439
1.3001753710421946
2.2209165198734455
2.1955537518410866
1.1828092371072196
1.2349978592401447
2.239325265233863
2.2352761015880285
2.2364975249269676
2.2066787410333424
2.2441943404321174
2.281963069293167
2.2283972488110364
2.2698102934631983
2.202572026885455
1.1639914723103622
2.2083777811983922
2.180363759776295
2.2409832986836906
2.1940075399614054
1.093474724597267
2.2418615601884326
2.2143519404028087
1.3409112093896625
2.2228419147556755
2.1975846102235836
2.1800733441433273
2.229040937089709
2.2141269578336145
2.202487236795222
2.203470494235101
2.2201714941480644
2.2175172685856896
1.3707438898839448
2.2270392306495355
2.221734126913045
2.201037710062216
2.226820789634024
0.9967823758865568
2.2376795930333113
2.221380705728797
2.2388671598148306
2.1958522310567687
2.22203159687343
2.2229865383381977
0.9960188511149529
2.210128345691741
2.241327340134018
2.2028187620779107
2.256983849318935
2.2368747075857995
2.226125757879024
2.2614813650815675
2.2026564650469362
2.2723400517199086
2.1645663006426012
2.2571479932733434
2.2187909422856222
2.2461863605711487
2.2115811305140394
2.255504976791131
2.285012042437881
2.2143865349648038
2.2810937891000407
2.224057907123332
2.2700458047148677
2.2292186762468797
1.0708157455925116
2.2439950326426814
2.268833214188854
2.2816449921774424
2.2349617580192125
2.210850571457171
2.2032148833402605
2.2135336160009182
2.2199264144633646
2.2021609533927844
1.0044366552990616
2.240141494483495
2.26052846065849
2.2585750493324115
2.257165365826913
2.2136485841034634
2.2936722963474048
2.1967206732213667
0.81444980836225
2.212585996969159
2.2223213089226155
2.2355883807868158
2.224173696212735
2.2281041270283417
2.2680140378181655
2.243114669627002
2.224029960991634
2.225977847733508
2.3033747159865054
2.223976930644629
2.2256114136517113
2.2279837163885423
2.1935944888594143
2.2333403844050688
2.265892306026193
2.2672461962156536
2.3046568266181606
2.264917414134774
2.265214052921827
2.2682047305107806
1.2181872173203427
2.221404290282134
2.2047590543100393
2.281650225733247
2.2378246683006946
2.22898941137757
2.231817848506181
2.2270564492247766
2.21668572492389
1.162919825838138
2.2477148017173736
2.20715357126074
2.235745760143085
2.2251094717722846
2.187862440663684
1.3824333362995629
1.066880193103534
2.2056929105273584
2.2184491410135134
0.48811465555424577
2.1910592305876215
2.2246325954595854
1.2071298247556361
