-0.11618785128800688
0.1471434267259423
0.05026887553656409
0.530657420553339
0.18792620384416428
0.018083831254909588
0.464936254892651
0.21052030066021665
0.13264805555998357
0.4272267672808094
2.109615199868463
0.44008000477649006
0.28325763845256374
0.10399342376832618
0.3738920914902824
0.3249381243690138
0.3573333096527308
0.13141359346753873
0.24444189601842894
0.25556565864787495
0.11441741623350651
0.796731779616812
0.20793767674938515
0.08059775659266648
0.07906901032035052
0.6556747387746409
-0.04036958113177336
0.24369692319714598
-0.179063832219963
-0.14731011835131036
0.3501138874600028
0.30523036878339815
0.021493399843452887
0.4657683308031174
0.2901472170095978
0.25703916376424696
0.15245370574479875
-0.24498866614825396
-0.06683812591805216
1.0474678306043106
-0.08111375752567834
0.27694297846948823
0.09744949951491493
0.27312829311457115
0.020982491534627945
1.2270877166098673
0.05241266980228877
0.07543823215909812
0.04564660351333624
0.5286476556574227
0.1918156558367337
0.1506035173015306
0.14135018332329485
0.7291660772764479
0.20842118514729885
0.28363637499354566
-0.21154687817600776
0.028051735139627387
0.23551691685667556
0.33008057860323725
0.25118931855929044
0.9424992704961085
1.175165896378898
0.44421235289877137
0.22260811290077953
-0.016257563553828513
0.8168480906885688
0.2283618594184473
0.38801028868653376
0.03788013065745363
0.7576408367924629
0.004544895067499832
-0.1050875317190467
0.3237521149339293
-0.1952261862068054
0.6069865048403837
0.2218741843908666
0.43185338669371504
0.26552592052071244
0.39476897089028495
0.4025103010169851
0.4059856772577128
-0.07801122031183591
0.4606775805219145
0.3077082048489025
0.3705658476053948
0.23343809455219525
0.24564729339764518
0.059725774426469036
0.22292217378798632
0.6721436665080059
0.11577185962471984
0.7392426542826858
0.07054746982980808
0.41266705096736467
0.06711637872304302
0.4427054798317558
0.9374421559388126
0.4166349241967271
0.14408755187732666
0.42037776322016157
0.44317444836320125
0.6798077165224999
0.8586106762535504
0.2446935575763874
0.6780903366127333
0.3089550048029295
2.179564315805827
0.21517338811641673
0.2766255002302538
0.49369944144706096
0.2297176726215181
0.05641805855805748
0.07556460505294949
0.8970443079982474
0.2799955856235963
-0.21489287139033825
-0.03207087255002661
0.22038537116614085
0.002415348740290174
2.13208520412451
0.21066032031512413
0.75927823633268
-0.15823114460926455
0.4195420938628456
0.7146583740129244
0.10225577484476879
0.07323148196798564
0.5916181358450204
0.2800413333601933
1.1438832164194541
0.1252467401307114
-0.019633404636586804
0.3845321153569008
0.7305684952659182
-0.00814753998231224
-0.609899914780368
-0.2135405825643037
0.7699606558706921
0.29023641388050303
0.6410378368650622
0.2217381397132159
0.2850399195481597
0.7604999746725778
0.529774678605899
1.156430241538334
0.28053415191861675
-0.16805626007490032
0.4651919540294624
0.022390382915096152
0.8458575562967444
0.46503515287142494
-0.002828971652617085
0.22709866693675249
0.5120653682019187
0.352170442855238
-0.19892120018717085
-0.07541842335704846
-0.08800789921834884
0.48207586448981277
0.6982663743693166
0.44879758415518123
0.28114303386121764
-0.14375067028008298
0.2823731575519408
0.8148987023164749
0.34158023621393324
0.29080888008618366
0.7755677165415995
-0.015245089011750756
0.487707032638285
0.3998649913244716
0.06938121496075376
1.3176834059939748
0.47088338506056093
2.16608105705543
-0.14830334418394478
0.33771657124792265
0.4854097448705237
0.29850581877882715
0.2929752911628235
0.8927210471369629
0.29829867863382603
0.3272794872605879
0.3371617883951562
0.2831666936182372
0.2944865111951185
0.2900333152985045
0.3000759334506291
2.178452860615154
0.4570734518873824
-0.6258812592783303
0.276103745544729
0.357752353499651
0.2898986510534314
0.14709900513638285
0.0018190378513791572
2.128918468821188
0.6229860292784747
-0.09666287989119166
0.17525497381218375
0.9799488737007888
-0.1592933932631906
0.25144712498961386
0.44605993322931536
0.27219145414643425
0.7250096101728984
0.2808605487949067
0.6236536866325577
0.2513163553678679
0.464827733120854
1.162018310500372
0.6602574588058373
0.33804792522957444
0.2796169794566389
-0.10807643046653065
0.281286678336658
0.15176436136016225
0.6171195653960164
0.7931094661050884
1.2549146242311187
0.2884284051634761
0.28525536648648947
0.6702223633360085
0.31877011262008614
0.11415577699117584
0.6671429537766547
0.12834600793692924
0.9622734340183335
0.2821437777688418
2.1570469491410496
0.2897859077062229
1.1653635558364526
0.10018841291427139
0.2898382260080876
2.155448907257392
0.2835672561065016
0.33089193770150854
2.2178455607265537
0.2924217147733023
0.3513552738005379
2.134618664732673
0.05624984875714378
0.5685540985268642
0.41573287784028995
0.9526502767915656
0.3017978279744946
2.109503071021454
0.6280560794475556
0.28212298157818094
2.1523620644590364
0.2905911559236226
0.020762357861526665
0.29282298010354635
0.25575709822883963
2.2723610220560806
0.654871761579276
0.16388907056505972
0.29067304423377405
0.29636513283610455
2.133000569889832
0.44047081674152244
2.1699437243614073
0.047710750582939554
2.168503690618452
0.2931429326144936
0.9580243460922395
0.2787734903921635
0.42330010630444587
0.09904684358019888
0.937621417490081
1.0191117912987453
0.2845545708450119
0.28368191573927104
0.041897495728410755
0.2831015837454518
2.188445591336338
-0.16465178177676731
2.1605538925709276
0.1610190634990694
0.4733047842938829
2.130572670467822
0.45638725599313623
0.8319795105153887
0.2926300407081998
0.25034593347347484
2.186120656968586
2.2398254904769788
0.5457008635122863
2.1761887894606256
0.3374354273750063
0.43208188110933954
-0.16434821734229293
-0.03596156478264709
0.8672594480646199
2.1773793512263775
0.6792310511753803
-0.09195893190017546
1.0494931454767387
-0.01572740961602001
2.141750184996627
-0.16596683563237596
0.4547486626869841
2.224104644849251
0.9057181016201322
0.2394976507055075
2.1920103746194544
0.4864997294484543
-0.15606361870660757
0.46880896333384825
0.2421892931526664
0.28501258813950353
-0.15332228722386682
2.171098268661071
0.35117721362307175
2.1745018150605646
2.1613105819636593
2.2103894641002926
2.22711596834439
1.2927093942425116
0.29177681118631876
0.29744733492229586
0.3001074325839534
0.2910606588192756
0.47127249390792797
0.12678107851504297
0.2706449388862519
0.8494474988167338
0.2954963155381413
0.29602041049518013
-0.34768369730177495
-0.15196872233117986
0.2810184062027
0.9251708487823214
0.3590395849982119
0.3445690222498281
2.1818570577257157
0.9840163412296535
0.3027863721095142
2.1827504833580775
1.0680280097619144
1.0191722223997746
2.2108734371630017
2.249666656989048
0.8286924070218424
2.177880096443001
2.196818330106649
2.183092280960299
2.188720959440209
-0.17863764317567413
2.2404917048440587
0.2769737331379503
0.29052992942876554
2.1685081888846183
1.155746470417028
0.29159933715200165
0.29265572796178896
1.135175806344518
0.169296783931993
0.850521470994925
0.597556018235037
0.2160943831735067
0.22723086455294078
2.1684304153636584
1.1068661541051363
2.1976177454042567
2.206562770985579
-0.15871315353902912
2.256376341388806
0.21161594086440627
0.9858207279687754
0.23155352503504195
-0.15990178927734522
0.4223142410017383
2.1701691530213623
2.2390159281352635
0.30048982862062473
2.160171890923758
0.6666971503310765
0.2971416005631122
0.2131413319523932
0.2688466972695659
0.2878491271987965
0.24292727458053132
-0.15405082018732494
0.8121813045951776
0.2990367530134733
0.30025164328589465
0.6634598046047333
1.1951299320011228
0.9061184075699213
-0.15429394428115664
0.773003441885276
0.2978941730559293
1.0968760005004645
-0.02878086132224783
1.0232925016360785
2.1706638857835494
2.214982085135308
-0.15887935033988396
0.3352104449029951
0.6154069801591963
0.5626042670382824
-0.15314488960620065
0.2881923190985872
1.103876167843057
0.4480670849918857
-0.16277631541271748
0.9878614052378669
2.177605106463723
0.3618050447967357
1.1568626897132652
0.2900132649237005
2.1876606216937255
1.1815666127631874
2.198371869564916
0.640278730197761
2.198725527602713
0.2948546842840809
2.1982143305508535
2.1893162820353265
-0.14764780049599477
2.1473492352420838
0.8033297683459142
0.9664461617858126
2.204916325868091
0.883014344679421
0.3789405073824257
2.2302073970050262
0.5955676388246526
-0.15431310502664478
-0.0344198707075348
1.0009675649723206
0.6385520797486594
1.3397118562569958
0.30446045699476815
0.4245788321761559
2.181471643291714
2.141355473921063
0.6320401643832427
2.1831766200340423
2.1729010477667607
1.2378015987994657
0.2901704078784565
0.29703706437645505
1.183268203249297
2.209038964748838
2.149146138878392
2.148942377545828
2.178061296822693
0.7751767830922149
1.164407843950638
1.2727100576111499
2.202333077305162
0.9898667653948678
2.210416256439696
0.4502662600194326
0.6244800656624422
0.38802197070208155
2.2557244483214145
2.1962774521807304
2.1897683741648812
0.29095188331649563
0.04485169061532607
0.24244476350344535
0.6241497292130456
2.178984976011448
2.2491224755765358
2.21561843587063
0.297460267368874
2.2120118123329826
0.5119576141253205
2.1961804105745726
2.2287620520785074
0.23606451267748493
0.11805875300696136
0.23660454172921352
2.1809813842178523
2.2376789109647124
2.222275079762203
2.192851539190015
1.3281822128646685
0.28672156737864757
2.1805157077605006
2.1986621825303176
-0.15391960846858344
2.1952786464902556
0.29305068471182416
0.4111000526163234
2.2410766442888006
1.1541855765703817
2.1681636334779766
2.194317977397772
2.2140819466689763
-0.15343010531848364
2.2148404367316097
2.176950495504363
2.2092303031734577
0.46826671616009297
0.7917668145167452
-0.14995699303548715
0.28958367434961063
2.2033877647855906
-0.03109131712134261
0.4853628617826187
2.2142538596951535
0.9966361854138397
2.214023378039969
2.2535184745791477
1.1966172817173337
2.189108753845802
2.181379064063482
0.2925568456660419
0.8667927480790034
2.2680376670195503
1.0298526119141136
-0.1386263062522715
0.8192660965284417
0.03807006223722931
1.1838442805422824
0.30548362588411726
0.4644583753071733
2.205644483002639
1.1920722129376533
0.2999450736501434
2.244231115664465
1.2760610671954244
2.2095246441737313
2.230067433491006
2.1826225094767717
2.2399231940872015
2.249371243240847
2.1854099151991058
2.2158935884194255
2.244625114492561
2.242492383623664
2.2563216464236726
0.33760318059495265
0.29375689984200076
0.830290137329716
0.257953795476524
-0.14468542087779537
1.2331176651081468
0.022549104728521063
0.4380965711241237
2.204073726624655
0.5311328615558114
2.2262519427645615
0.8437696285458414
0.2870991688011829
2.1661981404374218
0.30251718841988406
2.2690825375794157
2.176159507506153
1.2587042102357184
2.2345934304506327
2.2294903953256417
2.2676542154609676
-0.14356380726796036
2.239190673431067
0.5454070056627303
0.30743186992762417
1.2607710656911375
0.22151520127486996
2.205852689288219
2.1913232616700737
0.5323071626305094
0.30565115134845305
2.204443576918642
0.30199870490079583
2.196763785985717
2.2550192811462493
2.2341815424645413
-0.15499815342682732
0.3066247180194016
2.1799598330442627
2.225683204641152
2.2443602109042082
2.1980122602218533
2.209844258850196
-0.15696216993533005
0.6399389949571694
0.5715672908327577
2.1709698223067337
0.3097309484701622
2.2309717734680072
2.258982819931152
2.173265035466022
2.2202250640670007
-0.01145380345494651
1.2708571457000823
2.2232884373945727
2.201430223152248
0.3030785053473461
2.2051052134869824
2.198901507592903
1.3115790815385615
2.188709802381869
2.2845198934486652
2.225435909201848
2.233318874795609
1.1745444716459041
0.3018348652102759
0.1939791355346665
2.2306913894852594
0.3055676492371091
2.2476842646473676
0.3029891964587477
2.1866283292681725
0.2994969101498798
2.305176964523004
2.274809295083509
0.3384281418588081
2.147889615708908
1.1636334051280846
2.2681775345328195
2.267420106643668
1.2568505945098907
2.1940478167248836
2.1768162617839923
2.2085987565065315
0.30558099807293304
2.2137096824307414
0.299656990427852
0.5089607159866595
2.250730137234352
0.29706981962935675
1.1549330403044993
0.29969980264597407
2.2342675744586096
1.0431832785213586
2.2471195498103924
2.2248824358574533
2.205663314650532
2.1992974942887185
0.3016500951973558
-0.380299256199511
2.270353705878333
2.233132686668414
0.30180389498108323
2.2250332176461978
2.2398250211962667
2.1606452839071113
2.1630144875195985
2.2401100071756996
2.1914454737386073
2.251786788112901
0.3787907230267673
0.830710519432168
0.3047642803566545
2.1577364630804636
2.1904325765096857
0.29542494980475453
0.3123851166493847
2.233494035011908
0.21419368620248244
2.209889044463857
2.190324356229174
2.2206905730332975
0.3190832798525042
0.29956199152626084
2.285121549388212
2.190090593116011
0.2925645654940126
2.18500242994104
2.2072589342404134
0.2946676713540105
0.7664350130096953
2.213477229164159
0.29737272140019655
2.2171478461526415
-0.14291800609865246
2.210275262124865
1.3198049528830522
-0.14485777393635338
2.2116283766117872
0.4785181378453634
2.2298269047239003
2.241423948716684
2.2611062752037716
2.252483147340297
-0.13829358668218528
2.2366072607892256
0.6559365144523114
-0.007125895557464623
0.3074583229198795
2.212304901691578
2.2385332429618368
2.250255450314131
2.239758530257382
2.2100098238751142
2.2390767043467
2.1529838349737496
2.206053799312424
2.288633698544248
2.2640849079766268
2.2000157864947867
2.200880733666865
2.1834437171037564
2.1878187451394684
2.2119259073486157
2.2030611673441136
2.1962290257156845
-0.14683728496627016
1.3490895755589245
0.4231143953082562
2.1949327897763133
2.211297806968224
0.30376789804939347
0.5856510134648167
0.30131069340822086
2.1693681818750985
2.230014203963138
0.6622416753403583
0.8223334652855683
1.3688775010418548
0.305218655912639
2.2743188449147054
2.254093864106366
0.30345276349677786
0.30306664512748993
2.2467319771096546
2.2499065586421776
1.283860972065534
2.218819929096053
0.9974328034167561
-0.14713329675263076
0.4664200614442796
2.267095578894337
2.2219531440139635
1.1392257298075172
0.30463371770988235
0.29883150163945804
2.228844354602683
0.29900176709454734
2.214463581462925
2.229851634219214
2.2115611447855144
-0.15227420386116214
0.3060742155826853
0.30592315239730106
2.2002673587794908
0.3073567106779929
2.1766427885518684
2.256394858312797
2.198214397045665
0.35902075071020056
2.279446366194002
0.5219564376311221
2.1868212428749647
2.225445837757432
2.2725905662309627
2.2368339535599837
0.3127511990254068
0.026878474708865174
-0.1524690557158987
2.2757875516003025
-0.14540298281301853
0.3055633616047143
0.24789864449336052
0.6324894452137059
2.1843165936718716
2.1953675537644783
2.2147473424896127
2.215831423931175
0.5334179347896244
2.160870903162616
2.187016371518583
2.17941173715378
2.1783306426353106
2.267174985735937
0.30555370953854144
0.2969264371439045
2.1869490016683173
0.7597561789107591
2.188947151265011
0.6500982724362621
2.230465940544716
2.236980401490624
2.2323950077879466
2.229174928693742
2.2474221968995662
2.206855117751344
2.196027141444149
2.204572204996774
2.241642311753597
2.238723809239976
2.1982100973343903
2.2270594338144374
2.230438538926895
2.196259263103622
2.2378345434183933
2.2060567368400967
2.2086315756570003
0.3027917532141564
2.239418353948252
2.243715558408858
0.3935426525542917
0.3429992480762186
0.027533832097354993
2.2477822036427497
2.2068466175778365
2.203827053321959
0.3036954473032879
0.9810217572642497
0.3022104776611307
2.2285177423127864
0.7839172301766725
2.2114735083600254
2.2548128135696173
2.1901618511918572
-0.14544393918158793
0.2524606253232061
1.1604931579819602
1.204204461363175
2.2075692200620907
2.238592778071559
0.2953257104020522
2.1635851487736923
2.214813280124381
2.2257331918412353
2.1936643376481224
0.31655100264332714
2.2564102888527535
2.2423599988698024
2.246255180089105
0.3092642111172431
2.2071144385639485
2.2305805233144635
0.015324178611941519
2.187592922536709
0.3020775703931125
2.2267521038104894
2.2033902839074546
1.0034934827534776
2.201735579366437
0.30512491243744827
2.1998488751843026
2.182228446091866
2.1834376682598844
2.233435496267616
0.2927041283083237
2.213425340078794
2.222748792780039
0.29780838438649077
1.0574302256604728
2.2114885371951334
2.2104600357070145
1.3503494996804475
2.199565699349606
1.101178201456417
2.2240998968059102
2.2407128563556076
2.2265827194906516
0.6527133805493484
0.30507916163513066
2.2233380566538035
2.2324068101532877
1.1294140417864589
2.280954014029084
2.1964358092452247
2.2069073187660533
2.233581273759653
2.197129974331589
2.203157133771594
2.2211617231651353
2.2337350304263768
0.9238731725725974
0.30729810930415496
2.229444184494503
0.20692007931954898
-0.0412842225946235
-0.13719983259782703
-0.1423767460883411
2.2530158077526927
2.2109851316412996
2.2226527686832522
2.312193350509727
-0.20117453089743936
0.3049310352489146
2.2008751523436807
2.1906262279296076
2.230603556919381
2.1572387976212184
0.3019715928900161
2.227329416746926
0.3935449733748426
2.193394870338043
0.29153939745419816
0.29883963773018846
0.6937811934489415
2.253643186234706
2.216907872020135
2.2281007000423103
0.3030450444645111
2.192146343266254
0.8033976598424307
2.179748570689351
2.179342708107572
2.2554870790795944
2.2819099307843844
2.2357442969702412
2.188414114437411
2.219797130491426
2.185282290375743
0.6576824479722619
2.2443224538285245
2.193530430757371
2.1738677813977625
2.2356506950419712
0.2945995601753272
2.2436304106116314
2.227085989203375
2.2188500120092116
2.2371720369987838
2.203213050583492
2.2465889712586806
2.2514170276216454
2.253986615035229
2.203558697278498
1.1523838784572054
2.2300471152828774
0.2995933854900847
0.3001584450585151
0.2963815818239291
2.254468982387171
0.3056365270498811
0.30357996815703875
2.198239585504937
2.2297394984644567
2.1977732725533645
2.1795501762680067
2.2020069879300004
0.9765436524617955
2.187335514313964
2.198565650362558
2.2339474076777983
0.9101900991273977
0.29560331960718667
0.292778634378226
0.29446046433364526
2.2557016206618616
0.2940738328560663
2.2602086699845745
0.2950598579470017
2.2298640603302835
2.2344156963849247
0.9931459317425914
2.2914398714043758
1.2373862363837609
2.1445884192982243
2.2204749159344743
2.190765692501789
2.260732524312287
2.1772214649492065
2.220584730849413
-0.15642800619420927
2.2593275361549634
2.2571140441204864
2.2255914907769068
2.1735125459868967
2.150651300555829
2.256527604696273
2.191580115991557
0.30236941468935385
2.2097585317925494
2.2418864232970717
2.278410371766358
2.2215056212613304
2.2816151612908473
2.195622878398736
2.207466272804875
1.3754735782621625
2.229858565587098
2.1942195131314213
2.241700559811636
2.2201073108970517
2.185086384721266
2.1946987202759622
0.3064166735875749
-0.157843937485616
2.267346042336319
2.239279575695022
2.23447230627816
0.4814087573877841
2.245353988729592
2.171741833746946
1.331692148950122
2.2356261759924516
0.5973490922142404
2.1687243741402416
2.1842719346051656
2.2400044782749955
2.270610838967502
2.215740602957237
2.220413959059815
2.15592724264143
2.205017614216114
2.2651497865915156
2.3056364117123658
2.226458017374969
2.249579898198653
2.184544774154074
2.254188701798182
1.143731335648419
2.197508940223087
2.2139700267131963
2.20302256285257
2.20731111316806
0.3010821454892386
2.2043557536133744
0.8764522022906409
0.29811760806061055
2.2395782554540027
1.364392695800778
-0.14175918337869764
2.201600135167152
2.215866291535382
2.311332677414476
2.2066624057296345
2.2432721847687644
2.239509719786067
2.1932889209831714
2.276564088809999
2.218420698805542
2.2131149931564487
0.2959344899784408
0.7951098436189379
2.1494032065033135
2.2295909911728558
2.312866203137803
2.1881306761646666
2.201516462274629
0.2938019634994972
2.217545316531053
2.26600826206175
-0.14089627324347026
0.5123586693818687
2.20263697752633
2.1916899932612592
2.2279532366493306
2.1921462582789184
2.217810532241657
0.46898029858554474
2.2679639671737757
2.3111259878318124
2.1805874147418294
0.2937387742787517
0.29888882094555225
0.3011373772412148
0.29764884122190466
2.200161642042036
2.255855263031066
2.186709666944709
2.2302074634502924
2.311659926118153
1.2903819147942959
2.2406832994357906
2.20318268968569
2.197468067446078
0.3017897958076236
1.2272774787236935
2.219100314358056
0.30773814412111244
1.1106799304775585
0.3064243434968167
-0.15365324499827215
0.2994811114729203
1.1710273391966703
2.251581829429747
2.251186821978041
0.30423895484782243
2.1830504390177987
2.19854613084134
0.9804734945207763
0.30625363311675546
2.2023038968950983
2.2365010347097143
2.2631236754815713
2.2344397207671145
2.2028707344315457
2.229406160950659
2.221384087832483
0.525655506652359
1.3746996293500129
1.0573708982441632
2.238188522615284
2.2640137561851716
2.278820214196021
2.306119695586135
1.1095262866273872
0.5510458158942011
2.238428306594153
2.1897630590359025
0.8817095034099867
0.8503215010084025
2.189108313701435
2.282562289179287
2.236276598998979
2.263850223429926
2.187883294824785
2.2611557201617343
0.3066125951455404
2.298684366595464
2.188502890643683
0.30437150158543774
2.2205097747188565
1.1049630267339885
2.218153191854025
2.1868977997859043
2.1639414293062265
0.29369984491595336
2.189750588917244
2.272959284481683
2.180796564206938
2.2660636344674634
2.2604971270411123
2.2351267193058124
0.6727160522312435
2.2094240949785102
2.254425578057801
2.286888468688606
0.3022496142501915
2.178784492755085
2.2338209836308405
0.3014531307468673
0.29577436141219654
2.1656899590933243
2.1461584072185014
2.208895873084032
0.30201820419145164
2.2294953351954647
0.2979067709009285
2.1884955168319333
2.1916289286625275
2.224685748938509
2.225280143935305
2.2103175242005477
1.3025209693364332
2.199290361676794
2.2071915126808253
0.29742320073486317
2.2184027977009517
2.2349406290874354
1.3511179779667772
2.1933098799127544
2.185733767089343
2.193114273449998
2.2160663743154347
1.164337949207424
2.192198430321935
2.2014518492546786
2.2648055937570293
2.213327905821931
2.1654953011696483
2.186259272807502
2.1995127815116113
-0.15451190380873794
0.01437419614392732
2.2688572201812263
0.29570832723692286
2.228945225083762
2.2415635287812394
0.47031676159567465
1.3352234389544257
2.209046520576267
-0.15112716189616338
1.0951356253162132
2.182843479239752
2.300584869888614
2.2034762308377727
2.2240339047260465
2.1937575919770067
2.239877863812596
1.3437803728731046
2.2466109141805983
2.2211498858703176
2.205538478708254
2.2571378335995096
1.3629352750367825
2.1733754674392087
2.2077571447664295
0.30840986145628835
2.2430409405198892
1.1952669605334523
2.211525783469483
0.29646993798051857
2.240105449696718
2.266614760790187
2.2034267350163033
2.3088403433117577
0.29457218228338244
1.1047724546480484
2.2050262144475155
2.1553870071989056
0.3026992831170899
2.1830431212412935
0.29822329867080144
0.2978584813931726
2.1806639707306372
-0.143863313154888
0.4671105051347217
2.2207503301398455
0.11962464158742658
2.2438504909083985
0.30833347236608727
2.2294628135936323
2.2141618191648944
2.2129389465708016
2.2033477817014315
2.1752508080012953
-0.14596017770492192
0.3031352283821168
0.3039354451772247
1.3240609946286839
2.2178843507579966
2.231536141980546
0.2984044363478847
0.24589218937874063
2.2517394174458225
0.8151938977217053
2.244660872691803
2.193193159209659
2.2782438368279063
2.266654449418477
2.2228612916121517
2.2255676926283847
2.2740155509203084
0.5933530425859048
0.2525620408084625
2.1989248042194487
2.1680631736622744
2.249452549044494
2.244180775448247
2.216930298649906
1.110844364084391
2.2643793146746516
0.4228794794045196
2.1982934081540346
1.3647658614620215
2.2129770880521353
0.29417129551041243
0.3060642178135957
2.178755289251804
2.2639697495459608
2.229041216473372
2.264459576857941
2.1846988845640323
2.303880887658993
-0.1505911762994369
-0.14641400549732128
2.236300852698626
2.2401042712337915
2.2075739697613095
0.648164275164046
2.2423650337673657
0.48103338282854574
2.2574447523250827
2.232073471595982
2.234561013829535
2.23300133812836
2.256349854561166
0.09032532624004115
2.294529521744148
2.1712330828911144
-0.1455103913056261
2.227101337129975
2.2953566714287703
2.2613443631153625
0.30645458871034287
1.0898556573997604
2.2160147567319246
2.2066776895498226
2.223527975408055
2.2052582755081067
2.2362600516167586
2.2562287271565724
2.2966864477878004
2.3055488751869504
2.309298491536097
2.2493243470114432
2.2019528052988275
0.30364471000181903
2.1704295195134575
2.223069027277555
2.2202478798366827
2.2599548808225842
1.3264404379555053
2.213372536211602
2.2278884706625934
2.212379027756601
2.212054094269564
2.2716912824201767
2.224855142076109
2.22804909769824
2.259348142118266
0.2955515001092525
2.1968886971010377
2.227397941157308
2.235522812209718
0.3075692074688191
2.2922615157717763
2.2096783649051166
2.1592293659349693
2.279280092020347
2.2006502206961267
2.1650132058126017
2.238337732793654
2.246278536709382
2.204491919271276
2.2378895840837725
2.209785986878657
2.2186520169246045
2.2736598405535506
2.2188979220090674
2.230900628954975
1.3191246346686996
2.209194780313946
2.289465277390387
2.2156625096569114
1.135428602274291
2.26095370325812
2.2885915080808346
2.242186001391669
0.30297241969904853
2.2053589381826946
2.1956325956764466
2.2502189165613844
2.2437737758638656
2.3148404247710888
2.2182957733306625
2.1876530104395355
2.221267194652353
1.3344046071322846
2.2796627896211805
2.199308161161163
1.2063945932715752
2.252716822745185
2.20433571274915
0.2502701545416117
2.254784026728389
2.2257353775016515
2.3120791872982167
2.1469044197130636
2.192807529393001
2.1775813842178318
0.2976577948416861
2.209126163794749
2.205532703183648
2.222796648834998
2.231173813438983
2.221639931194578
0.745264645233248
2.2045306479434275
2.23728534523676
2.2497683947899256
2.163290626166254
2.1992965777370133
2.2281774288336385
2.2546376563277417
2.3112004245191184
-0.15125149486045875
2.1921876287053115
0.6347159038194702
2.2136777939767334
2.175527844124545
0.3044815522696538
0.30766108618707944
2.2631712238954593
2.2365570395724923
2.2620838282608413
2.2244524107775954
2.2421148210796966
2.199989808826466
0.29812495844766557
2.2649303504676253
-0.15220767714898767
0.3032719953174775
2.2295015189370937
2.2445950822169656
2.2170282031915867
2.189389344256364
2.2148829748425216
2.231633287305312
2.209590633295104
2.2140948581127646
0.3371083267059219
1.1780620288110049
0.8210684840771623
2.232912290912987
-0.2042910653240458
2.187458747857356
2.1924665941763775
2.2194140683119254
2.2381104451175196
0.31259939678230997
2.254183587835628
2.226744265370255
1.2763649476643808
2.196748739075968
2.315014199794179
2.222094957438617
0.477522828685624
0.3020542263965138
2.3119375280670615
2.172423858454159
2.177318755709159
2.207553564832163
2.261095430430942
2.22657086492931
1.3014397975024254
2.16290813489745
0.3510906362565949
2.212066954225029
2.232065895585972
2.2594015933111686
2.282357067196288
1.1420041625913067
0.302051390829956
2.285769757444783
2.212507578474727
2.2236384820469306
2.195320875256443
0.9367524850749154
1.330739566047153
2.290838532949215
0.8712884468681266
2.2266885306272113
2.264252571857737
2.241961251294843
0.7869242989056207
0.20790864047292712
2.250184434120908
0.30864533630009816
2.2268560033002105
2.220104037367591
1.23241157129869
0.31148753623841485
2.1780376161406165
2.25085218707492
2.2172366618910284
2.124348142491157
2.2391824034503367
2.244552321063889
2.201239953093183
2.2653384780288826
2.1800868910078277
2.22004410163039
2.2585632161569507
2.215744771919887
2.1919790521992084
0.2983367128419482
0.308217096959814
2.286703020820676
2.228270843201039
2.186091446266679
0.4534243403872582
0.30478090896100685
2.1840947812059186
1.248737147806857
0.21714385729583358
1.1901482660873364
2.184193098110237
2.2595010085222618
2.237659104286834
0.2989232023346112
2.204142928882738
2.2616763110021276
2.260866693659837
2.180820598093128
2.261560067581442
2.218999280158468
0.2966055940030127
2.226931264489342
2.236993230318419
2.187527618034938
2.301373196389852
-0.016235474209124162
-0.1456482042135304
2.166730264237302
1.2817664659427996
2.308950952788928
2.1959156252531318
2.1852016036149577
2.2022744288887175
2.1832112660217513
0.30700135100671827
2.278317927718646
1.2044843283732771
2.306999520781754
2.2374361986742466
2.219078549840961
2.263754825536471
2.264121216300353
-0.13694659118347477
0.30250951902598483
1.163898232049017
2.19804772869519
0.3035721401927429
2.251971814749162
2.1832484594262866
2.2224784586359303
2.2819880251603823
2.233401064667108
2.2160157470625474
2.234908553734634
2.197015082480129
2.207666281419714
2.208457564410875
2.2274140267511218
2.2596165784805793
0.30130225601968386
2.2394060236050346
0.3101514275800362
2.2505451456976973
0.30646640271916537
2.230552562189576
0.31249950017760864
2.220644015230131
2.207061849126654
0.30152488882428685
2.2280031133654985
2.2301028070217987
2.1935218162298527
2.1871394587517043
2.266006111680872
2.274013042408735
2.214246683044344
2.1829646235291658
0.6193280821708063
2.2328530165154516
2.2280044289698684
2.1840635001410145
2.1508388071062097
2.1946251554676994
2.185233566418819
2.229904074625968
-0.15455873588960534
0.5460286236899564
2.21061855323979
2.3171990143842054
2.1902149721689366
2.2275389553758043
0.12985705899037808
0.31381185413132573
2.2154863458182756
2.2288337543263896
2.2424139039005793
2.173836073096221
2.2226276136841494
2.2120525803175837
2.198447647560938
2.2422846226453306
2.290362928221335
2.24742031976618
2.24263954152952
2.183578075221029
0.18951633032259568
2.2805097563726573
2.3098359887070505
2.2157517278813756
2.1812446074929337
2.2075364974554375
2.1997328259426956
2.1980763843805273
1.1798118129142925
2.184171100316293
2.3148305646107286
-0.14351857611746593
2.2551335478959817
2.2050978885491004
2.244633948331119
0.062065963486850506
2.3133837919641866
2.195800078410029
2.2525365482693758
2.193229970997238
2.210443540088165
2.2102816400489838
2.286831099471623
0.13682267359414568
2.21847370061153
0.29841489568875723
-0.153208236514912
0.30979398193199925
-0.20496041311838392
2.208939699684691
2.2174465064999787
0.6572081279172866
2.2811113360897055
2.24534113637516
2.210925106203172
1.147688598361344
2.2026351070442383
2.2104931022748078
2.2404698407848986
2.228370575648324
1.1028905895932657
1.28834104608571
0.24363036142444888
2.224077992272918
2.200482275388555
2.215002606752985
2.232254467338796
0.22696378974063358
0.6092858399776252
2.2741982311755016
2.2126246043136875
2.232555121075284
2.2064466294737226
1.0213631300406838
2.211614052347623
2.313982927688598
2.1747035503338448
2.3052547550336637
2.1960379226257847
0.5237246486711674
2.2097265005479474
1.3598735038902108
2.170858283299115
2.181241907770274
1.1353218690971327
2.2432871717717267
1.1639299933903815
2.1665501248593917
0.17545454374953884
2.178471960397109
2.1721968769686404
1.2299613542288572
2.2679775536951916
2.245953821651383
2.2004120668493385
0.2995631934001052
2.218433432023076
2.2766290840535284
2.311369444377097
2.2266445723120873
2.1811552158548073
2.2919406725114646
2.228861478725195
0.9812696405409833
2.1935279730734205
2.302215280603181
2.130454133089902
2.1707958051164224
0.7729777125116213
2.2146095068106133
2.2455947047301508
2.1603675728155105
2.2153582107142085
-0.20055858839744636
2.211455857641919
2.248086907177071
2.316769520993557
2.2548460579613256
2.1906162431388214
0.21565501468527232
2.2010373416058453
2.240577721627258
2.2020566304651976
2.2105889393739915
2.2726281446149663
2.2085963514494362
2.2463556805751854
2.1888028540288147
2.179884179034377
2.182028981294236
2.2417058429511965
0.30538974800030744
2.245964325778398
0.2926974495468694
2.190421168655652
2.2469998389952006
2.1961450536025797
0.8639508042934267
2.2684940473985273
2.233568766856294
0.4824713111339948
2.249897788942275
2.2348963362565435
2.258074664247786
2.2313147991851663
2.1720410465935567
2.2240044094661053
2.182596039232865
2.2414555846392146
2.307054288745294
2.2159555135667004
2.2028949152124526
0.2960437708796367
2.1664472022751236
2.1840211891264607
2.2528333105806757
0.9417321806460799
2.2335397008525364
2.2887359013454285
0.3003698647164795
-0.15269646498293835
2.231617558126029
2.221549626738466
0.29739248993374867
2.245136402013145
2.232030401788946
2.2398158391503644
2.1844120111533365
2.1991087246979437
2.247563377494712
2.2100471539052977
2.1850859214405634
2.185722384500223
0.3145042523179926
0.6667613982038493
2.2464530010385593
2.3004202311399826
2.224525053885513
-0.14219002625420288
2.236012215022144
2.269456251857955
2.2507906169612824
2.210853455801195
2.2833779013752853
2.253787520887383
2.2680731854243463
2.2044196594717063
2.2310395991796357
2.248161144887523
2.2532422369280267
2.2597486269638423
2.241790633261534
2.1713871122159527
2.297909542390445
2.2754785435717304
0.4702894971261577
0.30358354461901155
2.1895382682882456
2.2632613973853744
2.1748902103946284
2.219801098215643
2.198509478847926
2.2209012808510433
2.2284928483232798
2.2672737278673885
0.9567199127478272
2.2293549875786116
2.230521512329836
2.243957926270732
2.1904516534825635
2.1439726973508857
2.179904742662674
2.1667509273371803
-0.1370998352105979
2.1862987507296223
2.207586477142971
0.30626747636301205
2.1724187888602797
2.254685577197856
2.2087647652034996
2.203579629004522
-0.14673040526109435
0.6585901955581859
2.1762652711940706
2.235729017587542
2.2697612239516767
0.5246320746928925
0.3045686294801618
2.202439224713559
2.214702104756198
2.223527228344678
2.235099222633954
2.1900737008294593
2.2082084263849584
1.2926476082428469
2.1893163629534427
2.1762326911531327
2.2192730317655
2.2809934418055056
0.30523963318866143
2.2455240017522096
0.43989378207780827
2.253953677979347
2.2500175044420105
2.2019462969067956
2.221944589273564
2.18393895359214
2.244109245382058
1.36482466375565
2.2334481491465694
2.2298890503083415
0.8158864025969369
2.240629015776652
2.204317322009083
0.30628594689516664
2.2441258944846956
0.30330584149877116
2.274672761809688
0.13491655333418817
2.237223807582278
2.251763978532363
0.31005706249585635
2.1928129095548825
2.205313601998124
2.245209904294364
-0.20075709547227866
0.307718513257523
2.2142900461715747
2.223566017561522
2.2330656871073273
2.221270321809597
2.2867267732859395
2.2593529755322734
2.227171177122836
2.2913795025724726
2.2253794970815797
2.2110935630036925
2.1626690658082715
2.2494551087908676
2.199089036065301
2.264912106317052
2.2265278218855555
2.2637622918111404
2.2290586011967815
2.2052690919740714
2.2258346380272522
0.31068552581350584
2.290818476533543
2.201804042783292
0.45372816935761623
0.28743006689967726
2.272326680722543
2.189587422586899
2.202324876189097
0.30444568208368206
2.1956525819455046
2.2427236485218485
2.286787751490223
1.0195169953685563
0.29572368172716396
2.247621657532253
2.208201602330978
2.1490067318929547
2.2412113433965106
2.27708495772574
2.223935060110835
2.2854683694085125
2.232364721540425
2.19597695096006
2.1929123475962253
-0.1440155812759066
0.9795030751922316
2.1953088308578037
2.220343919025789
2.2097105005391366
2.286570289328776
2.204537733602341
2.1753465479401948
2.171589078478588
2.2065582528298746
2.1795542913098553
2.2096920792971204
2.2102048040345457
2.208028395260114
2.2666896208941782
2.2239379373518657
0.29489977321546434
0.3102854491147192
2.2700590486089194
1.4018630567663553
2.2486144800505588
2.3088692942306963
2.1980414169527487
0.3056032905377247
2.2556658395120177
0.3010929407667471
2.3139358030928223
2.2658986290052545
2.2234239462642935
2.256480580428276
2.210257975611877
2.2264705083403773
2.2387810883061814
2.2300900750668897
2.2147146014075387
2.2488577023219385
2.222606462334543
0.8906329159921038
2.2376637567108357
2.310014021583717
2.2737224705030012
2.2718396672723267
2.3118933515371554
2.1759161303884325
2.2005782507707514
2.1896633220701758
2.1910527412969008
1.0505826571946715
2.210143283125559
2.221580098616569
0.3058980441963981
2.1627482998887864
2.1883663901476407
2.175115646116031
0.8658806158789293
2.2565056212754024
2.1710321130243555
2.2455085461654587
2.2382532616721837
2.278857810741208
2.1858631568805396
2.2540234817367333
2.245311343835871
2.190500262088474
2.2337085894671826
2.2224434276264846
2.2851268082577265
0.30021398968330576
2.1726487644158654
2.272391642568215
2.16143985066831
2.309733355796361
2.2368923944783843
2.1754703807289975
2.2426061091688485
1.2763838735435906
2.1685464212090904
2.229196125522248
0.1695172760304685
2.189442186269866
2.2420964143237905
2.2191920974300894
1.0508062085170586
2.257608641879001
2.2382012406735043
2.2014284339080468
2.1840427470494292
2.2316141639175666
2.2583801397800936
2.257231369347241
2.262007782377017
2.2385260019592756
2.212131810073314
2.2721130561004994
-0.1503620044021768
2.2704930248880397
2.2832953102290006
2.2339381741859654
2.2090799841978823
2.2039796815281676
2.1763238209431974
2.2875164492270983
2.223668170901247
2.250120324555273
2.2315472339154145
2.314656280137243
1.013723356899831
2.1778502491454974
2.299233987060382
-0.14698043297146796
2.2289185916217114
0.29761101676173585
2.196624915797197
1.3635171105186972
2.231646428976329
2.219663099246417
2.1850707805006584
2.3171914531862043
2.2165307373924845
2.232101191585931
2.2477784559127842
2.262398172210979
2.258717188046026
0.3037477575412293
2.1755039074182
0.32467943785078945
2.2014712389953583
0.5871384482893526
2.2224219401562904
0.10061544656027208
2.2856020953306864
-0.14698562108428434
2.2682550863287023
2.261783754891869
0.9991179904541484
2.2171525322878107
1.1245437997740289
2.1597206070252444
2.23382205718445
2.1994440861579596
2.3116748513719574
2.282409071910217
2.1762989192455624
2.198155512987706
2.2849598618407674
2.2144454602037493
2.2425907212622023
2.1601407977503264
1.3547288527975412
2.249450902307781
2.298976100281982
2.2041130381114296
2.252151056226406
2.229418135385198
2.3136092419280763
2.1622578456689463
2.2578186533342572
2.1883923871133053
2.2561615663938968
0.29715831485480726
2.22274220107697
1.3835294704647148
2.213924182124588
0.6525371414429741
0.6763234251409288
2.256557762784691
2.2564804567498387
1.2291021324296885
2.275237241698089
2.1976664222568694
1.0107735723337343
1.3168283264949536
2.2667878230908283
2.207784888219444
2.18770386197009
2.1829946786252443
0.3039526932354502
2.227683170913333
2.2286394922134107
0.3055454266021753
2.2134434647313617
2.2221085820914483
2.284861294738678
2.204279517874176
0.30702456973315273
2.205675078157135
2.2141283954781494
2.1492707830210858
2.2162135721032232
0.29328494781807796
2.225775268519171
2.1546086185537763
2.20026985826793
2.219879082081683
1.3944096695668262
2.260389610202009
2.2353456289638967
0.30244525760955565
2.208834908900414
2.248800659769829
0.672711539055838
2.2097766442257183
0.6344347446658096
0.4758953369847729
2.211344696469525
2.2788280287720757
0.49227371090311356
-0.15065479655559688
1.3314218051093578
0.31216800896973773
2.2913116973244803
2.1993306449712327
2.2460282025102765
0.47738612354911253
0.30013014803629556
2.3079687983790427
2.286094636207251
2.262840552401191
-0.15023754572153022
2.280263583297292
2.2179217670766764
2.198188630211815
2.307794061968102
1.3246462792988742
2.1929307940580633
2.2484172366115236
2.288343533041311
-0.14329834067638383
0.9073837506985876
2.248215954034385
1.22298995735121
2.205923603275161
2.206657395177153
2.2268174932835336
-0.15705137359387775
2.1892889497232453
-0.15206233775674532
2.2485427366671216
2.2282561666350906
2.227875054890724
0.30350039331485723
2.2360016239458806
2.216888327275915
0.104356282218718
2.229247482080002
2.299638735393998
2.2014088900902262
-0.137033947738622
2.2734554881761007
2.2791396781584368
2.2036029720281167
2.192451760368302
2.227435269137417
2.24007809194989
2.257515760238166
2.317220369431554
2.2670371473446504
2.235652685789397
0.3060250527908205
2.2541661141021976
0.29577892445176246
0.30132936420519607
2.238131452717275
0.3075012365953515
2.1705022108147434
0.463908063398184
2.2014404406707206
0.30344116655828707
2.2108725241942997
2.2160940212095888
2.314453275109587
2.2261971609607194
2.1892348677704776
2.2466338478943273
1.4095007495837406
2.28107299265559
2.247422575548949
2.2619224256696326
2.199567136161547
2.214806258444453
2.2554022127995244
2.189799501104224
2.2143676580771694
2.1848789414958945
2.2040463771019514
1.0023370749828953
2.2386436581326317
0.8129591763387601
2.2195786270241813
2.199687346723819
2.17031935193088
2.1825522149872127
2.2159137641629894
2.2369845938800053
2.206462866948975
2.199204470552861
2.232629055155416
2.179605327387786
2.242023899101576
2.2292311279970725
2.2332748830256435
2.220169910855608
2.2440462766731417
2.277340595080277
2.1997242598187032
-0.15001640828871035
2.3144005447431244
-0.14290041376190488
2.2238430310990447
2.2420021557519823
2.211899008571572
2.2139220964346
0.02123189283376109
0.46521437594241993
0.30395752859006675
2.2220050555649182
1.338616204832972
-0.14938734143980725
2.164479100385582
2.187994725976165
2.2397515907422596
2.25957530852343
2.2519393280432234
2.239545310641252
2.2199119216739334
2.3134918469379513
2.225034934234713
0.6501904415988119
2.262152535013498
2.1958883723865767
2.2742586581032507
2.252813855940225
2.292571571306885
2.2637334011489623
2.223483869840143
2.2022941312913695
2.1846178174323234
2.189221070724549
2.204773967578469
0.8049620443874328
2.265592808163241
2.202416674625603
2.304925735490156
2.2762626982326877
2.16112319009269
1.3067479551619787
0.31422669894406163
2.2427501960231147
1.336894496351181
2.191744653144552
2.2373591998976554
2.2005711360265305
2.2815187581729965
2.270107885844833
0.8490310196882238
2.1942363161208833
2.173595071281871
2.275759327618592
2.206152255668473
2.244830279854593
2.2154674029161243
2.2268259445152676
2.229404578673564
2.2426003292229795
2.2442044367798872
2.292302165452217
1.2301122320681714
0.0395428364125765
2.2334645546139917
1.0195671205566579
2.243752954403635
2.3146321507829484
2.198578599886369
2.2774965487796712
2.2051853985700616
2.227596295416693
0.3019620352849366
2.235440933808654
0.29984928713167663
0.45750093374324396
2.164002813160177
2.3141526788951956
2.2779270468196153
2.2013964138734172
2.2798579579385736
2.2365703634866745
2.1971832688607162
2.19783752445935
1.3079290881881687
0.3080715372079967
2.2557413059705524
-0.14500768026281644
2.226610400848704
2.2001696605427528
2.2019324330532637
1.4193802757687828
2.200435568167064
2.212159277984089
-0.1461471648061205
2.2838243389985955
2.224873719356376
2.251549436626868
2.204728285072836
2.2383661277921183
2.313616994288697
2.270011233159418
2.2483133833569715
0.7066782157485489
2.2438989285931035
2.240044324975892
2.2332238117959786
2.2274500153691896
1.17866154434864
2.2332047979310925
2.220035315914484
2.2456771407545633
2.2734999022123183
2.2196990457365313
2.2073131758997317
2.2466640018491986
2.1979407768723345
2.190209219945169
2.1651126416484376
2.254860646288531
2.257489483111609
0.293795110179926
2.2063046320519857
2.2692723328843614
2.306882176775086
2.2044414532832137
2.2627151068538094
2.242260791910165
2.2382717170602433
2.2364740455960432
2.182956579480037
2.1826063554984425
2.1867253329382397
2.212820547966266
2.262715619118992
2.2031873203600036
2.2205889736710356
0.3036982850851029
2.2270847689053452
0.3039777055139534
2.3157102776487135
0.24310730471174163
1.3251887008010625
2.2352452705839854
2.2080373632902375
2.23356808996815
2.2169300104634666
0.29957027124979446
2.281034098553811
2.224020633539607
0.29978844967101004
2.2530658211991583
2.26582684024746
2.2078841531127824
2.2853715593791497
2.191803492741079
2.227757174582805
2.1892872101177305
2.2604721646408836
0.29716732176470545
2.237829025154946
2.188662082302953
2.2301438578858797
2.246387072083302
2.2470466926436257
2.240494842174288
2.24329215857884
2.22729709803418
2.193297405020933
2.2818457082815664
2.186381573838483
0.3069162064300587
2.2534577914481964
0.30523759152680774
2.2911016871838603
2.2825727741486497
2.2272496419027252
2.179090859584688
2.215766236871601
2.1852947139456766
2.244448644451555
2.2027666982426064
2.2191195277511753
2.178705912998356
0.2989641657552211
2.2426184324104836
2.300559803263181
2.250190408588603
2.2261808663847735
2.203183232250321
2.2467824536871115
2.225641774323191
2.17357488443651
2.2727776004168625
2.242880804172811
2.2291524971741215
2.2214729739814545
2.20168278907963
2.2099439799848795
2.286496518645386
2.3038734751303034
2.155357843963647
2.236295386983514
2.19399684174794
2.185132305878622
2.203617701524326
2.234191816525768
2.2096750625030084
2.204348496613062
2.277278193567458
0.4751643263901135
2.2812851110697023
2.2372640763927194
0.2923327727678787
2.2287077294805018
0.2995968573140449
2.187807528201182
2.242522758321134
2.23041784445064
0.30619150081927843
2.2830002141634242
2.2337601474103583
2.1887632368368166
2.2191676327365593
2.235725827021245
2.2362108489339114
2.2795404054457657
2.2329891211324213
2.213483758407727
2.1718245106777014
2.1852857171256077
2.202833888087585
2.2305889581617877
2.2014056884719837
2.224700219612201
2.309522614867732
2.1945688397903904
2.224045188457919
2.3093212462557298
1.007109124648814
2.190793822409491
2.232094033660996
2.2668085608842063
2.289615829557275
2.24437186292284
2.2841515342512784
2.314429247779379
2.2145280604754642
1.213788189570216
2.286556895336691
2.2546687905176888
2.2360249150570795
2.23491284534697
1.2282547989278223
2.24083684576709
1.2174228301044423
2.2187879053674653
1.30878519679832
1.4059624864606612
0.4797382336462396
-0.1445894592537298
0.3061598403561865
2.3122912408853313
1.2223832987991934
2.230449902000064
0.7783656436684196
2.2376834820313927
2.2321205421152195
2.185646138503117
2.2148714450654037
2.242330674105662
2.212692255118788
2.203371588947452
2.2002956757285155
2.254818712614677
2.2126672227772173
2.21017680657472
2.224615527411582
0.5724805539022508
2.1763136631561384
2.1768800865910305
2.246732339553471
2.2697595736029905
2.309752875896765
2.204530964672432
2.3128868819310173
2.1797421442701492
2.175480893850799
2.2636271300394295
2.255827933255933
2.206584149483302
2.1920920602972114
2.1897892619260158
2.1959757304969774
2.2154122074662244
0.29894660253257715
2.229813648384157
2.1675387218437607
1.1665033764860837
0.3041198318856147
2.236974613542054
2.179969609824969
2.260245686173364
2.295308550867808
2.2611063500571644
2.193055697804394
2.313552123857019
2.205601769475466
2.2349641923754144
2.1802169035835868
2.248455132328602
2.2870142171987755
2.2547903739315123
2.1810968946342912
0.30298588817884836
2.208696179221525
0.30261677249101726
2.1956399584223427
-0.13663474936355505
2.29495127057296
0.29711359629086737
2.225301566485746
0.3133152149762985
2.2508369520709843
2.169375349620183
2.3135744696304976
2.2789762741339294
2.2948699741658523
2.2331097365783323
-0.14206131948742526
2.244836869687076
2.2948228939958697
2.2256605982062623
2.1619904599623316
2.1862059529669
2.2349898975491183
1.2097666066917019
2.2333796926548386
0.30779969037083066
2.2286297374616977
2.2824956607159423
2.2562109369048873
1.264959882542869
0.8597191692622347
2.215686293705103
2.2022084541742175
2.2702948937269065
2.284442458063137
0.3035752080936252
2.275964474715674
2.30409556183783
2.1770149605153732
2.2054722547684857
2.198319149785406
2.276822321182901
2.2487572447855455
0.3506603291183592
2.2244881390997
1.3012142032477685
2.199431942369104
2.2233496723311363
2.2099327890926066
0.6546676066635002
2.206390591941945
2.232343220836967
2.2333716406977633
2.199991530657088
2.2566303454445875
2.26548601051592
2.2142068288973786
2.1414551220331592
2.3153295595869574
2.238838699108789
2.2496546897972323
2.2328551279770377
2.232122737950621
0.811472015901329
2.2191674163230197
2.244693351701044
2.2566623547531695
2.255898601856618
0.6517084723772243
0.22212760454783598
2.2298463929325383
0.9965089560810174
2.1935087811668645
2.315254694131366
2.257095754893403
2.280049430093771
2.243697698485944
2.1794625132500776
2.1757838959174465
2.1421458922389602
2.2077013438200304
1.2577767633773924
2.249516928159202
2.2481845832945355
2.1900082890370864
2.2267287000190636
2.1616511402754828
0.24798416705553178
2.2462567303487875
2.204984057203844
2.2518522906745106
2.2565387343185144
2.1872022285612784
1.3725113453766664
2.2583172639132627
2.2466556780120035
2.204113881905585
2.2383699702762803
2.2261844767603067
2.220535499825993
2.1816793449039267
2.2492707293195426
2.220848850252383
1.3147675537582626
0.9888049020829959
2.2313100238503534
2.240808422770283
2.2027949157659132
2.2648850948406123
0.2977239675112569
0.46993661984034646
2.2208422103165293
2.211213994136015
2.2217053766373267
2.2419529754650767
2.2232101034639316
2.243728777186129
2.2309904915993712
2.200791604148288
2.2280552631690242
2.2250469443211713
2.23811636658746
0.8482384750642468
2.2986753786901293
2.2687616555081407
2.246339095082919
2.238567347099562
2.2402795311530674
2.2469114158498686
2.199611944114249
2.1961724348646308
2.2287921084158597
2.261871845601897
2.2438468654255432
2.2452438960666403
2.231259007937604
2.2579437443902286
2.1512892432910844
2.2071742336486615
2.2166917795249876
0.9926341231967688
2.2286367615742972
2.2251505469938095
2.219998366454283
2.1787084733665054
0.2943802645785851
2.238855249704868
2.240191288299325
2.172062749025646
0.3085481232977807
2.1932681583463576
2.216842647466387
2.1757421607208065
2.218227848756471
2.212237625661765
2.2453329991017195
2.2479895556636564
2.1803290564263573
2.2350576447825174
2.2307478555070737
2.2378019121422357
0.3041708674625794
2.3052507043134476
2.1849594934501555
2.2143691762647117
0.47660693728513515
2.2802523126630097
2.2290618858724205
2.231372174914259
2.264766407812978
2.1763566476588405
2.2441039993985745
2.192285543637987
2.268213564218787
2.2346729183367664
2.214702024213742
2.280303549972352
2.1862857961308153
2.2889902382305007
2.2136337564601303
2.2107338533082537
2.222773399499867
2.272941777832602
2.168032557611596
2.221585015422135
2.216521258667562
2.1945889097699105
2.1993869236856023
2.205543333642952
1.18621204563916
2.1615678150939095
0.3057427368302829
-0.1436207013708793
2.2465593302211078
0.30537106014920334
1.109635744495013
2.2279124301902318
-0.05030204188612575
0.24596453515364153
2.2493445054416528
2.1879833271254157
-0.19927396662089059
2.1861904540499286
2.2852073924589065
2.26303388523697
2.1916413771442165
2.2379869262455157
2.287770647250899
2.27423700256254
-0.1420013950513318
2.2602152186223945
2.238152947424955
2.2378218629526025
0.2946170173858532
2.1938603013842215
2.2538911148105654
2.223100967154072
2.2690573523010302
0.3036592753681385
1.1931835951568623
0.29887888368737026
2.313700892142439
2.214057962778013
2.231571401768968
2.184112222195279
2.3139339081163177
2.187607809222973
1.2973615565494458
2.277603211531421
1.1681610367422455
2.220311421023876
2.2270925740211873
1.135908110600139
2.2677149015684526
2.3143881423790016
2.2034210681863993
2.206317611940965
2.223474381891278
2.2093051451485057
2.2552635933801124
2.1546167247298413
2.2762770909948813
2.16994163852894
1.163161498303275
2.1922067107626533
2.234844979395488
2.266451594376188
2.284030298730825
2.315863953846652
2.259842373741808
2.2895747019046704
2.230920549808835
2.2451777164619138
2.313763618009111
0.9432165666114075
-0.18872657090739725
0.5821255112038529
0.3014865355462978
2.2758293638880485
2.2325642288163006
1.3068787317115473
2.313175921951185
2.2475124767582138
0.04059930565563313
0.29536465181285865
2.1636373384432104
2.2501985555829833
0.2974440483730539
2.2551360941668763
-0.1492233759442574
0.3078909197159069
2.2020350122778183
-0.15165062106925
2.207347087925627
2.185571898101977
2.254289314372605
2.2830216771661425
2.1878731371471476
2.2427356698894547
2.23729263341637
2.179888841374619
2.1856325194432955
0.3090261493447848
2.1627166069958053
2.183521311388834
2.240054839589791
2.2401051830519547
1.1564138659899714
2.1818930812797093
2.2353019951253343
2.2014901013103763
2.228518676160733
2.2550533101126975
2.2868952644341594
2.232155790758289
2.1897649836374575
0.2627129602854935
0.680300348312822
2.1764725542707164
2.220067683010596
2.2259304154923045
2.181629235413248
2.224697737444063
0.6395804664258613
0.19129673964797975
1.3451729442213056
2.2041200442907476
1.06944747233561
0.3384251945335325
2.2216699018689123
2.2508998352885605
2.2452552104700003
2.240303172964142
0.5743952810654152
0.8225717189651313
2.1825327982637415
2.284137086612646
2.23764149992378
0.46680677282582317
1.3155663777826034
2.184651623802854
2.2120543882841384
2.2320438818815194
2.3005842679457773
2.218327786598415
2.223154209903022
2.229057447672428
2.2076047067671354
2.220984880516648
2.241730399997996
2.1760653240735524
2.233302464253553
2.254388350488607
2.22907299890285
0.2962403369222649
2.20421577439253
2.1875131780134933
2.227945235391772
2.256776228869882
2.2205499850247437
2.270853004053537
2.2868058481283713
-0.1530385007712458
2.228070960966358
1.0643047459743078
2.2621891123698337
2.201790912584839
2.2242180317646687
2.2269785548918324
2.172499671240182
2.3028032680480086
2.1894748595089983
2.301123379063767
0.16649895943965798
0.2946644312198624
2.184593220835672
2.2197850271737742
2.2372688398400804
0.2953284467455723
0.308970898409104
2.313748635500159
2.178396459252815
2.2578971156031433
2.242685705768296
2.22351853668234
0.37064520239358184
2.2512594665242927
2.283136180561692
2.1951860130550798
1.1633815595635768
2.1769891724942116
2.2026244052070614
2.295981868693658
2.315102088379744
2.2095432805103856
2.2596927152311093
2.291352613650356
2.314011677848817
2.225845206619164
2.2476035436477373
2.282816486279253
2.264622501354247
2.1478886227330336
2.1779972941523145
2.2855483822900173
1.2349949019695525
2.242784732973607
2.262556319118121
2.1873763110799613
2.313687552017158
0.30387897041168366
2.1736113206253096
2.199157542921003
1.2751869833874276
2.300641385786202
2.315293847507312
2.220521760021457
2.238057591673167
2.1853431416871754
2.218252708843253
2.201262800044573
2.229792663907942
2.2085690841734995
2.228267923118336
2.200310729454337
2.1964394251146837
2.279135592791553
2.185833588747112
2.3161145462624395
2.21898484587663
2.2387986606644175
2.2299873250687385
2.1940840640477925
2.1822826512377436
2.190424581105406
2.2437411951302657
2.281666593686391
2.3144854724154773
2.284897414424411
0.2993814797448675
2.269984830477056
1.0187485417945747
2.204927319969645
2.2012596580989605
2.2349439770816524
0.3030655155185764
2.2421244641588256
2.2217043173933613
2.2424381579770807
2.208117317693867
2.2145880378451643
2.2527964521847625
2.261584984390779
0.4861033545738366
0.3117994830279869
2.237420989159962
2.179674617680053
0.29896018853376854
2.210691664929228
2.157995967178709
2.246345631402871
2.2317076777174183
2.1921576002764556
1.2190214899878995
2.2970365370408645
2.2559338943314167
2.2100664280293287
2.196574413892864
2.1857694520105593
2.189603479489998
2.2591311679519555
2.247605557476275
2.308988640956102
2.225623385656737
0.3089653677849857
2.2340912314812273
2.2016405168838453
2.2093997793889546
2.1988927400405807
2.2727916672557953
2.264874117451779
2.211636065403672
0.30059613540987606
2.221562590935652
2.2361704172442756
2.220873982086025
1.3556576213422546
2.1924449143564813
2.224319629468096
2.159021574873937
1.3946607667024722
2.1907187050409354
2.3007502995045046
2.2739368050748228
2.3061711256582944
2.264054210326642
2.2588734827139687
2.2738267450647456
2.2242954980148872
2.1990531398053674
2.2474884999511398
2.1930442483709247
2.317367771823948
-0.20213286608780148
2.262725477515522
2.2601148629938415
2.250503423666486
0.5656151709553632
2.2814591247191816
2.2181568034701615
2.2913176611628474
2.222138614230462
2.2112230503309043
2.205185608597009
2.1816751941865844
2.212860530512704
2.220131643331289
2.199549962102247
2.216366547414961
2.2535877321603053
1.3963492474296335
2.19419468759486
2.1567521896613044
2.172402596016524
2.2508083864872472
2.1775090067401375
2.235134500140992
2.2948227583812226
2.301049263226841
2.254938229063134
2.2753298501543653
2.242158066028651
2.1814068957040282
2.274633525910899
0.3004509901910238
2.2473828303804075
2.314229541922633
2.212560109311098
2.1977207597394117
2.162638754134517
2.2006753860927795
2.1934570438837806
2.1948998230798313
0.6497343268515319
2.300586385735124
0.30290527161231484
2.2733249894583576
2.2118456291837854
2.247137667049166
2.205968664585723
2.2160887882760663
2.197512788376341
2.2821551560471187
2.2228630669192597
2.2620345631855154
2.314974669102737
2.2348086385695622
2.181306068958076
2.260695586922382
2.1787626719590056
2.224666274871612
0.30106950223010953
0.3094412564030313
2.16966018031543
2.190181441054093
2.310679895094502
2.19904066690794
2.2413197939147245
2.218321883891262
2.2402793365071094
0.2658020390010914
2.2542437934315247
0.3056633032424794
2.2293122858391374
2.1935428035440756
2.2024618789988946
2.199417629515683
2.316250404722874
2.217515647183201
2.260086500458989
2.237324006819515
2.2649440622532167
2.183609295372338
2.213544543746706
2.2657913086923713
2.2511611781755527
2.249143401554511
2.221235376937411
2.288494242182333
2.2244114533830412
2.2283679138384063
2.2806094186193167
2.3092073249257434
2.242896892301669
2.20505586006165
2.292324557047718
2.2259817712852965
2.1914670007316626
2.232930266425447
2.1712332743655045
2.252401394092905
2.3034231132882477
2.253761390367909
2.296250782049566
0.25135875231301996
2.18303741688751
2.2555110484348786
2.2140148798265495
2.2547442220460754
2.282938564119709
2.228628125722349
2.2406493438023527
2.2181930760850768
2.204773607043917
2.2843576236976517
2.274505740843919
2.2441147526900442
2.2591567372348798
2.1953446622103483
1.204448494965034
2.223802863359854
2.234563696249407
2.2673013554304244
2.2455040281339826
2.265030210176244
2.3144026681838374
2.2252813583013022
1.0290602667633237
2.229950505426075
2.2158553460403807
2.215421872065577
2.2120247052248194
2.1962317743725457
2.1849723686895484
2.2212920189063636
2.1863562082481316
2.280830272991037
2.289761293200684
2.2236916483991713
2.1633473915689176
2.20109610834228
2.235408187326905
0.5379948021778772
-0.191909384975117
2.248633122256878
2.2714308253878164
2.2610415913329787
-0.14545819655821318
1.242505388155628
2.203663121527825
2.1929139673621356
2.312484319272616
2.2739719167034504
2.3094224004626804
1.2325117031706772
2.288033462808616
2.2789304683477396
2.245158332865522
2.286394864003364
2.270251272462452
2.2486386018568743
2.242001801916743
2.2399350777790215
2.2500430215164315
2.277258978047435
2.2302158890556365
2.2559049508612237
2.2448915103038893
0.9210999176507662
2.1914111127045945
-0.14137665462448418
2.2550748036469024
2.311709993954909
2.231846949587437
2.2164520291945116
2.3130047616381555
2.2365299491820148
2.20220668260748
2.192705726350309
2.2953999419714535
-0.15082406344714264
2.282329234552517
2.2143259114138205
2.2587909920283344
2.1839074571563812
2.220934521972938
2.2993072893437345
2.177786380209584
2.208275552466141
2.2778783798275177
2.188892552445987
2.2537843835273974
2.1977975328331665
2.183454947070304
2.2911347257129666
2.2119284682673417
2.17708904693575
2.2439975203101783
2.2352185537462974
2.2890264450883846
2.2443009952199757
2.3003860332818107
2.2383002183489067
2.260936850847141
2.2296945864331392
2.2459015768135004
2.262698950147628
2.2069950767734117
2.261667396804145
2.2043548524762127
2.260689746189432
2.2054253427742667
2.286728241326177
2.278831825038704
2.311170475765544
2.316395664556151
2.24865084479934
2.260840245022376
2.2317769218327874
0.8196606015038007
2.2638227463641445
2.2595936988993213
2.185021110470667
2.214739108776614
2.213928243470626
2.229279220793356
2.281694757685419
0.2961756195114516
0.4407213575172366
2.1581060387305353
2.2469676499103675
0.31033711117114393
2.2717147236766673
2.2413190471026034
2.2013591147186427
0.29703595421728446
2.1980771713563696
2.294945465908979
2.2801445921942713
2.296587717622933
1.2469441816063447
2.2005008515989672
2.3001115129484577
2.309395307023821
2.2413006989729425
2.2154835282060494
0.3109201618049625
-0.5020932439637775
0.3041022059467515
2.1525417420162896
2.168807075546006
2.1910021215236677
2.247434057355683
2.235097464177863
2.2311126351945694
2.267530053599533
2.2196700389049364
2.250356683494742
2.258401842387423
2.1356958849749024
0.29907378486236913
2.213975433232269
0.6619681582800986
2.16398486917579
2.2491355626977576
1.291535255708238
2.2514251438004824
2.201445663181565
2.2235130857001257
2.1784805653074693
0.5016102475767531
2.20159775306809
2.259613663079172
2.245081209216024
2.1839794718418446
2.175771744519819
2.270037147929642
2.273499334863743
2.1906269264771905
2.2021642351430604
2.2185684735794258
2.309325501756606
2.2488858652569443
2.1896401288128455
2.1966280463942915
2.226638427235471
2.2942791392523105
2.242250071497728
2.2232630650079153
2.2287490586706555
2.3109919622635102
0.6539273012178555
2.254534394390434
2.19513632843396
2.238435962607885
2.2391783133656658
2.289367755717007
2.2378905822813175
2.2237704393782938
2.316936071233964
2.2501781911848098
2.2083341758081607
2.2689451700971732
0.31378909903413843
2.261508349495395
2.236172953730035
2.1881771327834603
2.226220092386216
2.2723589840357756
2.300639629089157
2.2852454593972578
2.3005758579984477
2.1916864483800182
2.234911503237419
2.2549036625024734
2.2047864176736045
2.2192207960363186
2.2205980261043234
2.2895184812216915
2.233899472226166
0.29958623369938125
2.266365173026461
0.374561716276476
2.281091406679721
2.234375757594734
1.102588320941281
2.268231835452765
2.3178129357687665
2.2771633989242703
1.3346699484115574
2.1820114495415255
2.270496604275362
2.2187110083602124
2.1673100588933147
2.169043067123145
2.3153130673568745
2.2307751795535564
2.2403254243758166
2.21366587334518
2.2866856455707354
2.248488376693672
2.2630065425776262
0.8357904628406906
0.4632700304168348
2.2022858926043005
2.2128843855228872
2.2847309790536174
2.163464129958717
2.2096803409138897
2.25156410891174
2.204490386266408
2.2691710424913207
0.19428203953117998
2.2469961659435715
2.1711449338593143
2.2547405092550297
2.252028817058845
2.2329672564294345
2.246577420688863
0.30528143175087197
2.29124912866281
2.230386397831041
-0.14231088055316307
2.2312837759597737
0.2962642554726577
2.1693846775244148
2.2882965277442517
0.7575008758246526
2.218603293508659
2.2774577833714575
2.2588900379320247
0.2970637057047565
2.201362512019416
2.2575572559153345
2.1927600093983903
0.2938766864641968
1.1166024030950377
2.3031150016801787
-0.1439450955993768
2.2029437143565245
2.221624956510999
0.4473982860494121
2.2669815013759536
2.215611796202519
2.3118734425508913
2.2024952583336335
2.310525303900002
2.149457948672332
2.311289631980281
2.2601115419866282
2.2600272956233645
2.2980403934520277
2.1966983576613734
2.258961717534595
1.3150409839577382
2.223103211486519
2.2291183326082935
2.254671508562817
2.2458655047312495
2.2106127202581507
2.1974212317905097
2.136861754926218
2.190821895883551
2.2127269841362973
2.197882508412114
2.236651354882424
0.3027293294651798
2.3153034972552256
2.1814857524147673
2.2443258936853105
2.2019987189629746
2.204194153388616
2.1770043058846014
2.2182483999186964
2.2613986771436454
2.2041798241358466
2.2545296081967896
0.423965190013834
2.2117128162637227
1.1238713608226263
2.2463584510446597
2.1761182707765987
0.804240734969959
2.2236120159526473
2.2072291172567255
0.2970844125546642
0.8520503992455868
2.2190192578566545
0.29889785623153153
2.210984934909126
2.2442998537720342
2.170552095754219
2.304152451457858
2.2223965585132026
2.1928312534850747
2.2298678520403037
2.248194105174366
2.2059428125552936
2.2616532075752565
1.3446719083013672
1.148255977367445
2.2157779103032156
2.2249927973711427
2.2640397567483137
0.3775426734642455
2.220877304866959
2.1867989367056193
0.5507649993773135
2.2339321256283293
2.2152288993106874
2.282112696670268
2.263454993414361
2.247968617589983
2.249585737197272
2.245152944190293
2.215646004692772
2.3075757264657315
2.227819272881506
2.2672147349956466
2.2494537291842036
0.3136597469667869
2.195194935955004
0.9825681784374027
2.2320880549277344
2.186621520368039
2.3132172472416124
0.6372205259379662
2.229293760519485
2.251633053189731
2.215376468755535
2.236883889233971
2.2542788332635952
2.229002617008773
2.244416098829216
2.1956975181159617
2.21779664119606
2.2391183098319107
2.2228474903904174
2.2406663043312434
2.183857673095253
2.2450630400204594
2.2291057414025772
1.1962608793116576
2.2298174126752626
2.17172250778081
2.206605146879352
2.199071459848943
2.263947519277422
1.0348536134894948
2.2318530216237273
2.216048160700158
2.2522664500637446
2.189777937935479
2.232466495642598
2.2382996888792794
2.253620716133893
2.150800952481217
2.2169411155259944
2.23800903939937
2.2288304300713717
2.2784898298615293
2.2058838373406044
2.1882871882797783
2.208654684674511
0.8272020581181792
2.219564386472521
0.3008271880009174
2.210227722973062
0.6604634945271934
2.2037238628098
2.3163369868882113
2.2243514932708033
2.231263920903732
0.7274123860977981
2.1739753789412557
2.3088537522119985
2.2069141212348935
2.2720184380364685
2.2874090913599803
0.4132521938490006
0.30244883750582463
2.205062207648355
2.280912650919041
2.2917972248909337
2.2207718655648687
2.2088543432841137
2.225422470316505
2.2516997047897283
2.2305345220671664
2.2202244758562513
2.2177739277009163
2.1659098124403355
0.3061421296258649
2.2058979300733834
2.214065307641807
2.2280892310941405
2.242086048516066
2.234798055482186
2.2561412846976054
2.2102773799747126
2.3128948776022558
-0.14489190491019882
2.2384982584323905
2.225175978411955
2.171899906171502
2.238190886892277
2.253212212815483
2.193665485127607
2.1887782884735407
2.2532067675242344
2.2016661141842566
2.308582448086195
2.271842974115142
2.268056728313965
2.199445445821386
2.280013498594584
0.7625232445894191
2.2883745354362315
2.205101712676413
2.1955512376871518
2.2559654138530236
2.1913840535315354
-0.14511629254838432
2.2292360172485353
2.2025073608645735
2.2261164098679638
1.2191364743766586
2.196361568235569
0.2985304436996137
2.257946912461317
-0.14350507335396934
-0.14206629440020255
-0.14688861504512957
2.249071953249833
0.4797459068606722
2.2688273291914136
0.3023192743966361
2.1867738672773984
2.2198247168835983
2.1888536599408672
2.1684604080949947
2.233020276022247
2.281735692039711
2.2493854773557187
2.256937897162773
2.287705456039866
2.187917079755623
1.2343234857421455
2.2680575421947236
1.0816577875019817
2.2322702930100053
0.30008896443116895
2.2577576032551634
2.2182042543295952
2.2583074996996633
2.248101793895046
0.311129217853138
-0.1525962119179397
1.2420063858861283
2.258735997861847
0.31192980255002567
2.2159447530877694
2.27427693528142
2.2227277008659954
-0.06493333948212898
2.2331969972026253
2.2066613245511038
2.219612315469697
-0.14295116288952703
2.1817739465178683
2.2347366008725933
2.2339021221852766
2.2168097200792154
0.7912547838383635
2.1927512195168584
2.218815991742389
2.248725821371511
2.214878630459672
2.2429202056398156
2.2246497063605144
2.2035184466758375
2.2306623193195216
2.193621035336328
2.1861903993715175
1.3600359603406327
2.2001278363104064
2.2566750570395326
2.318301427148637
2.237268919726846
2.1920781959728135
2.2169158648546334
2.1770845845983464
2.2582800752960175
2.3104836620496245
2.2621091931414883
2.2628954896331166
2.2379779667498383
2.200366017829652
0.3047978943983395
2.2485963811199374
2.157423228720217
2.232236488545511
2.179051730954054
-0.1453893350567902
2.3129037763289197
2.282342416955244
2.286314907579915
2.1968028979899232
2.22419201908173
0.684973820928375
2.15733276055321
2.315653812804868
1.167794337551831
2.2885651644021996
2.2809240920063254
-0.15433080844843422
0.6965970849927197
2.2815882864847983
2.233369967090376
2.2041855403610633
0.287815118306616
2.2451018660630693
2.1941306767792494
2.189229647079055
2.1853584468083787
2.243024247932542
2.2092661583093234
2.2104750601432435
2.2587931243467687
2.1859949704460835
2.222037606321792
2.188568191210778
2.313241078205386
2.2363183605178607
1.1877359461663777
2.2734868535460295
2.259648636272493
2.228269876627813
2.2511418017786196
1.347077697938744
2.1866324233749315
2.3007642173825262
2.244898618928762
2.3168769178057333
2.194435629200256
2.2439611022189174
1.3621154216453548
2.184233981590114
2.2216570261453503
2.1840503982323374
2.2289094219256653
1.1378674053526663
0.15193620132558608
2.208418881070361
2.2453743574372944
-0.14258031102272625
2.1927124263079434
2.2812717592624128
2.2298959131764264
2.238829093569331
2.2670668568293424
0.4022455744947777
0.07660605991956984
2.236790185321932
2.259256380943216
2.2447939386444595
2.235447699087493
2.224904666366071
2.1972848578865447
2.220797938559076
2.2320150834464343
2.229262450670162
2.2106524506600786
0.8690219576045703
2.2159575161129754
2.1956507018364686
2.250182514371054
2.2169319478638627
2.203181456363388
2.3121352432711735
2.2089386012720897
2.2286444103603813
2.1933323774251314
2.177406002484582
1.177149021617406
2.2375368843963903
2.1994243181167494
2.254526075594169
2.228715161498955
2.2423739294431364
0.7080563498609348
0.32016332025259625
2.211905799130495
2.251677705476183
2.307310636011253
2.1670292645802656
2.252830626156853
2.255513866243807
2.2460945682270985
2.239341459424203
0.274866290862826
2.2100407960165835
1.3969817171121215
2.1756075231208873
2.1984210389310586
0.3048761965719125
2.2357066133777064
2.194321202242775
2.215908584076738
2.2491340491139153
0.2985658467075947
2.275373222591602
0.2975171983503593
2.2727594213983595
0.41500831284951567
2.129889736855408
2.2009380888257875
2.2786552413880385
0.30256341397602904
2.178523656908
2.192530270452737
2.210909859683233
0.2991174261773445
2.2311273128125935
2.2294908972392258
2.2013454290993355
2.257096269360824
2.2803847928613243
0.30811688008957777
2.2392169478438793
2.2675241650067877
2.1882717527612585
-0.1522924626095009
2.2628184682613672
1.2737679278093816
2.178926794732493
2.283025113560377
2.3126857161912433
2.17644658520628
2.2421849736760935
2.2056335322692857
2.232923780814959
2.2201794893856945
0.47359758565618415
2.260314267888807
2.207837469930091
0.8343271421667293
2.2025112556617956
0.305522017964146
2.3155989467593407
2.215265788038165
2.3094177836948706
2.214025232508166
2.221845826992714
2.2234005047834926
2.2208919196254664
0.7911439187768758
2.266010792720129
2.1817116218426054
2.256092662666618
2.2439654378031064
-0.14615337878696674
2.248129447965173
2.2291344716844295
2.192494413427249
2.23691170089693
2.2087511470583836
2.251858021691974
2.2374160440934885
1.305333957523854
2.2275916891531793
2.1924602047129578
1.280405357413489
1.3285942680299547
2.2957125085694687
2.2854122898462554
2.2303993201188312
2.2096717135074884
2.22677118078754
2.2027130888993236
2.179797267383595
2.2416930495580827
2.251362423825867
2.257672136088198
2.311778239562252
0.31142907907599604
2.313322216671414
2.2133479604762094
2.2032400021888727
2.2442001677468144
2.21896121368396
1.1116726624543136
0.2979730525754707
2.276628324703753
2.227497649952081
2.1947492819579963
2.2764003243471365
2.263398912959346
2.246772363180396
0.647853515083669
2.2073871733210693
2.178774607894737
0.3095629439243533
2.2668196833122707
2.269876185770687
2.2097006987179366
2.27891018783654
2.216173009212286
2.209268945801944
2.139355692939008
2.1780519249061796
2.2825640960445073
2.229752843395389
1.290551588436408
2.185344645030795
2.2088727782249125
2.2006300583420533
2.237349171103401
2.181531206154219
2.313485038229358
2.18264400971613
2.2080224075774613
2.2378134917593586
2.204180798855612
2.2095805929334316
2.2818012971625126
2.2300488518606065
2.2568272906002766
2.235246149589544
2.1871083077482645
2.3144686558072234
2.2727273439646223
2.2005834681718275
2.252089252774222
2.3153871188892445
2.2045184330653824
2.1691586721905636
2.189316763699294
2.2526642490338142
-0.15139592344340588
2.2698894273442964
2.27194335895174
2.1772828922245395
0.2986783077057163
-0.021450911699922526
2.226484277583979
2.188511907463487
2.2517241967414745
2.2431625052363353
2.248701043637499
0.8064300412758064
0.2986128528472044
2.2350204850278663
2.3144971923247804
2.2632368291698652
2.17271386441488
2.1721230750235065
2.1787709046307304
-0.1517784085275437
2.2956684116580917
2.195834941264201
2.253332946250898
2.1991785102836783
2.2100949217145702
2.261112829702445
2.2427326369357123
2.219979614109036
2.193022370829648
2.2534452081705494
2.224459311163849
2.2047657027436545
2.217597016496474
2.2517614675012716
2.252319189646081
2.1929356564822644
2.224986468569453
2.188106503187293
2.1615006309607017
2.1721626427703726
2.2224577051522902
2.2077442371713563
2.1892797005128175
2.234869333382005
2.256660385922609
2.264546120771415
2.260066300943598
2.2444372597715088
2.2949488301685035
2.191177928601109
2.3161602991641854
2.2450543563149274
2.2081834547101895
2.18822032211866
2.219263505957043
2.224785942457734
2.247571589018918
2.1994545619093433
2.2878785269280604
2.2254529656912787
2.1953364291896538
2.1810150366121333
2.2853756472209863
0.8001681297736477
2.2977237211560233
2.172803853659457
2.2013836964998106
2.2876590697839196
2.2124386159814375
2.2148158728246954
2.174752450651113
2.2221614268026535
2.171295308405127
2.3139980902105233
2.3087961768510654
2.223490843015296
1.1428048046629886
2.2127351362077095
2.2968330261863374
2.233541124853835
2.2523662566847937
2.17571742034536
2.194818125770941
2.2379414705858105
2.246045517143277
2.2025109354399963
2.1952429099748985
0.652610456513872
2.247979778465191
-0.14193319788418632
2.2994923363598385
2.2012207534934842
2.299875073517826
2.2249928938859758
2.2089837534986074
2.2820208192639724
2.266069447207717
2.215160050176311
2.238671593031319
2.253116462976756
2.244925617562286
2.262679143793827
2.2810038477534427
2.3246159791896033
2.2222026670414143
2.228261382282846
2.244249872618995
2.2811352179870026
2.179548575077696
0.30897870713813663
2.255733152760645
2.230546254555321
2.256661487242683
0.31018956147790416
2.316948485652703
2.2342235112758897
2.2426728968208005
-0.1485428652837955
2.219533794575902
2.200319225673227
2.221652109001463
2.24336089525292
2.186359833540683
2.291196650016241
2.301802183136248
2.2018620159114652
2.2217682955152496
2.236250144036211
-0.197322813282606
1.3636774680863033
2.2416501102921886
2.2023594985250967
2.247012224004867
2.238375289050616
2.255072537116078
2.2700022951448307
0.30231311472158695
2.2910859016594167
1.3175919781221752
2.2040081497361985
2.2143005916861256
2.200452329289393
0.8765038867298129
1.365372622756546
2.2580776113256285
2.2299575152998847
2.2767694415119175
2.246237419171438
1.259262375259684
1.359302534485852
0.3116670882861751
2.1940588005678014
2.2458120512471536
1.3521311319963776
2.2369033019392086
2.2157471282987755
0.6929401377589671
2.2205105987684695
2.3242612707261845
2.287558551291023
2.2582041424610138
2.2221679060703825
2.2744370462833943
0.3001424499637161
2.276638732063107
2.1930102335375636
0.21875008735474338
1.1771653687830195
0.3152373473564576
2.2475767848412183
2.2957013396368717
2.249316786126973
2.2255899785935647
2.2576507738495253
2.230548977317054
2.238311518223167
0.6089869940977009
2.306241048523545
2.293947172383972
-0.13898932318992288
2.212301998452381
1.215554525990947
2.257527380361529
1.1887615385546269
0.3064379440472725
2.2341001958652136
2.2459552495280835
2.2613192660951826
2.184407624654907
2.297801045490645
2.2570022716062397
0.30192861153637596
2.313855038884533
2.2021878438162754
2.267789652769879
2.2564363543350128
2.2152391434405314
2.214243040660188
2.267748135854533
2.2460670527141477
2.2329574698805637
2.323791456154289
1.1940945780495114
2.2515906760781492
2.2000411979073857
0.43175595834792524
2.2193041546499455
2.2010264783293483
2.2017499140879466
2.277772049727082
2.198706382358682
2.249630347523259
1.0615104816900642
2.215400142990609
2.196806672977889
0.31274488963431496
2.20009352751868
-0.14315719487285647
2.196081284013875
-0.1422968002865147
2.1991704648909454
2.2707003529257976
2.1942236650005627
2.2235503170360325
0.45930313027695285
2.247070541262565
2.253353028198881
2.3021565586778623
2.296592476842765
2.2421503459646988
2.2540343708888275
2.2328099610638015
2.307242235671307
2.144738867975132
2.2730785105883333
2.2663086001017607
2.2373165036485516
2.3102782523966052
2.2071624993842023
0.3090179498287719
2.235195249009662
2.324594226086476
1.2730409667581752
0.30917893012407355
2.238107318244437
2.2595812106166315
2.2385362952548107
2.1734940067660062
2.225665356511926
2.212002852061995
2.230769478364394
2.2330855934294735
2.2574492884417094
2.2415699741887325
2.259929725861925
1.3645447309479348
2.3158892343274156
2.2138355854361005
2.1898333458253125
2.244428670305393
2.194267849197141
2.2245914816039125
2.2447615931746907
2.1876054826492934
2.2047047429137683
2.323816549204392
0.3021239949257116
2.2542945607492926
2.2452522967484017
2.1927540448833738
2.2650290121779264
2.2398595249234594
2.2004875462983895
0.3103053762433688
2.27134312057863
2.1989165626255436
2.3213282199879695
0.30180569541079044
2.312963297971917
0.308524534588506
2.2159548274409167
2.216150772807219
2.2508636295059916
2.221069279853206
2.2821932222337487
2.2257193045613217
2.1848821991935163
2.2141067503571774
2.3078514771593754
2.231419937300062
2.1811829116956227
2.2419288789036362
2.232611021862508
2.2948361485127498
2.1864569957806643
2.193323532609757
2.2011393311943164
2.256877955627165
2.212258271708394
2.215612794642003
2.2516389145687956
2.2299769160600027
2.2237174905626667
2.20304407565545
2.1786182101726963
2.226150059131327
2.2357309523575335
2.1937998210861114
2.2167139751597973
2.2465635560208885
2.3148244984230413
2.239184710484924
2.233628972006903
2.2182494547304903
0.3054017883693194
0.30513400097909693
2.305519022664458
2.2101921286891986
0.30780775068598365
2.2697620049746066
2.2253503759595534
2.25006768732608
2.2883759113609243
0.703838135345668
2.2165923918417496
2.1571360004944786
2.2519737233413624
2.2809834246317577
2.277564667147413
2.194274726716148
2.2202577242681363
2.191217270756297
2.3048978616087687
0.8766173237190955
2.1947612917968433
2.196193963435598
1.181507424611313
0.311345136563559
0.8236282957880087
2.203547925193701
2.231896674220196
2.2289195142476608
0.3114762370501536
0.30584840482805603
2.2377321791956284
2.2434459579177464
0.3077410387227453
2.197012030415079
2.2546081748610574
2.2671382082001017
0.3080668455391328
0.3083302886847361
2.251731368004462
2.254521177417227
0.30841349893631276
2.202506098588445
2.2383981787322065
2.3082614321854407
2.323624794026241
2.238641322379843
2.1905450486963387
0.3134068185493779
2.241060209837764
2.2555775182553086
2.154955705963043
2.2404885557855088
2.23260012756884
2.240249628924591
2.2486231269851524
2.324403391242084
-0.1338811837720448
2.2390971197981124
2.2365303735801874
2.2342285909135238
0.5177139133759212
2.2127641925489385
2.2237653297709947
0.31156831729142015
2.1835297916383736
-0.148731012295794
0.2533894520993691
2.24849965126811
2.3263954117771424
2.326323382636868
2.1890574181939724
0.9810787094043375
2.265000793773605
2.265435130878653
2.2531805477151456
2.2861794870312124
2.222022339597298
0.4716748689023006
1.1651958115142274
0.8732233537821377
2.314653926756579
2.2121296773146746
2.2679350912741603
2.2343327925249907
2.1843735480038795
2.2729102038317164
2.2793933030156834
2.3199886701669263
2.2331309201163694
0.962355617535235
2.250200713794242
2.3223577629120986
2.270536715247881
0.36084774803684966
2.2444450577421993
2.3002379267234456
1.3874636276432222
2.252834585500789
2.236717592699535
0.30662808494936544
2.302359386210915
0.3035955102926952
0.3135894220486788
2.232061401763952
2.210563044352549
2.181126216050918
2.2898064091557755
2.2255183752328627
2.279938630679167
2.254011361834716
2.20443599999883
2.320915220814191
2.2340033949935636
2.2962098148556613
2.2336771809736033
2.3214959205758774
2.2519990623313944
2.2882739262421703
2.23077547185096
1.2203386857856087
2.26279008483637
2.2584828804133394
2.2362606823382345
0.478725925653921
2.2281463807554647
2.31146358306124
2.293036756071894
2.2302433299945763
0.039452713068640954
2.2791721423429467
2.308228689257052
2.324290333677318
2.205377927552254
2.304618561253094
0.9648110586464188
2.260180033928961
1.3809360531298243
2.24833938106854
2.2157260741486997
2.2505511898465533
2.1865965267797565
0.7071102981460449
2.3108683708196613
2.2261104539208088
2.2426998887865084
2.2411070723051507
2.2528040195075762
2.2318301736430013
2.2371011968812304
2.2328100653131138
0.3146344695942249
2.2090009952681164
2.234832017618778
0.30086351425966007
2.250482181523196
2.293221635311849
2.275587378736947
2.240967344988583
2.2541767289342114
0.7656053646151786
2.229858590332572
0.7690907412928515
2.2072413631227166
2.2231975884055704
2.2863180009901067
2.204025696532897
2.1784802842226574
0.3152242896930594
2.288282780769955
1.320858845885348
2.198910993608149
2.2460369086294127
2.253057453354438
2.2227909593052906
2.2275397035773983
2.2070156316345937
0.8196319333399547
0.8194828907753808
2.310521835525042
2.2154829838323016
2.246262722728999
2.227147105347057
2.2626292375316446
2.2306771549375974
2.3189160763389864
2.233521213431118
2.239598582239787
2.191383553175171
2.1933117258978942
2.2720214070078555
2.1940042302078373
2.209348597019124
-0.1478732431459482
2.2353927280222257
0.9772653508413759
0.49332022537752435
2.2176655803734344
2.3198930406618006
2.3072215876130566
2.224070709963597
2.1986499707056426
2.2424507328117285
2.210202503790242
2.2712358049687627
2.2391986650405586
2.2191063619762046
2.250313011620166
2.2478972166839704
2.2135918845209064
2.300526322625942
2.262223812770012
2.2169939917498804
2.2530600759517116
2.24006497278126
2.238341581783631
2.250754059849078
2.2461986205617044
2.2566430373366426
0.4777465748650775
2.2213157450147483
2.19549943399271
2.2087981678468793
2.2217260813818847
2.204362577303356
2.21482746892866
2.2733599832244566
2.2972310035945096
0.30529190634548786
2.217393192624733
2.2639582445636726
2.264332212034544
2.3219766469509238
2.237575134315566
0.44013524814345717
2.239268984940079
2.220708530089383
2.2580294958545264
2.2299536621522815
2.222461684642421
2.2555205750069947
2.2267579467541405
2.287308837402979
2.3243615742007746
2.202504394694681
2.243011839921291
2.2276124124036114
2.2479659001043446
2.2341337038501305
2.2185778839004677
0.1857986356667033
2.2000823772429285
2.2266928705537046
2.2021996440588016
2.2544097857124386
2.2238057128427684
2.2567954550934957
2.2165707019924574
2.230950447742936
2.311673982369374
2.230298383952957
2.1580975561368603
2.228073787405303
2.242330705466397
2.2520433478169477
2.2115931856411803
2.269365097973116
2.184123881292927
2.310261634047786
2.245231254390879
2.2536633469172305
2.2067176337784606
2.266453791094274
2.299968832768907
2.2407382739723296
2.293317125821196
2.2962057172584585
0.4226408550749988
2.2279512788712537
2.2781824525543057
2.269123197900049
2.1773871311289508
2.22871427232147
1.1786280153950344
2.258743553978726
2.2153174765052226
2.2249471620487937
2.1645851196212256
2.209770425954205
2.3125572249933866
2.309562644330734
-0.021483556152870342
2.234372048623232
2.2631149047436714
2.2019684148486194
2.201695441568761
2.2380884921799966
2.2224287058211427
1.3313870377846717
2.2357775837575686
2.2395918977668465
2.324233618229556
2.258716919406629
2.3221869528793153
2.259328821791226
2.3220169773218613
2.227755881917573
0.3113044791577785
2.303733014215614
2.2817878383572174
2.2307810318095997
2.2489759150177617
2.1977856857251887
2.213026665976771
2.231085398813291
2.2197782173467484
2.281480312567951
2.2594655924443625
2.3248528463759732
2.2535629933182015
2.214150808495245
2.3203258620077065
2.2412064785845245
2.310483690682346
2.210943825348478
2.2168755950005314
2.237782398519526
1.3828913126471236
2.3098794709007704
2.321215638610706
2.279298303415082
2.246532638973902
2.198632707985099
2.2041421768337295
2.1814412760202737
2.262353337950053
2.214760957113935
2.187931328943275
2.2004694963537133
2.257263589158044
2.222248692575144
2.1938965074255434
2.3039509507756426
2.307314252351818
2.1708097808746682
2.261452605090234
2.2262100516809147
2.2479939795620556
2.245403173942922
2.2817324001159034
2.318975879587877
2.213796252892445
2.2683348206452254
2.2124406665861382
0.6763874337991439
0.30399398625147933
2.3200194577074793
2.289239266615834
2.249655467485244
0.30193760680149273
2.2060445629806034
2.2123899124423576
2.2462075348818242
2.2640597220456207
2.186142581584754
2.289624859023121
2.2983829001009304
2.240828784570996
2.2822853416928233
2.2730409608129767
2.2415948447306824
2.205179927697862
2.2585434316896755
0.8300659411716255
2.2602289877782455
2.223143658256031
2.203605845923132
2.2435720853188412
2.2207360305468176
2.2307584890168757
2.2428743279619607
2.231920087719178
2.2256085532343155
2.251187965510673
0.30134432642636194
2.1969920532589002
1.3716504896068695
2.269720860165486
2.196412994594319
1.4275834566406884
2.244603800032884
2.2676495176505425
2.263708397017907
2.250940129630766
2.233117965847081
2.2121273459450723
2.2318002268615413
2.190975963469186
1.1437325637140652
2.2036238153515284
2.1933930690335117
2.2162065320734596
2.2068144394399103
0.30525576976860247
2.283369057315661
2.251022074417636
0.3110733408574771
2.253751654712385
2.2903658192698986
0.8539065253935092
2.2687317318082663
2.201592537057243
2.3243261119718204
2.230562380073593
1.3740225107865636
2.194451442982295
2.243542864441878
2.196085287089779
2.206169976932613
2.240351585184822
2.255633922723268
1.0372633319343907
2.2372603664870683
2.2261184752125596
2.320378548795352
2.189147958938662
2.1938162384793274
2.23548728855785
2.324992816665688
2.2116139550132963
2.2352567476445424
2.2596872734262594
2.192658072973326
0.30104680751061347
1.0228861934897786
2.236391505351095
2.2660564216731807
2.2156155034133276
2.200601054348758
2.230410073178172
2.287578380510048
2.2302226202190685
2.1826758639072015
2.20437070005751
2.219933447592484
2.3232555637143886
1.0010497393331594
2.264127075960881
2.1764398639717655
2.2796107029360364
2.2000877355316484
2.2567484326322003
2.2307881479543106
2.2263072800676498
0.31426730150531323
1.1753811252726392
2.2745663719399496
2.2765844866155636
2.231707699590835
0.3003409385923745
2.273742549668417
2.2054063876882317
2.22762962620494
2.2632319453425445
2.2111366325651014
2.2272715878692653
2.208221962818623
2.2171807279034597
1.1490824374883937
2.1975729508827953
0.3147140930034148
2.240197886631237
2.312163091216183
2.206702171860734
2.194977156096506
2.2197999633772927
2.1681270380030027
2.2060286075058384
2.2942108735016973
2.244429084135003
2.21993851426717
0.3119948898633508
2.305134482268967
2.289222592213211
2.2178907753517123
1.1862659978804913
2.2795438494197704
2.2674468233943434
2.263754324732976
2.3204941637161185
2.211747532093366
2.3175645345162654
2.1778761799352218
2.2973370157802764
2.324562050491189
2.2060396213145292
-0.13491075151211449
2.220434254891904
2.3238273572316896
2.2187560534537623
0.3022676591740173
2.2564462236465115
2.224175984274976
2.206721660809813
2.225085342253517
2.3240681971849924
2.1971270193963663
2.220949199462579
2.2135319162186504
2.322170306590322
2.253074948131466
2.2150205263426797
2.3119487630517943
2.2218463498876453
2.2288236039809814
2.243799890825154
2.222534977484547
2.296067060619415
2.25286516526803
2.2944714867811706
2.230850867385919
2.2192421798581274
2.3205202608783524
2.2059822128754902
2.2544578097411767
2.210861204445302
2.2504541213824423
2.2856736001698286
2.238441390833949
0.3090785638111635
2.2905779503683923
2.2295556972402575
2.229866783144158
0.30749937742978456
2.2406995650031596
2.2419976233058874
2.2321710369634244
2.2131770403547266
2.2555330038958927
2.28222403360455
2.1856028971229042
2.230850221827148
2.2469235493827915
2.2099593767172534
2.2465426718801957
2.291654189724586
0.30787826229753557
2.2753233504709534
0.18679082470646702
2.2449133125766707
2.2063250260411733
2.1930507371836305
2.2748231111816652
2.2180643818677743
2.296634464542826
0.3088616089001222
1.249441084014012
2.2487961223051114
2.2152184194908977
2.2529983763186814
2.2224431454697102
2.262587384636506
2.2690015076233214
2.2862600977838436
2.300277520985029
2.29444109793363
2.173069273618899
2.285006248814357
0.3081040667532446
2.232941399104333
0.937694382288575
2.2319241481222853
2.1854912776363187
0.7171012339598701
2.3218309556647423
2.2416956678843265
2.2465987904653186
2.210470324296724
2.2275099417893323
2.2280827425345624
2.246898331376812
0.29694503038679737
2.2360085654361437
2.314304841853606
2.1990341699188174
2.2380369371622724
-0.14825094381445547
0.3096812925332887
2.2899474951331174
2.32502734856837
-0.14860904344032294
2.2049155453316103
2.321297188244144
2.256749653258666
2.2887864718299307
2.189935009805498
2.2404122730178666
2.324492542270309
0.47837974891418306
2.2179327994723503
2.1809749594253027
2.236975382792985
2.2765268345783523
2.235772743596989
2.2297683751903454
2.195845671957633
2.2160279637370235
2.2196590507265386
2.3131172067313504
2.214615313346386
2.247907786065475
2.2923652479237484
0.303150864700493
2.166159204983345
2.248153429837335
2.3238566591198797
2.2602516029320645
2.2195573401691497
2.2894802558280682
0.7763955366207849
2.1839949171389477
1.287058758185708
2.223895469193208
-0.02158427055632589
2.250356747546604
2.248030105244653
2.2402235430440394
1.272013125274066
-0.1440068097424042
2.2513234007414082
2.2152499754671893
2.2454100737378537
2.322102246604506
2.2466829813327287
2.2425576236746663
2.320986306975532
2.2162511021167264
1.3087410948794223
2.206348389111559
2.1975212770344466
2.236556387447605
2.230521961105085
2.292002079612025
2.2953402141368198
2.2524066034928527
2.2025265280513615
2.250046312558604
2.2932935655411315
2.228470360838176
2.2099718273982063
2.308241880637613
2.2983870238117063
2.233821368456956
2.231244610426489
0.022817938685883776
2.238818635741345
2.242125787719502
2.191047894901054
2.237840824237545
2.2527474006826265
1.2505035892875551
2.2243163676870714
2.220122404088886
2.3007940980302353
2.21885050169392
2.2547463032057964
0.9081241600708231
2.2224637811042145
2.2686350462154756
2.260359352789507
0.31467640954076037
2.2164857387649057
1.2534802125120743
2.2367074097436994
2.252458261828215
2.2434200205295807
2.2546568638086004
2.2322566631083705
2.217984536274427
2.289862472449812
2.230843423959248
2.208459764823756
0.47588709011716973
2.238011933599161
2.2514932284090916
2.2378978568526655
2.2530515425193784
2.2430914863833245
2.3000793528765775
2.239073894173842
2.2742132924308107
2.2338318241310664
2.245185311223606
2.179681462903122
2.239451571750844
2.289182241634447
2.2408254191779933
0.478968997981478
0.3148484653129324
2.2257415529484166
2.2331369733998887
2.1819630814579782
2.224632943800562
2.2166068160326144
2.2378069043890996
2.2570464103996573
0.8273214773880218
2.278904527870525
2.3230333836533554
2.2241754723230462
2.2372309170938376
2.2201466159051626
2.255674036392077
1.1047038278076025
2.310913955290654
0.612762123531291
2.2848806336818663
2.185763011344704
2.2738302192100894
2.1407461891592874
2.2010843117001904
-0.13039944792069125
2.218867704930757
2.2276089686266296
0.685918135780225
2.2214375736746828
2.275002027842973
2.324809272344803
2.225338269097847
2.2184524298244286
2.2446688845617384
2.2192955173561817
0.31348433878920745
2.2765543873012652
2.2467453237257735
2.2374072306693793
2.273639506901581
2.2327542053980896
0.34832083351437837
2.204917438207681
2.237747555733396
2.2335194514469756
2.237421199372074
2.2445765413939407
2.2575897897303925
2.2726659421971096
2.2472452579791753
2.2313432540269127
2.233300651556055
2.2655934000124516
2.2567686759005468
2.225421731854481
0.4842962867100604
0.31481533221583546
0.22393816437216058
2.3117031671354775
2.2626197695760704
0.3082870877997362
2.2388118513803192
0.34277248497315327
2.297047767324986
2.234437785749405
0.2993365059197038
2.29464961544496
2.2743964014630293
2.2859926368063617
2.2978851198837247
2.2006963698468645
0.7840068111326823
2.233342055318066
2.200240541818618
2.2659675821623475
2.237051302392948
2.226145557473412
2.2151117561552356
2.2321529520122114
2.250926621091537
2.222933023507175
2.245254697047051
2.2262735558847044
2.285029328607351
2.217067769655843
2.3104614979071734
2.2847828000990873
2.240352005868826
2.2787475799740506
2.26004741454687
2.307291060824404
2.2722612112630327
0.3012108048858766
2.234179077140561
2.2446896211635554
0.8631490180603523
2.2585588139926474
2.2831410979668445
2.277077167071778
2.263563761344008
2.2082422594655675
2.3164413681552953
2.2474934285280037
2.25833729069921
2.212897771514312
2.2133538001010074
2.239816762626962
2.1898699240580703
2.259765441836997
2.248803407425299
2.238693029331543
2.2691308491600095
2.227212732874772
2.236786147440881
2.230380358278665
2.1944831928666444
2.2203774331342077
2.2826730742429717
0.8252977716198482
2.228446102438375
1.1765284417599187
2.2108106791106543
2.2443091027252104
2.238903006451091
2.253911979134156
2.2101768798581993
2.2406608598915594
2.2694115646310165
2.2320377253184116
2.2154946880877144
2.221981368318477
2.2954324672199062
2.2308260610576767
2.3201144336159407
2.227540840706959
2.1941928077152593
2.2481575680172514
2.2932176174461043
2.2294389905194083
2.2468683091904365
2.2314166341686503
2.2146564696134226
-0.2840996395339692
2.2201875281212398
2.291881441064943
2.2461134419426205
2.3032886043202065
2.2389700024709622
2.304301717053796
0.38985174455308985
2.259858627547155
2.2414228239459835
2.239025935934016
2.2315894717739297
2.219668242559637
2.208430513108074
2.2236927171796106
2.2416098802735713
2.3148192349418766
2.215510760159865
2.2569360091781254
2.2982742825098077
2.2944955463220795
2.2501886123585795
2.2683492491077453
2.2308242655152624
2.177389805697416
