0.39688937010294956
0.494626484686967
0.15605306795152113
0.08335435085230213
0.12619843252743945
-0.04798086076844524
-0.06443034227844374
0.2656360095440631
0.08746709117382938
0.6006259741212232
0.22103012266096975
0.0681500063156092
1.035176972892642
0.3334159089025079
0.1939018723407329
-0.04750335525184046
0.2126186315876083
0.033344982154826036
0.3014200125327509
0.6683026736529872
0.12014510232150521
0.10319144652826404
0.07752069291824859
0.03952080064886396
-0.03154230226778165
0.054418596718121284
0.17062799237283788
0.4669112359629838
0.3140727160708098
0.30748911124553346
0.26290659831023255
-0.3786920850501839
0.5884321617502117
0.3020773415410516
-0.02455559067650609
0.4670055504848881
0.5015771524709275
0.43508698878505075
0.39090530154726605
0.05100310592432249
0.8029424221340656
0.6669260853105482
0.20559037116557688
0.28553712940207177
0.58239621149435
-0.08500700492654639
-0.05697538335728666
0.3155377031413115
0.2802333884037178
0.23654819811559707
0.303376635984582
0.27104164596534897
-0.20272145590431423
0.08047447766950871
0.6034383989841945
-0.2280575664114706
0.9585553184772675
-0.04204880648041601
0.16241712609918715
0.6007736854049546
0.1342797995931263
0.23686596666054882
0.11755197589253182
0.44930457820898534
-0.11952848380098344
0.19924447205705048
0.26823185444474074
0.014741469702733379
0.16178616247012206
0.15963322793086043
0.41111136221214445
0.27312893081523765
0.17503612817335384
0.00432566441997817
0.15896038610306862
0.5943143967704101
0.9420971397183703
0.2396005429978294
1.109466918110973
0.22308576915105457
0.1581686426076919
1.076339757585896
0.4529911214472762
0.27227946207567433
0.6818354539099774
0.4511599638625045
0.18329027852416738
0.28211856577767375
0.352826903053034
0.1667797853144472
0.3764736929328137
-0.2226856924481563
0.2778592375625403
-0.16750767422106802
0.6060862170186686
-0.23280105676543342
0.02812094549139485
0.44974774685076546
0.6782160285566429
0.3209267985614408
0.011907140599459826
0.23291616884093208
0.08987066027365184
-0.33901911874614443
-0.0006376671045510984
0.35749305609119303
0.6624454097561933
0.15083760828957068
0.4052093564517607
0.3858434337209852
0.19308673894199482
0.08114899231515543
0.9999732872379301
0.8802323320358348
-0.2229842362283559
0.15831536413933922
0.5305112670613154
0.2751473299575328
0.30919621680344217
0.0255888044030316
0.497340481271912
1.0647556296431817
0.3107274784663009
0.6702714233676772
0.36634967268405527
0.13629259730213553
-0.07107004288199481
0.30407639674144926
0.22218639598064663
0.5253311219639849
0.9375446458663972
0.22312967041813797
1.0753836633835743
0.0836633625638686
0.02382986354998362
0.5032950091466613
1.0538972300425666
0.08452925626398161
0.23060262499640566
0.44687416068063807
0.12377006411040128
0.06964764520839238
0.6388573499120628
0.37479306774982496
0.16834993978398513
0.6888163265343846
0.30017952016194527
0.6333214355594613
0.32514004884641934
0.48008507271496803
0.9257581817152347
0.5447956133302082
0.3625144233060185
-0.1628950471489824
0.861812388961034
0.22864433648721733
0.5648001463655636
-0.05525578852428423
0.3953445363430218
0.6084571284614121
0.3036906493381042
-0.00372046971598311
0.2663365062587528
0.6939306256655505
0.22832629185639464
0.946599134557314
0.0076997741986676305
0.20347371009298656
0.5077740278633317
0.2682713413200203
2.1682682084747786
0.2846055969886329
0.39331120800896757
0.7386028946544547
1.2172585097920305
-0.07619305171181351
-0.4354709637241958
0.596285678464719
0.01429935206758809
0.5515838239635849
0.11374014905136734
0.5538615977439204
0.7037213612532193
2.1601675796798414
0.2848441018861555
0.36226267404755164
-0.10895195924102055
0.9173574521707941
0.7487350197042952
-0.010927284294707268
-0.1781305747525085
0.4577577347639946
2.1848917946833657
0.4568830405039541
0.45276352064428443
0.6076191520634018
0.9221916958398153
2.180381500326004
0.06278282077621124
0.5512926156178727
2.1449470153079746
2.1192836378864706
0.4378368490152358
1.2473115019879977
0.5674549422926788
-0.08711062057940044
0.392034552212137
-0.16111654779137954
0.2714336834745074
0.4777831360840674
-0.2236157582977422
0.3963368971324205
0.430482282470397
0.4305544764738484
0.14010940035434344
0.18450282951158542
0.32487924867116563
0.6912504887996397
0.8888017779653319
0.26599610634538573
0.02847084343115039
0.6957478496566724
2.1669537665341507
2.137762718972687
0.4998367430892342
0.44301075238803683
0.4630502188335812
0.45339012773002463
0.10630928192081687
1.1602773956337937
0.4620714349886713
0.45140385420187373
0.17424822926334785
0.448264868787113
0.341926182743692
0.7910491125847723
0.9150234886946654
0.8391877181765868
2.1695162607303944
0.978565333259281
0.34731531333164245
0.2662825605018677
2.181500689453907
2.14682056686912
1.0772991956505575
2.137998988577396
-0.006161481062938845
0.8586120741315308
0.4584128058513982
0.818011007889917
0.5013656493738221
1.1405394023491353
0.282031301651706
0.9096679581685159
0.2805673409974299
0.2800783960355936
0.28299912894325396
0.4493517311043987
0.809085119597418
0.32767066941862005
0.30518546465894836
0.9200235652005186
0.2695840045375911
0.5325827006125563
0.2572970115069978
1.086215728550711
2.238541901198032
0.39142223536699594
0.22505835967793353
0.045253076529578634
0.32729478888735025
0.6013653019073402
0.5309427696115069
0.8660768611424404
0.190020432962023
0.6516721952044098
0.32143461205394286
0.3082503647399484
0.09882448301854335
2.1583553106915323
0.17557827768158923
0.8740789061438478
0.269420339054175
0.9191439809461712
2.1115442637197157
0.4928507293522127
2.1508253587221473
2.168695950814004
0.24186182704039413
0.28408951027968377
0.2788747982785308
0.2787422864805954
0.28627133736925514
0.28067418736603045
0.27559376932015883
0.9318199387333312
0.08988158510138158
2.1361108266395483
2.154240319814202
0.7651795424392143
0.7740303205700302
0.2799604216539743
2.1367447887110416
0.5652168526216421
0.5836369909320978
0.7676076165882314
0.5394486100868788
0.4563405741961091
0.2819724480879742
0.7638920370401328
2.1628368306492702
0.004174643815776036
0.5262492110358067
0.7916444720724747
0.4149335618104205
2.182805655335277
0.7336361214497689
0.794181207883009
0.7940642650710188
2.1602404785830513
0.24254749365105321
0.676608488474873
0.14679925222879744
0.2649795955871912
0.6424068587831903
1.0405204454154138
0.4314676876797755
0.9957540623599912
0.14761210755061138
0.6308264637379803
0.9333194359213729
0.8049698519857107
0.46833822218783516
0.9813799580795669
0.9390703002051883
0.43745719327354016
2.1420940536863853
-0.053269533121861834
0.27539755979740577
2.189085542710174
0.5082918094026265
0.8866424201169278
0.5574259499524955
0.6289890199495184
1.0963350433764765
2.2058974706420242
2.1939651535624503
0.4015379465026489
0.27546870045477545
0.6302874569994131
1.1108923534394637
2.142244207268825
0.28150087987163536
0.46450347621647387
0.10856300640453564
2.1504389930265826
0.6205996765065056
0.37252348787820205
2.1775750129301876
2.1971050913100285
2.152721879452105
2.1451773001304972
0.2810779640185745
0.26944492870503756
0.27334288422741104
2.191702656849868
1.284819854265309
0.26998867192846476
0.4298761616986563
0.7716517530087419
0.27252051968886704
0.6970832954322239
2.181275374175686
0.277250756862086
0.4033955687647798
0.2796498106016069
2.125509542388037
0.7912788048713033
0.26940749188017754
0.3927737531753194
-0.16991193023710516
2.164870371602703
2.1846505892953623
0.2850121314788709
0.2732898650970349
2.192475690561436
-0.17130261831037036
0.2654659707318283
1.0890750535847298
0.44026605162458576
2.0704768104119404
2.161442878049195
2.1211742345457947
2.1924701051119593
1.1032967373991536
2.126761682500299
2.1889799568072763
0.22807304322205435
0.01630247697431389
2.1482881657148143
2.1355400322980485
0.6616338064542481
2.143020516927994
0.9691587379137512
1.1603989216681465
2.14997879061573
2.1473718074162944
1.3379255470797806
2.132320066201947
1.1332789081476853
2.1465231721889566
0.2707217492608745
1.0504826047218794
0.44211123527393
-0.1702867698361419
0.5924209621251948
0.27167755654725534
2.202284063832348
0.2763835444556764
1.040833262957106
2.1530235426430826
2.1616232518938103
2.1719797450179605
0.2818088528988055
2.1866911757024226
2.186192318213164
0.8270862864123004
-0.17892030493410954
0.9513927416359813
2.180993126623818
1.1286123706554196
2.1641218347548294
0.2738127123618256
2.135803732607004
0.9058317360129816
2.160740813998089
0.46115788334376495
2.1890712857069348
0.7188315545598912
2.153820899029895
1.0329354548552614
0.7370782336419593
0.7775304809150796
0.2759986873157837
-0.15739403408148353
0.41931510047655307
0.28516253578444084
2.205996917369511
2.1846093102395265
0.27790941566506744
2.204672393751853
0.9287499723564419
2.151336480938248
0.6768242946294594
1.2580392994405192
2.18981210774567
1.2418891659596296
2.1607231007812935
2.1548703526148287
2.1689088859745302
1.2323798276074072
1.2125142585150617
2.175054603652889
0.30093700724141614
0.34051923628018943
0.9366536479719159
-0.1686508257438639
2.188232687570191
0.3329958561043397
-0.17013236503946388
2.138244581059254
2.110258761711102
0.7918495573075698
0.2707694057141935
2.182469756750353
0.28746587790684064
0.1782200487668278
2.1752797861339537
2.1596864180571735
2.197989744276774
-0.18103940589735426
1.297584093246289
2.172424186711072
2.151370537479621
-0.13644403881939934
2.1760765875149843
0.29956177302916226
2.1852888048946344
0.2833046626276101
1.1448991778891062
1.24152424927023
1.2941083401891098
2.147711043368764
0.28466055505831894
0.19997909027950683
2.1894776306233212
2.1946182078688725
2.2210079652126735
2.0896698882430433
1.257322485546075
2.1578162223229533
2.182573799286224
0.27188643510594257
2.16368361327677
2.2009400960296612
2.1918546276779356
0.28380281013806113
2.2015587346680325
0.7191724227279622
2.132032078270933
2.1464841451703487
0.12847527585516788
2.1886490297582073
2.1645234007289162
2.2165990046494652
0.4633051397949764
2.19963515042905
2.181578494948779
0.6168221215069499
0.27525425265373177
2.14644177741384
1.2285180694707472
1.2953555725037997
2.1802400673564937
2.1399057044137058
2.164233521909625
0.2789058849271688
2.156140809924363
2.153978369312488
0.36094061534618604
1.0079922362726337
0.15787658911615882
0.2686077523374317
2.1925068403388512
2.1057856986100565
2.199754963796872
2.1785532572985034
1.3452006252646436
1.0532978567559588
2.197048114766971
0.28118803059949377
2.1963220947312214
1.3094901857742092
2.162342003559483
0.2796632376583992
0.968903527175835
2.1771156280499384
0.46933204217423974
0.10687639039175234
2.196782675925116
2.1785964084083993
2.2044350521470935
2.195026778995037
2.13109903187814
2.1897577208533465
2.155754923324178
1.0748562801983534
0.26642108639053974
0.4419502722651454
2.1781169516536014
-0.1656690442904378
0.27567214875952684
2.1095295594979135
0.230230807537251
0.7310120052837361
0.9632915592789201
2.1517362469008594
1.1055309980863453
0.7487681519499743
2.2090901643245715
2.148184938477248
2.1722597213602928
2.182590957301251
2.129847674109307
0.21351879016908057
2.1946135858152873
-0.1668288980813287
1.2610201914291856
1.0637198114295432
1.2639062440248117
2.132421692273339
0.28640920633833433
1.2657449062520945
2.1682258367453073
0.7626509561531903
2.1742324875635894
2.1605336115533316
-0.1628747480118784
2.1533465425754565
0.676655532577218
2.1426107263866143
0.7999564008348504
0.2691722018460828
2.123464577728315
-0.1680358205334202
0.5307717233772106
1.140723889461792
1.2314099301791825
0.9069545482003831
-0.18427869829017252
2.1269316174530966
1.2341721265003016
2.1533865537858117
2.2003619158018948
1.3485082346141672
0.2782295843207932
2.182916044331029
0.2804892087589679
2.161889810066363
1.3030377315714656
1.0986443017359728
2.211169221154082
2.1812052203278927
-0.23333420708094652
2.189206307016422
2.1717510124232664
1.0999109283014556
2.191757262404941
0.9132349277075436
2.1584931718953095
2.1992127018344916
2.1829768102291167
2.1754764571164698
0.27534561787213735
2.1284404238192254
0.2813567654313856
2.2163617019468194
2.1715271415139927
2.1461987458297918
2.189220071575284
2.146383112647025
0.28581374309814384
2.184479357692919
0.6199178999997647
2.2173058572584203
2.1514551598723317
-0.1712631479049333
2.212514364535434
0.46246016177254057
-0.17361363040652544
2.118043621064459
2.169487437099154
2.1963839851288207
2.144922523285045
0.892914422256497
2.1640230203878588
2.1391575110397083
2.116308069571903
2.167528873606242
2.1605790867368846
2.1797588098551044
2.1661712883918947
2.1733774294778225
2.1708266691127656
2.1327075187061
0.4929874682613634
2.1643572341871407
2.183584465243041
0.284500295814416
0.27461067042299403
2.16571401854001
0.2600484920324577
2.189995915441682
0.2714409811305317
2.217667975444757
0.8938125154507417
2.194834564899894
2.1849763872100842
2.16034265408072
0.7629678085693622
2.1726759825483466
0.25802172305527094
0.15000369623618862
2.2004203148891337
0.2726326493339011
2.202549359241048
2.1586449338565736
2.1556092562405142
0.2788672285249516
1.2760544161865395
2.168047943186064
2.189151687380973
0.6159863656461321
1.208613899151657
0.27945783371116983
0.9323934759489185
1.1144395079949811
0.2762971064080948
2.1506108982300693
2.1916152776073243
2.1701657679542525
2.170691484436828
0.5595979729908056
2.166108974544099
-0.18012232044638182
1.037542091687181
2.159875080815513
2.1879366922427415
2.1618197597066944
2.161283330609543
0.7054635866301885
2.2064335177325516
0.4582118974524222
0.19666501132596342
2.173777385888153
2.1674213867881864
2.1885323433293054
2.1077722820850555
2.1524388765299634
-0.16431414076638767
-0.16328723112961158
2.1812588691598562
2.1484063996346676
-0.15897817988211427
2.1504100166056843
2.1505999948125316
2.1835661474267063
0.5571585619859074
0.27913911545100756
1.2260711875238552
2.189174497666455
2.1344536143701163
2.2002537155666784
2.1572774545478577
0.6568269861732632
2.1925919141440655
2.180772750757816
2.176539217446424
-0.16717646650381374
2.1854891289679426
0.4450080929111493
1.0779018327022432
-0.17390246184563987
-0.21873721126192014
2.184931205775425
2.1649943707546946
2.164101241703741
2.1443209496073328
2.178345494097157
0.682896499773116
2.163015828894604
2.157434714873799
2.1937218723112464
2.109590886230646
0.9118112189513827
0.2742449993769934
2.2062694757814185
-0.15310761846540405
2.1530167254826442
2.2332538843371785
2.207191270286815
0.9749899320390744
2.097953106659144
0.6430699780316127
0.49904977353196806
0.27293350523328885
2.18333743295821
2.153901193830376
2.1760801521824544
2.1625780042447618
0.2688288304592328
2.1552276205583123
2.197851924004622
0.5942702841240612
0.16988091372440584
2.166411471007395
2.192805283966778
2.189219248909106
0.729638458492081
0.7210660371546859
0.7766442523701828
2.1582426641903227
2.1721727407337434
2.185818177721787
2.187749615915502
2.18840545460022
2.1887157006875855
2.178602377815355
2.172582550453072
2.1844232399297705
0.2735304713804655
2.2112391949091625
2.189694666012692
2.1201556092133558
0.27373596825125157
2.2128537768147454
2.1975748274752287
0.27430728645130054
2.1675149972513443
2.1751669134880425
2.1854626787443703
0.2809931405220788
2.1765507849373487
0.2769515314597122
1.270875420581101
2.1532525662717577
2.1212012786907843
2.1888306734154055
1.045356341745767
2.152629958504903
0.9411823006598409
2.187443828030487
0.2835579233123874
2.180797957153766
2.226713393949386
2.1447436628131054
0.1155250741427444
2.154166385391634
2.1587742531351424
2.174406177445526
2.147359857606396
2.2169788249960893
2.1852910211332355
2.1357593182709467
2.219062450126267
2.169622811093112
1.2996234099103923
0.2699517313698399
2.182081522194743
0.2716028085775919
2.1772883496013926
2.172031626954186
2.171830225258691
2.1088727335553386
2.22303828563975
2.1799151902856417
1.1928867260197225
0.7791627758514648
0.2791687703394108
2.1740255689241277
2.1709467939843297
2.1579746241309836
2.1165653592370575
2.1658465933683972
2.15894473313893
0.8476234673099795
2.2002800886889897
2.139513551442713
2.197848429549186
2.205287990728047
2.1353952610329623
0.9072472867760751
2.2065871173222487
2.1525571213708017
0.48525404088689017
0.9627816439272113
1.3246286711393997
0.27813090926680417
2.174553832470972
2.2000930444286966
2.1789296606313044
2.1458878950624074
2.165585708946009
-0.16793880358591506
0.2757047738362015
2.1844922146362764
0.4280805281008384
2.156511698800013
2.182757785324169
2.1931258847786186
2.164472189801375
2.1921257122348
1.2875650685249136
2.1281508298262444
2.147312358835972
1.1851794086466414
0.8438436299635232
2.1912275435848163
2.178066038748825
2.227448748012324
2.1834543541759497
2.196588537779732
2.1674224037985503
-0.16932496939808273
-0.16383309310731603
1.118627194532117
-0.16944951509146475
2.193036464519084
2.152961980900892
2.19497128409051
0.9695352206008693
0.28181002150842804
2.1920473605871975
2.1738160154909387
2.1458621440998265
1.0891968559386918
2.0956688933115926
2.2008622034953813
0.2731042861088521
1.2918450244597488
2.1709664705507485
2.1423582758526276
2.1613972712943195
2.155305066599104
1.116051722041832
2.1417195418020096
2.159886552193023
0.6231267890099983
0.443020620291578
2.1562361689365472
0.2715301513272138
2.1657809764662392
2.1738749109434012
0.28402108675580917
2.109821561522798
2.186364245309987
1.3231234898548088
2.157093392822164
2.1654540498971198
2.159753679941179
2.1707758527899355
2.1323059398388104
2.1853039735946815
2.198206662640254
0.7886598225587241
0.2684590268387729
2.114980248839376
2.160808012729205
2.1516173797555624
1.1998302155438296
2.196626744612474
2.232457745570551
2.2107308824131855
0.8662260332033271
2.1633688559186584
2.1952257633542116
2.2164476067054064
2.206718404802467
1.0129848331945055
0.2827574658173944
2.1902391143723636
2.2350245911323454
2.15120700344796
2.1721622312629383
2.1806228221793136
2.1877390879929406
0.2862924897903686
2.190375247219266
2.176773433863359
2.186722294650897
2.1974124708279454
2.161089807204093
0.27070162471471426
0.2782480995034696
0.27322452486005117
2.1730345340888455
2.167221570539708
2.21247832955774
2.214620224696065
0.3020377209613623
2.197878904469891
2.192424722120162
2.163360023847302
2.175592083438768
2.12812672343782
1.2960049531867446
2.1927244213665036
2.1425673654756188
2.159289057151566
2.1655055427138468
2.1476792494220325
0.26444581079833807
2.177969548324241
2.2024199378066394
2.191844645133826
2.143621041431758
2.1661751728787113
2.136386626391872
2.161261716054578
2.1585399872285413
2.154006593079898
2.1817692332777243
2.151299535986798
2.1804890763594993
2.1554770048104324
2.189203620009719
1.2997330124978947
2.1701218912919233
-0.17216567244930459
2.19287112233698
2.1681043011061174
2.178929554288815
2.134963517089891
2.165415691324058
2.155728916403559
0.6428457608774474
2.1897104672953924
0.824904995607431
1.2487851045450138
2.1722245899470343
2.1761252323376636
1.2831367893394878
2.146770187428583
2.1624708143322064
2.153319151752628
2.1797311685942145
0.11331243354721515
2.1153102785065574
2.195883220637375
-0.22868672930652537
2.147247496489903
1.1159944505383077
2.1703384346807506
2.1601510823288192
2.1756703504260475
2.153569753302019
0.5538581356571118
0.9414532833554812
2.1731137847472617
2.187359491262286
0.27448556434521887
2.163432325005063
2.173026035600762
2.1786876102351034
2.2092151870389523
0.2775376915142844
0.9170095535224662
2.2084624914437923
2.1799963186922158
2.161927405794369
2.188572622505654
0.7794915397320926
2.155040136570533
-0.16541958912035934
2.212738992145239
2.149088910957795
2.2137167969569305
2.162304096546622
1.0211304198390219
0.739265935371615
2.165602506612839
2.1912043845977656
2.161684198542926
2.141342467018141
2.234992752886332
2.150452934942451
2.1785930754405394
2.1540380836339645
2.2057809810047493
2.184423651942188
2.13582460404424
2.156282717343376
2.17298830368284
0.6308031642247389
0.287170579774015
2.205374790011505
2.1686534146040684
2.222088774793987
2.171647179164456
2.2033742832821748
-0.18778556543421962
0.2841320339754612
2.1711651627978217
2.1659966322448088
0.2799906507211938
2.225385708371424
2.1865843239388454
2.1857743060779304
0.27554635010146544
2.179443551561402
2.1946918937678674
2.1484148485788914
2.142897381059213
0.8229964518294383
2.2074023048155516
2.2083590926982963
2.179946502232504
2.149785785349641
2.1725427208894126
2.152221183054352
2.1743741288038505
0.44706777477472437
1.2514934959698243
0.27129642402978793
2.171689071264158
1.134508839773945
2.1131121084629467
2.180194320482088
1.287259530983576
2.1697931760728713
2.1914574032374072
2.17701361584544
2.179708289871373
2.1230671077662038
2.2045174106795313
-0.1652457556911774
2.1929064771921105
2.1786824665620657
1.126795980593164
0.2689920709324217
0.2784481817643268
2.1578516833071273
2.130966368770175
2.1610513018239565
2.195759925546966
2.178826066182166
0.27678989434282647
2.2218362576782895
2.1503773766322585
2.1539483378466695
0.28675089173475143
2.18599628601143
0.9704572991776226
2.1430894475752416
0.27955553389612875
2.1980782523845974
2.2275782209883754
2.2055730303823395
0.626051200036513
1.2470312753524162
0.794483771628054
2.184493727372047
2.206669588557282
0.276755783942155
2.1920485362103133
2.1769731079854346
2.195341505129293
2.1980685484537115
2.179380983070743
0.9457825798960199
0.7922260707953888
2.1441011463539477
2.1839815649180108
2.1604261592499983
0.28027931432837694
2.1788746390935305
2.176504201472288
2.186010201519093
2.1870653719341604
2.1930712497840776
0.2710058812627401
0.2783604722193585
2.1538306855382787
0.2710971042154605
2.150211916106301
2.1869557643290785
2.146285135596987
2.1731426918220276
2.186552773149092
1.238618901220155
2.169558307542838
2.2231735861650326
2.0606797553389917
2.1656597884135804
1.2113513135117646
2.193014139932524
1.2659708026528977
2.1826785734226313
0.28518173559940224
2.204452853623626
2.154944426753693
2.1877489506016135
2.1822911449291094
2.154477098575823
-0.17130288302593144
1.1002601284175273
0.9553250243238345
0.27819068621744464
2.1995827559136085
2.1616669158149753
2.15851236499206
2.171575271130169
2.1161948741275918
2.211573727825951
2.1854594729820636
2.148717382118548
2.1725503993248525
0.10149497718649875
0.604509788197585
2.157181673980088
0.904954524120087
2.1580307359617557
2.1670383893396146
2.1475723662779354
0.26522846140750833
2.129174321282669
2.191700763318998
2.1876102898098715
2.1621766485360303
2.1279039080642104
0.6210688315248012
2.1863797272075063
1.1582077308626437
2.1442686687136305
2.2033088522812747
2.1792748828278663
2.1704896146340165
2.1389517035258687
2.1896477873959794
0.2822016668790509
2.197271982566841
0.5463957353344713
2.189617737777907
1.2777821646502932
2.206768249400027
1.3149487691253596
2.173687077604958
2.158121009274837
2.1552255153581954
2.1903501494352513
2.1303038060209385
2.1866479505484704
2.1494577676598334
2.1519982229352257
2.1766981220146264
2.178235491007643
0.5980464084691381
2.1950944862723487
2.1426907894763887
2.1307244979620776
0.2851090207611051
2.1794287269662886
2.149950594319304
0.44138476950618133
2.2131298310056957
2.1932499221692914
2.1592942165113898
2.1444784642270625
2.202548180345504
2.2414664794350934
0.2717407111197075
2.1639760883218058
2.1511295950139884
2.1984968238981737
2.193780728587536
0.27390839861472227
2.1988182713285425
2.1631122976504953
2.1577442179283848
0.2766655409543018
2.1496571324101144
2.2159947515508027
0.28376869767168483
2.2052424125714576
2.1303592449860838
2.164443140767507
2.180684207974938
2.197225017522454
2.1758918006056147
2.1883237463370997
2.162333125776314
2.196493660009012
2.179180830408375
2.182798223658147
2.1853407654981476
2.197339780552775
2.2091318505485367
2.167245541838878
2.1716654422483033
2.1766188262958246
2.174292995822048
2.1651623751529114
1.3519111737247242
2.1734972914311683
2.169057193877519
2.1743758535880504
2.167965366234925
0.4559725735547981
2.173504052263458
2.159138684843162
2.209799635757432
2.122259025705582
1.2709498681477962
2.175621083658225
1.1255668803642205
2.1499528675837807
-0.18243925170253739
2.1511383094390713
2.1603776509115833
2.1269849202444084
0.9725810831333066
2.1841210059265004
2.1065968909930994
2.170474729514397
2.1680077098442516
2.1936865924106845
2.2054115899002253
0.28236079745337694
2.215020093741291
2.1541700187289177
2.177498404901082
0.8257118550817724
2.170408998397483
2.1919138973234746
0.2773406547724359
2.1749812634910066
2.2225654754798607
2.1725408284362544
2.0943185127951924
0.26687296717085407
2.1842584785485313
2.183128460199496
2.1489883275884907
2.172770513727457
0.9885571691259053
2.1859733808769617
0.7438283863057669
0.27579827140162405
2.177474296811281
0.6064047519546129
2.1519148171718534
2.1717899748501264
2.173931192225778
0.27705903867982384
2.173304582657426
2.155354258965778
2.0982294262912093
2.148778370927576
2.1654241973660775
1.31369125328933
2.2088432461840855
2.1604787022373526
2.148966203538695
2.1482833671675157
2.1850279511315938
1.3009335372286879
2.1764270196331923
2.175577247881509
2.19656572147657
2.1691129211887494
2.1622503405770885
2.1597123818478963
2.168359590733986
2.198540600508231
0.46678019337159793
2.19206369992144
2.2041960503212734
2.214895707030834
2.164379248472125
2.179237872597432
2.173102451046424
0.60143757161818
2.166266333504004
2.1787891811278994
2.149034994788513
2.1132742204393535
2.1939348082280152
2.159954079876195
1.26273232790396
0.4466597202519759
2.1748075055860205
2.156287397344953
2.1566955361146256
0.17258889869817887
-0.1631434905565983
1.1098969974640316
2.1920448517845044
0.26744820446656065
0.27627389876979436
2.167181096678862
2.17084355401209
2.120995344902029
0.924816290749128
0.2695007919350194
2.1191752631628007
2.174050609615644
2.1716053668757516
2.1753386890342594
2.205707352467336
2.126094956847842
-0.043793590848571984
2.1880433764293157
2.1945297094314737
0.29617365805949675
0.2790776566899009
2.213288574184158
0.2871875843393911
2.1962782739242757
2.192538531226998
2.1839378801699554
2.176776905300234
2.1617841520010046
2.1912112652015514
2.1738741269604014
-0.2296767750119323
2.064347050803157
2.1941781340088595
0.26484509317920835
2.159982672966458
2.1499811900502404
1.273714073994265
2.1580647805066175
2.1641543753876595
1.3286714175419534
0.47697923055025193
2.1827550142737033
2.150852264327739
-0.06779865403647944
-0.164738043754163
2.1786661555831754
1.2482001876761804
2.196427907155481
2.199107641870916
2.1808683072052335
2.173348336092401
2.1720247794862786
2.1664550505746636
2.146900436278201
2.184564947954641
2.1973688223763697
0.27124756139437534
2.179613299348277
2.157365270245795
2.2063987168780637
-0.1702489588286239
2.1439892679625157
2.1993460023530385
2.185992898379338
2.216744851622272
2.184218818180195
2.1556158951913043
2.171244382614071
-0.16797370863346786
1.2447725946603962
2.165814181846441
2.1802887474894685
2.164329871598149
2.2147758924475025
2.1448709962211936
2.214900150846441
2.178995050151139
2.1695828060144127
2.2042511833844785
2.18380440531537
2.154288323930617
2.2086628540045132
2.182966721648356
1.2632114623668314
2.150574723010894
1.2279636252857602
1.106948982584364
2.191943884472024
1.217587232961394
2.2076612567406926
2.209219166481955
0.26760709816042905
2.1643991502507456
2.1821760686425513
2.1634339518175154
2.0946046300503185
0.8014943359152675
2.1953632522499653
2.2046526147127046
2.200118034723029
1.3602909206367078
1.2832240642338082
0.818361706015664
2.124451120979739
0.27999603493860076
0.4467106480655331
-0.17762667349116892
2.177015052917687
1.0968559485057128
2.1432212982748187
0.3998731742617876
2.1588431089263738
2.1799682657820467
2.0750327323488094
2.1728328432135036
2.1927153856739574
2.22139942788296
0.22250309229688595
0.27836632973124575
2.1707539035782886
1.076170618849848
0.27109936274615504
2.171665495171035
2.1965079191037082
2.150077873285917
1.314764079751069
2.184465157649556
2.1920900447664926
2.208149882747125
2.1430220817827643
0.2729111101687174
2.16799145407822
2.2309597000259895
2.1823164932934973
1.0916440648921082
1.2598593251148857
2.1708089911133666
2.1793768981206236
2.1886523297177054
0.2836330174227824
0.6097937677001228
2.143394665214431
2.1921850267596676
0.28358636880739274
2.2191811980060585
2.1296219140210564
2.1682972751628915
2.1876653977132854
2.1410687117433294
2.154252387724431
1.1483050760041997
2.1949992841739316
1.2459457071655209
2.178507458860171
2.1810920073469866
2.1633747139658315
2.1913326601682215
2.1739351438500316
0.3460349769581735
2.18256056359175
2.156627372109763
2.185628116288715
2.1638790841300755
2.1592336432737973
0.4271768939612863
1.3031733048750997
2.14933013206945
2.1283971427973905
2.1693448051207214
2.1634921066084227
1.1609041759713319
2.153260060735709
2.1679584321636036
0.2689866030113427
2.1888888849176666
2.2059032983987334
0.27362251505700763
2.193325590739147
2.136804504704993
0.2781411961381073
0.5273975092983498
2.1508419186365746
2.1291422394309807
2.1671004455074305
2.1630375764312086
2.156350955679131
0.2712957234853047
-0.21466878512886195
2.203730005105272
2.210477521788868
2.182699387327096
0.27154817555140026
2.16223667302467
2.175955079379064
2.1655665228419387
2.177213615509247
2.1469674141971025
2.2252096579402854
2.154028821590611
2.160309272708104
2.1407957591558953
2.15166932599254
2.1922939627760707
2.189803377223272
2.175912086344067
2.147346525274803
1.2523308698044733
2.145112668228802
2.193625033013551
2.1951506741364044
0.28800484433874485
2.1856616617103244
2.210861996416034
2.2097638572560445
2.163037983770498
1.194887900566767
0.7697499740340888
2.2521777765641486
2.210943642445746
0.2731839086244483
0.9265595882281628
2.1271741253606433
0.27246201002548476
2.188087576575039
2.1924863758638384
2.191556914850955
2.2127665527616447
2.211247518465358
2.1715981921600727
2.1681780388832106
2.152877388284992
2.164632809293113
2.1722879357517106
2.162936141145029
2.151488534923064
0.27522525093985156
2.159321478688245
-0.16326175681861216
2.1941821046280605
1.2980953181489838
2.187622068991641
2.1956371358260633
1.132006600943018
2.2221199730789856
2.137529652972442
0.44714511789165756
0.28531153929330233
2.19257765758458
2.1619604503847727
2.191972555542732
2.2358417619713986
2.1466731483032895
2.191871850209794
2.168411142433452
2.162146225007827
-0.16075738963541183
2.1645929783600635
1.1702515217826368
0.6011071392660968
2.132205940580775
2.154928843352085
2.1982370431773353
0.9389458984603478
2.1524486368657936
2.134187280775607
0.22257100757132384
2.158179143556322
2.1901848186264954
2.149434444512442
0.9447669523026796
0.40123493517307873
2.1467524759566836
1.1091967333098016
2.184125874222931
2.1361452040382147
2.1790781015769545
0.27792316470799194
2.1953371024248085
2.1526905990825584
-0.22990536620442228
0.27390086523267576
0.2694978919497593
2.1972730243301535
2.180862957763222
0.9501504830882115
2.16941869715399
2.1713361921336345
2.214714901342367
2.1772491212017275
2.1523483922540456
2.1613216941393203
2.1819720015845183
2.184859955206829
2.188698948533992
0.2835792516373396
2.132164803466117
0.28044131731460303
0.2772082677260158
-0.1699805589345587
2.1943773139672373
2.174215770310242
2.1883410495124904
0.3381467197964303
2.145361877510106
2.2001455563329646
0.8987728229610232
1.3189770725402803
0.4536445581183488
2.14838999025433
2.1717279255762483
2.150718360964835
2.170842080671531
0.27585321353651737
2.1929339366910887
0.6269231874298601
2.1733126127582936
2.1754959361606927
2.0841397863569995
0.9356449578992049
2.2095139399179287
2.172174121353549
2.169046632381119
2.1438850830769036
2.1970972340533086
2.1713076125872375
2.143688822797112
2.1366286645107646
2.1901696403955686
0.27917710389894534
2.140211651457676
2.2017119608388374
2.172369064996819
2.1850357560910796
2.1587802110629353
0.9660412354705901
2.143022936515207
2.2189127729072737
1.2274159299638028
2.166180671329439
2.1633575782201673
2.1855169870512987
0.8200766398932074
2.2211194802477507
2.16278448041589
2.185630917507371
2.213748959009052
2.208358541958373
2.168466811140382
2.185641547135677
2.1821659364156503
1.1403704033939974
2.1756381944999563
0.278820056190641
0.27410411805908025
2.12684287791657
2.168429007890877
2.178262858324662
1.202131487902645
2.1838423236095035
0.2771245686236374
2.173116030716502
2.1831759739056222
2.2024779378702677
2.164578045166441
2.2009413749482096
2.1399598161068685
1.1863528077774435
2.2234139581628405
2.1843957715025635
-0.18128024188111796
0.6411550045509931
2.2008538967624114
0.6289198615827667
2.2262852526673997
1.2189444385248567
2.133830088897942
-0.1640073594577739
2.1736388135988847
2.1530013854748606
2.2001113408503774
2.199460925441034
2.210633620808227
2.209791482103049
2.1556894539309375
2.1666660392688772
2.1089262677256624
2.139337844403002
2.214829024455918
1.157274520213051
2.197327572587212
2.207098135502618
2.154871008191472
2.1626358166980424
0.28046963597253916
2.15947726913436
0.2622464550810955
2.1893623335963026
2.147982529141303
1.2990333769215807
0.28428214353530484
2.2026696750913617
0.2735314512836764
2.196637556900862
2.153135903718247
0.2723481191207882
2.1711711580722617
2.189836232469705
0.2741325916966749
2.1953536779756258
2.119607770888173
2.1994796744755574
2.162200358696496
2.1634960603209503
0.7612746002832205
2.178359339237746
1.2433246706326817
1.0307564406880503
2.1977656679865456
0.13567623977966115
0.9543851946710482
2.1632442343394156
2.158951255820833
2.1758800129821187
2.1805826729748494
2.183689971639347
2.189687877482542
0.2763708479572572
2.174294151141324
2.150879705168613
1.0522344995232276
2.176542004484413
2.1845466790681107
2.1967851697384155
2.1706024413443306
1.2221617329318406
2.1565704851945497
2.1715595890279813
2.1435546928277445
2.2219325067014317
1.145408138575907
2.1986535249088384
2.1975773996341887
2.188268684333993
0.28293414837615777
2.1316841836801803
2.170418666167574
2.148306986895023
2.201110100563276
2.1889611844320407
2.161952793628979
2.1825540931880667
2.1780413667090057
0.2728130499106055
2.1631321666677703
2.1038914538649602
2.2071885212870948
2.2033296328539933
2.17121213097208
2.173895975023935
2.2070880337830627
2.185595807908622
0.2855921949429447
2.1712636706568524
2.194935644684911
2.1819655348915816
2.2069253551410983
2.158632973304384
1.3202901646934562
2.2005640672541613
2.195119829620774
2.159326820029512
2.1919942563930914
2.173518814101585
1.2445002218932635
2.186852679063886
2.1384811719446053
2.196105655547907
0.6706708820056391
2.118936462258488
2.1925327788152082
2.1645157249525435
2.218152425199608
2.147336587398012
2.168731541735167
0.27850026761151325
2.198331979897237
2.1826487805670918
2.1768418157991833
1.2519493867401632
2.1681851862766637
1.3083640994606012
-0.1773738740741511
2.182309054239692
2.1471949733103086
0.2326686275333823
0.21882441933411867
2.179677142136916
2.209310383338499
2.1850086498849928
2.1966105803580156
2.1874819256246516
2.1642261455493452
2.1931755987675063
-0.15831107102938174
2.196053844932071
2.208263399936484
2.2226841733607627
2.1920279170553387
2.109521058637295
2.1996522834419014
2.182951675678802
2.1451012444055975
1.2093646015139732
2.1997294939659184
2.2451468042277796
0.9358387497205445
2.1583573711718027
2.164941840335821
1.3252666431205395
2.1560380220339477
2.15175701683252
2.183405683623448
2.137305921476123
2.1936912582435317
2.2033825904982605
0.269484424024485
2.1934874582721475
2.1853992145173176
2.1581300925111493
2.175305754218769
2.1948353963745486
2.209706452571853
2.1910734364266546
2.151928539164407
2.191223827677636
2.1771016874819535
2.177622708319145
2.1750996099837754
2.114023961744053
1.0938417583450446
2.175759826738223
0.17571806594798267
2.1646198545519995
0.26780740589940444
2.2004497318041647
2.1793415638348277
2.1650319635448114
2.1935298119162834
0.28180132956871207
2.210420330221168
2.181362623402457
2.149255706177753
2.230165992026023
2.117074240860261
2.1754891432331007
2.1923273933473455
0.7671382245836569
0.2755850508193588
2.1818317232387
2.15452875113111
2.1544014223738204
2.1854450620550105
2.1466266933058895
2.116210869448329
2.166739829339136
2.1524436336202033
2.1491224899046006
2.1691887463444823
0.27677568166430105
2.202619849540917
2.1700726843028733
2.2034982653086113
2.1542420280541372
0.7881863626462404
2.129354735526619
0.27056689057191247
0.6236809341841079
2.1964042669672916
2.16991581331607
2.1611669897025068
2.163092656015042
2.1746418029499406
2.181461532793083
2.1944178470968545
2.1906756707672645
2.216952726386348
1.2149846028283249
2.1588449023864653
2.1708422977737385
2.1740156223533837
2.1811934300970304
1.2577657030514804
2.171816443013748
1.1102008678024615
2.163898904011355
2.2083345953972704
1.0523265394560566
0.4590419395824738
2.1141173639374724
2.1632953828203236
2.1580345437800514
2.171635925152275
2.1683046887787993
2.162089673447312
0.6277838574838899
2.1384932844544817
0.2706691204318066
2.1879991798710807
0.3887488640582639
2.1797709561568595
2.208938642524807
2.1493172653191257
2.184485182361657
2.1891680669895885
0.26964236952410026
2.1242876242712834
1.0868138742910773
2.14002495425256
2.1853348788709885
2.147962524832071
-0.1788703501835693
2.1895010652815587
2.180734865676091
2.2215319863175926
2.18192401313132
2.1916501955434073
2.1843998286422472
2.1633539771342294
0.8174040736472732
2.196915453850837
2.1159851983908733
2.161831518762882
2.1966176264699815
2.155482516444522
2.1877263654320975
2.217732637736855
2.2057721989704313
2.217411911302886
2.198829348619123
2.187030176008693
2.1427254639232842
2.1808981891536847
2.1398729551152
2.183128411840527
1.3226721449547163
2.187292833621906
2.1976083624005955
2.2030959787579363
2.1424915328966874
2.212462175616099
2.1477778986256424
2.1571317961173486
2.1483271085063453
2.1303339664077994
1.3295088451921557
2.1767337080165645
2.1856060184160877
2.1809542063558247
2.160540022566722
2.1673388822420225
2.185596979461117
0.9591458604126011
2.162004265495089
2.182882535671863
1.2316094659749155
0.27241773006337255
2.206429044656746
0.5636095240539278
0.27960842340561776
0.7024453133812427
1.2929452242840729
1.114193149480543
1.2873509878495943
0.5765196757017059
2.1395378306112094
2.1649744035048863
2.2073960833425033
1.260566890240032
2.2124304880955807
0.27256379354407745
2.159711381191145
0.2789121328034202
2.1481861632766552
2.202886402669324
1.3058759704448502
2.180908352037723
2.1983974643102577
0.7661877690539328
2.175909746375946
0.27262451626380557
2.202482232442244
2.204124862073539
0.6432181309837922
2.161400427790581
1.2580100743778595
1.287818672279873
1.308179066935666
0.9782972469789496
1.0962160046728509
2.1927350182657754
1.2513559600815547
2.1827865600883642
2.18400686922071
2.157454581223695
2.163063730955876
2.1921169633652173
0.7822221865593881
2.1835954992991495
2.1692957518726184
2.138221575165289
2.1023713082740967
0.6606161541774661
1.271695825633582
-0.17485583598257848
2.1845779327132018
2.1712699566443003
2.143895822005885
2.15422385148716
2.159309484176135
2.2220563958158266
0.28404487200043127
2.1872494470680803
2.1344768464990658
2.230516639903791
2.171827308845358
-0.18225345709117668
0.4448667393733237
2.158509453107486
2.1398508572565866
2.195692287813402
0.27673342682270025
2.1458164723758486
2.1874516775036215
2.1940807320845632
2.155466821288969
2.1826314271109184
2.159370295933796
1.3026867430297544
2.1871813235351785
2.157242505308372
0.2842696961800188
0.268404632011743
2.107179857587945
2.1864266211038577
2.1323997109869754
2.1827031807525614
2.1878588828833188
2.1683680411918917
2.140403484408032
2.1704784304663285
2.1613535742358967
2.1522549257163686
2.160668314324342
2.196243103487146
2.1842023861135873
2.1917956772321876
2.1765481687985133
2.1836051243528543
2.184647203474093
2.1924587357479552
2.1665977304099653
2.1896577353014512
0.645336688824362
1.0669976329853121
2.210399610056322
2.1752121097606167
2.1603496267775752
2.1534225763751746
2.14225339139978
2.173429186497257
2.2146820487472505
2.18637467742644
2.179289342559687
0.8850864888145173
2.2173153736467315
2.144084279575103
2.2252049905144275
2.169751376403023
2.213118688931603
2.20467893733686
2.2034648758683546
1.2993984389031914
2.1763794141382142
0.8085665352908673
2.132377355290859
2.126075073473615
2.1493631818104046
2.127044950142454
2.1568584188775155
2.18334492523113
2.1989923865123178
2.164722609191722
2.178739982203502
2.173976086278695
2.1436280341012033
2.213425916267109
2.176689889768148
0.2736023846717196
2.1488085822890075
2.1464812581037798
1.2288220554877207
2.1795815995941483
0.49460433909867585
2.155091324352653
2.1718619026764943
2.194894012007139
-0.16604321862791818
2.1910380611270384
2.169078413001596
2.098822696910023
1.292501245273855
2.1788282219642308
-0.17133457307750802
2.0764213458118173
0.2748144847715229
1.2060103646231868
0.9775403171537931
0.5950828432535089
2.170905007279924
2.1875145177237245
0.6009019758500667
2.1793600803990896
2.161039492458742
2.199688919142436
2.2051774165659124
2.1586100832006077
2.148804414946778
0.2690347117006623
2.19794003863254
2.1904282218606257
2.215088105796881
2.1932799964525995
2.168353403918042
2.2072846232262044
2.193807395507003
0.24418119043329897
2.1541138723889093
2.189392341996642
2.139659472235656
0.26814194135340597
2.123483351189781
2.1859363334020943
2.2109898759472317
2.177642727697026
0.2712615838309067
2.1354540578646324
2.2142661785530526
2.177180668127205
0.6013259782409924
2.156693969871035
2.1660189070210043
2.159822707685989
0.2766000384194817
2.187758092881147
2.1933347679337873
2.142168637557297
2.1960957681457973
2.1522655318657944
2.1841875382681653
1.2152181866772935
2.1979879024514797
0.26992602107754005
0.4475342985935443
2.199468539746677
2.220981914639272
2.178147495303464
2.168033259351194
2.1732459168020766
2.187226424232433
2.1760295857614973
2.1832904732634173
1.2757594217409485
2.1483169450935895
2.19103211695032
2.1584488880606303
2.1874974420790867
2.158412491331186
2.1819070517646075
2.167508879545359
2.1917072715075596
2.164246397664182
2.1661559265466437
2.170988276960145
2.2014700535300658
2.1266777283288723
1.280999405246189
2.1653221419808486
2.2223761831732287
2.182974530381073
2.1698014044881546
2.122675531326112
2.2003151141687054
0.28129912147993036
2.1574286818147934
2.2214562479660422
2.177071067577317
0.9705163961546923
2.1553272826025527
2.207834630708558
2.154360160701731
1.2997229524143066
1.2264386176952904
2.249553114005704
2.1720356170778343
2.2018813183903063
0.27376878277630445
2.168883845596178
1.121762248993222
2.1981210872835897
2.146088249851818
2.1879175679946004
0.645974181483112
2.193554481208061
0.44463167865152686
2.190762130861117
2.2124353547417837
2.19598802962335
2.1959586422175636
0.8650398444809453
2.1871647363254882
2.205300403390404
2.1883521216967488
0.2841954673106809
2.2100403150577765
2.13558510912747
2.193531903015441
2.175502970659302
0.28427871614880706
2.15701349760376
2.189844547900013
2.128613055549609
2.2048967255374183
2.164847604801398
2.149131901442716
2.1515639147009304
2.206565271317816
2.1282126460092865
1.0924870338632013
2.184325306083013
2.163750353425214
2.1579740140387473
2.193480971346383
2.1550781023594094
2.2169307231361848
2.1797688991455764
2.1615141047733637
0.9279524835364105
2.16296125171759
2.2062993720110713
2.1432207827648
2.1546776484186627
2.2252018935083777
2.142191631619008
2.1696446756372394
2.1616607772794376
2.1901604241535857
1.135673793151821
2.156975580529448
2.1582158678658425
2.1840531259759057
2.203819214757231
2.189658540577799
2.171535111444427
2.206897418880901
2.1994904218709124
2.1629513610354723
2.1924689321787616
0.2183813024565904
2.202664555196904
0.6033630975753258
2.185157114894176
2.187375206844064
2.1841334300127597
0.6283284620875371
2.1696857373331735
2.1405072186555936
2.15090907435187
-0.16947584531809323
2.177718353237112
2.18665864885215
2.1536105847767297
1.2532133064117763
2.2127177742798585
0.2311287320236088
2.1558142609477766
2.1623941232402295
2.167411017493407
2.1984524981148006
2.187053464127469
2.2133475463224666
2.1881041944486705
0.46424412892100375
2.201062253054944
2.2272934918248826
2.189899026957061
2.158689107654206
2.157842378947786
2.1916634648646927
2.1750584565058215
2.1114347037695804
2.16128757743437
2.172818771130858
2.2074267227941604
2.217266695002989
2.196367033813699
2.162724440986711
2.1463562125557916
2.2185149508056896
2.1784091619273487
2.202827605635337
2.136346196270281
2.18186824943143
2.1783377475345107
1.2587345746079754
2.2000984473308973
2.225679793200369
2.1607113744780824
2.182782504181933
2.1822070943063476
1.1319777976994403
2.1628296739011654
1.3284764586493008
-0.1680972320073538
2.1958353318811996
2.151297896428291
2.1995917609916695
2.1468309216954156
0.2686362805345135
2.207347459794183
-0.1640926847631431
2.190075068310649
0.2733945881164433
0.9364543687846117
2.1919842234404157
2.148627773310494
1.1509002695980395
2.1942824957768403
2.1382174903473605
2.1991723775132046
1.2656996030754344
2.181907465943951
2.158038059961025
2.224632746965458
2.1496083039872893
2.217196830803309
2.2026398130274063
0.24459795537131188
2.2029798191501646
1.1523268921291896
2.179695092039735
2.138756678918041
2.2074904969423463
2.161821709148235
2.18829768894173
2.173389164052815
2.1929564813427
1.2456387110048888
2.2032560470525473
2.1436549024952223
2.194885098168285
0.2753297444435733
2.16576101627796
2.188345744177958
2.1962092883793383
2.178097812897815
2.188569281162951
2.170535346905673
2.1886307474994604
2.142070072715752
2.135939324547076
2.1902105901411737
2.210027578372697
2.1218450542234635
2.2010768467170045
0.28408329521248304
2.1734062281290374
2.2474991238774042
0.27203077656798275
2.165095393317915
2.2070282679259625
2.2135279761928612
2.146005088225534
0.2790210590451142
2.2221096432684027
2.1853895583490033
2.180788425713658
2.229659088715592
2.1549307553302666
2.2290808838982503
2.208650884451213
0.27809092688025194
2.174739835506742
2.2112542002489426
2.1766644535280415
2.1684363070474406
2.1576108004817316
2.231765162790815
2.160095267886285
2.131802806644944
2.198785419890306
0.8993730506868403
1.1058573994256127
2.16373763307834
0.2753886790843047
1.031105702546175
2.181890797845618
2.147343218298652
2.190883659963396
2.196711139125415
2.1645634608591857
2.19418476415969
2.1609553841290516
2.1950478408507115
0.9742165273773478
-0.15852708298310125
2.186813096779073
2.1666536004945653
2.158421239724198
2.189490176992549
1.2920467007895788
2.1608415953046904
2.2098251702014
2.1903007769513847
2.180623840160754
2.203135793876248
2.1972527039692924
2.183976029685824
2.1412879357024392
2.182205106095905
2.186823213995365
0.27907999054160904
2.178498748973964
1.3029552242534657
2.169861740165908
2.2022352127643874
2.1520194490754614
2.157616136270601
2.152112710293827
2.201877603835797
2.1821019639894192
2.188815762275685
2.191363770276989
2.175575277480183
2.128898385213207
2.195163765935877
2.1635671105928034
2.1971458668929147
2.1729754623773334
2.184642003091051
2.180849155275145
1.3244999850278074
2.1602821074488716
2.204187652852106
0.16014578768723065
2.184912267083914
0.9718639671161419
2.2186191037295684
2.1731334334958667
2.2127223729898198
1.3091801047275136
0.7714395703892982
0.2881166569181237
2.1566349389218
0.27213506374490337
0.17755345129369746
2.2097176565400054
2.230842709797827
2.178265871600054
2.11910830294822
2.1929422123932687
2.183221376352875
2.2237322100859034
-0.17549075516472115
2.1675827643473755
2.2069429044703623
0.9281030457778845
2.187661106678529
2.168179018963074
2.1578364677485187
2.1968456600270905
2.230617575400112
2.1251861867069897
2.1468785894668034
2.1983833925951415
2.1519399290322507
2.196604631233229
2.1540311094874127
0.6312253583144496
2.1721677924522087
2.127969663660606
2.1643504749585496
0.6561076079701668
2.16327804401832
2.153859364293301
0.29001410185054693
0.17476581751666462
2.177154467914266
2.1382392582981007
2.2187321491702976
2.18094355384021
1.2851546833609278
2.220684976142328
0.27954653940407326
2.212451407814794
0.270170861253758
0.45174962962692916
0.29099612438767175
2.197972506188611
2.204504695185377
2.1849320633805815
2.147658398992006
2.1415098953355054
-0.21587865110964877
0.28475470292012883
2.196169948216724
2.182113384519746
2.185347079398349
-0.05207662230228782
2.1945307182633442
2.188082441259624
1.3254539917038262
2.166644559738396
2.160833112981076
1.0400276146025178
1.2467599812774517
2.1649107422609704
2.1713974070857263
1.2816270340636635
2.20404195938546
2.174965743936649
2.1807051567840996
0.6496620384926725
2.1588117348925557
2.1779672002653117
2.2361118221480822
2.1472651545385033
0.2672424190218765
2.207979553603358
2.175924612246038
0.2721386904395201
0.27714667980255403
2.186950323409895
2.1808672774111684
2.1944703386289035
2.193142822948337
2.2155514877690106
0.2767847687991601
2.1833446706553215
2.193633013889529
0.4629664139280441
2.14315640442752
1.0783917052082799
2.2001662063815397
2.162277656354286
2.1878266059782616
2.1839171328216933
2.1422641289555147
2.2181495316594155
2.2036126216756164
2.1426229279128624
2.196727900259394
2.1968137322706505
2.183759479237948
2.190076311631112
2.1568258227706067
2.1844340711038823
2.189562689878407
2.19731392933158
2.1848494286899944
2.196183572676291
2.1932181470459304
2.1965706956563236
0.15120462207791519
2.1560905640826316
2.1866944731454296
0.4550341442227732
-0.16193828657714096
2.161524629201026
2.1434811821607367
2.1770353216780896
2.2095987905823633
2.1895065826427995
1.2865708845510846
2.1467441882812364
0.9633750154016878
0.30486331017227297
1.1912454018489742
2.1788497196098207
0.28565404432501357
0.7898601412566876
2.2246362459348674
0.9878164170285867
2.163819087411186
2.190197044561838
2.1724075443937227
2.20633470381605
2.1912523609341528
2.22421557685737
2.167171850287132
2.1368267269104035
2.1212447596412893
2.181301324695717
2.107778309840457
2.2370095740569016
2.1694320236597022
-0.17625263863885088
2.2260755326551145
2.216697439605358
2.177859966177802
2.177832583312371
0.2864394325463188
2.1038757758063404
0.1893348498083539
2.141868355748816
2.155711732656939
2.1983233045781563
1.1037753421255334
2.2226563451678265
2.159845337439195
0.24646296882697938
2.146491293133329
0.274225329884671
2.1746062267596464
2.1315002888404155
0.7779603515830802
0.38596157891512256
2.1700344840437946
1.2848760561301624
2.156495331953682
2.196857539325356
2.179320371644175
2.1782173861756053
0.2357840718102695
2.1502918686710224
2.2085911354777066
1.3128032722956133
2.195867927651474
2.1773355297229564
2.184343440101177
2.1977037368849217
2.19842981380421
2.1722094368982874
1.1199796671411943
0.5206755887761757
0.2866755285843821
2.1844073943410587
1.2206052357200692
2.165592258375141
2.16623419199911
2.1815151611768986
2.1775444554637673
2.1378420597307954
2.14403437058583
2.1949709058883116
2.2100639499057673
2.1459548648779583
1.2347725702652494
2.162882555237312
2.205131919090638
2.195207780031203
2.174579687139161
2.152618117497191
2.2026068527516487
2.2180552650401046
2.202994072384775
2.173321712683604
2.1835232329503143
2.1731860478209617
2.2099227018421095
2.1929780528801803
2.146952526161441
2.194956971356752
2.164959339769566
2.1763082427082443
2.1957611598222573
2.157627806227014
2.1617732351470247
2.176379514039037
2.1762417960409977
2.1715139719499406
0.45319387389235977
2.1431732716779184
1.0549975401321916
2.2025011733850812
0.2785665246003416
2.176189553404471
0.9486786099111318
2.180066964348747
2.1688056316823188
2.176644637260275
2.1922734301572375
2.168552077052043
2.1855683850633603
0.664391627160335
2.1592282779018177
2.1934514213200034
0.28011106629655425
2.1884020036496823
2.1550149829749836
2.1752104090649373
2.154630247731914
2.1637569621904458
2.16298699876961
2.163674544760342
2.19932431364384
2.211360123601084
0.2711764962874888
2.177105209920093
2.215227368342263
2.1626851266418843
2.208906424788802
2.2178374822379068
0.38027341410325205
1.3423404153698784
2.174371311616346
2.09292083576403
2.1995190362256065
0.509192814260992
2.167665323876946
2.1231674753716794
2.1675608083530684
2.1783428529851356
2.1666790290842597
2.2097004246078877
0.27346583313195344
2.159548616184209
0.27705416900677027
2.1893412265730845
-0.042999367260710686
1.1334778726343941
1.082312223647566
2.182389541950342
2.1808193461820458
2.1516268547093724
2.157485915819583
1.1204318312911887
2.149541691980316
2.1901513696322583
2.208022974549242
2.2018315648560627
2.162510862927229
2.18551703561755
2.194905080837554
2.1645133969652885
0.951809795764442
2.13867843377704
0.6358297760349758
2.2136753045433224
2.1838685772234188
2.1911429949070422
2.211807582169576
2.1556997215218883
2.207168767063747
2.1916608811278904
2.172548700478665
0.2749215181224296
2.178677739673474
2.186979590556722
2.133282950803026
2.2096249177239353
0.8080392884972867
2.1651040741451864
2.159476898184015
2.1729271496990963
2.18767329288426
2.192327905469889
2.182823472976849
0.793953158292243
2.2186781651936984
2.175369523850182
2.1848571970168598
2.191281444942042
2.2172002342800186
2.119344488721822
2.1834684031100506
1.0786846933877612
2.1490429084245677
2.184952313898207
2.1417723323492535
2.1908019510203918
2.194133091234603
2.151377532935099
1.242241700068624
0.4393415383570585
2.19102319313778
2.2105616949764504
2.200072933938862
2.159790155153713
2.1908390086155185
2.17861975008391
2.1920552405142537
0.2728816347597117
2.2416457464802595
2.1663582150567913
2.1079380418683025
2.224077624208693
2.1397179839907627
2.1464872844198646
2.1746148191842343
2.202575048564865
0.29678557784991294
1.1659260868401229
2.1693285843378884
2.2093028470137406
0.27485051722468523
2.2003825261234566
2.199265764211208
2.1901131379710392
2.1589181941004707
0.9493746727513666
2.177537504060763
2.2311680022833054
0.280374823596779
2.167377821241059
2.180650121506313
2.1797669392968837
2.191918805847801
2.1940710474848455
2.1951263281863405
2.2068977338936193
2.188485267996713
2.18034678180031
2.2022864618958384
2.1739187265650983
2.2018049696309294
2.193768877857533
2.194474207459396
2.165030903871874
2.1961993749972724
2.128959412042037
1.1475641908682939
2.190591113460732
2.1862763698183443
2.2006128156994786
2.1628283704265843
2.136210829247476
2.1905783012588587
2.168906100576284
2.185486197758264
2.2359429028158937
2.185454611391887
1.061731812350518
0.566393905854411
2.1971767211067688
2.2011564641682377
2.1905197930178524
2.156994595670289
1.2714854802223279
2.2066998786455025
0.2785762905121403
2.1893482906963673
2.184553240798801
2.190869009317357
2.1999388566943723
2.170873643712997
0.26919285156149203
0.8270238414653911
2.201198009465027
2.1602771443599043
2.183338385670509
2.15094473286421
2.146847306762992
2.146199142827766
2.171119419483804
2.1767480347112587
2.1707129243017627
2.243738308783291
0.3821136331984424
2.1926081230128567
2.176578448754627
2.1687556980412026
0.900740039935311
2.19653185977183
1.165628903367127
1.0776254736657775
2.1986073551124523
2.1484121249858177
1.0916024791696688
2.1495945876360727
2.1658442817558097
2.182299598112915
2.1916502203130586
1.3082684414595047
2.198868758979243
2.187158055615174
0.9669857761211514
2.2032133571145103
2.1639406315532144
2.187644082750647
2.1552813108790265
1.1705542325044827
1.123481188386379
2.1760170862274233
2.205601655818416
2.208102848129209
2.21963457417787
2.1955377836973726
0.6716556959643818
0.274468022933958
2.1940616864892677
2.182217737104926
1.257178236939265
2.183490562710597
2.1450565988279964
2.151145867524665
2.189645901117636
2.1861179157595116
2.1436674265058087
2.205994331207264
0.2825977700949527
0.4271896126414066
2.211156335061541
2.141275335642196
2.172169772799193
2.208757333160234
2.097055723476495
2.184789645953166
2.1871265164821057
0.44326484351958534
2.1952356751793696
0.7419531647570455
2.202713407216567
2.2232475087073738
2.198793506399566
2.178114091143566
2.1854157519494737
2.1523096749303474
2.204188498137923
2.196590901911188
0.6038757630734137
0.28424987718125694
2.190688376596392
0.6037423598914234
2.213791338120525
2.2041519599995767
2.147528606289555
0.2687110715148845
1.2929359915796592
2.1644178110286534
2.111277941212708
2.182750592474857
2.209463413754495
2.186457048549732
0.45462783773616844
0.7756004565570205
2.1845883313656604
2.209850058853394
2.186230754286118
2.1786485727021705
2.1976938402387107
0.927794505467571
2.172665617676974
1.2833689701975364
2.1412956741702
2.209820089020373
2.21218592370857
1.25625400075329
2.154362031133054
2.1293316674955696
2.182097965090335
2.182795283204508
2.1824685380118325
2.1362788134410216
1.3051159381257458
2.1500189969606467
0.1598062065313851
2.216590484072278
2.1617416137475356
2.1788279014474714
2.218069576696667
2.1942048956349973
0.27787549515995186
2.2064457685946053
2.227306939089085
2.1872268233947656
2.199257904120504
2.17225255905218
2.1690610387840135
2.192667984365613
2.191104905155586
0.5992679209611356
2.1678634981571827
2.2290995703585788
0.29530588484276993
2.205597951477674
2.164259471853721
1.107377220221955
2.1823570541239388
2.1934539175108054
1.2676213038108646
1.2173279489411506
2.142237971768942
0.5638045399570285
2.179275062905526
-0.2153315927031348
2.2082439669106737
2.1979232763838272
2.2157942706218217
2.1742446326748093
2.1920831617402916
2.20233964573259
2.210039241671483
2.2325964894511348
2.1935861200760067
2.1780452684233294
2.1618373606084305
2.2232294299847077
2.198205328845013
2.189256969235045
2.1924890963458505
2.1519725547252495
2.203947867615863
2.170622692341006
2.1589682777291603
2.185455877892675
2.2193151999949707
2.139492032046994
2.2105705089904095
2.2069040636443074
2.2115789212772023
2.2159249009270034
2.1814593477994486
0.285226254263903
2.158933375516983
2.204528724130741
2.200685946475579
2.138665566618897
2.121911118907245
2.2360237698293393
2.1561574715084704
2.173004224771244
2.1942755253671367
2.2063619005258284
2.148609687823881
1.1796740357953686
2.2101928204110743
2.181106192747421
2.18674714742843
2.189734063813099
2.2104286014847903
2.2057622244598196
2.1881915088041213
2.1945505004088637
2.2116406702552407
2.138157776322953
2.213081702265232
2.1504322395153124
2.189209878097887
0.8398538011036331
2.1999955868737606
2.171247154460832
2.1838873073598983
2.163939834449229
2.190494634637898
0.28200115064078096
2.2043980408331736
2.1973784339418234
1.2889763616504082
1.2769096992273272
2.202779130982396
0.6316867423152374
2.188875027847554
2.2091189506174165
2.202720901733235
-0.16084779289404164
2.2004102899084366
2.203643244426952
2.1699378129196236
2.1947020428502477
2.163531878804277
0.2762514362676044
-0.17003501927501
0.7129532971893047
2.207167566632056
2.179390417631354
2.2207425154274896
2.2047320025047075
2.212346499205201
2.211456875199083
2.2304626721421896
0.27500683297301387
2.196563805786786
2.1575905043018384
2.1683499660449232
2.220702629168617
2.2006766040427785
2.1989504889878315
2.1871177651340443
2.178314229731244
-0.05225842036019962
2.2252057181413503
2.18783344543812
2.1906649084524803
-0.16491361144090788
1.3044730892125416
2.15920746171684
2.185544938852238
2.1721090781551164
2.2170636759742264
2.197579000871144
2.2181605583840756
2.2061860812620915
1.3080109369929964
1.2348109901486932
2.212383855361561
2.2101962575985596
2.1874188065403635
0.27596444718427277
2.1911540944300225
2.1731608503450186
2.1479410770260436
0.2849886506504748
2.211915847517199
1.2632036946102958
2.2105145433210422
1.139635923036581
2.19471188088743
2.1879738944976452
-0.16785433153714377
2.153331960541961
2.1858675845576006
2.1697728798289386
2.194609898768472
0.28228526703280055
2.1875306965429417
2.162446335091168
2.198330103619341
2.177708379270847
2.1618905804640116
2.198320341706564
1.1932712677260804
2.1492522803984526
-0.2090466949106731
2.1941938016205342
2.1613171735263883
2.2082808889180567
2.174895735518645
2.214796950805023
2.2456006696105604
2.215751095725759
2.192697293661318
2.200511620228235
2.2047088374726727
2.2095290140213844
1.3334451828988385
2.1270469331819615
0.4776675330737835
2.19405872614617
0.9135429231192568
0.4685509734373344
1.3069711298700213
0.28325766059179425
2.2040993529240662
2.198969346367189
2.255975404989194
2.2038295714933733
2.178236677706995
2.2314298985392735
1.1007752608925485
0.4600369925196206
2.153058063838327
0.12044734839540042
2.1751606924853877
2.164991395974721
2.1864526844440233
2.2286899480605404
2.171815627952049
2.1839167872290153
2.2051346669235197
2.213869910149395
2.192341323363234
0.9876709366217971
2.2042652175761774
2.1945479484104453
2.1938665297553044
2.1845398480511964
1.260441930162313
2.2307590464617983
2.149541834919659
2.2269299132918454
2.1915365785658683
2.189383755152494
0.5347141986868471
2.1958665024891264
2.1563459296270224
2.1957616045212243
2.225121104782085
0.27905453444676065
2.216377145720795
1.1677182426687849
1.0187549808930891
2.198515287441961
2.1929734886491796
2.2031473025798154
0.290723178467278
2.205760357068752
2.215656979807182
2.193644957718327
2.1637611589630685
2.190331123187009
2.191560081261016
2.196892885465795
0.24953311080895801
2.2268801051048523
2.1897500097545155
2.173860717795775
2.1211163664661923
2.2131730887530594
2.1935213726106113
2.2009646576667787
2.1986390065670793
2.1595141850488204
0.28489080186981913
2.193927768483421
2.226430418388637
2.2005241918791745
2.1982969946461743
2.243122288001084
2.2075917215002887
2.1973275481377685
0.328973307044759
2.1951339833745065
2.2145496977728003
2.1710516288609303
2.230682415683974
2.208724651925851
2.1716018924551213
2.19219858391811
1.2952722896401458
2.204457136719241
1.2414981788498995
2.1686198565576227
2.1963530045497874
2.2286890426670487
2.1907471962129517
2.205300015517843
2.1999485814871274
2.1980836346666077
0.276164320962234
1.1275016481862952
2.1773836769629082
2.2178799976821515
2.1800714798588228
2.2042235759592073
2.214299398323993
2.160992968572947
2.2209677522824514
2.2100223472394305
2.153809751630535
0.8930168112696499
2.1527601780712065
2.1540553174861037
2.1927828285551616
0.4558020396372916
2.173576315909161
0.2859016493367459
2.102664263407762
1.3070172425785667
2.24332327097558
2.219138067413605
2.196818396514005
2.181005072274968
2.175614637176963
-0.17052896974936096
0.32775458086363
2.209328268945123
2.1870991627719905
1.326839414848576
1.099040673318392
2.1562870935971707
2.1953132847903056
1.3027661876529106
2.2134193410583007
0.821987182034407
2.1791713026469797
2.191688371689752
2.2039017751694128
2.2037190486957106
2.1576617744742164
2.2165213490685907
2.157531892994867
0.6224778009475588
2.17510081183228
2.128393394059853
2.1513877513348367
1.1885315267156533
2.208306045422719
2.2140561110021233
2.1792977089578622
2.1659423965298488
2.2038706052698736
0.27821971724935385
1.3504109462623595
0.22129322258683362
2.120239173115678
2.208750177849504
2.22319229355206
2.1810847836722713
2.1982349908448606
2.187267484916093
1.2611105255244617
0.28952978180973965
2.182483389853389
2.1893236948662187
2.1846471195944357
2.1963353058622115
2.1759989331844665
2.2093401353024795
2.1795194827463176
2.2147262207034064
2.1697086144062796
2.2281120534627252
2.1778276284278846
2.207993775205045
2.2079695530079886
-0.1591679337798395
2.1890878185182925
2.1968289462597137
2.170497473642362
2.1985800407313567
2.1912760516553145
-0.1555080521534602
2.146218642969975
1.0988431982353857
2.218951831017881
2.1778280724549726
2.1946173052067666
2.1981187756789176
2.1597164859027136
2.169189261061797
2.165056828072333
2.2071023624250903
2.1415477327917696
2.1839449138315117
2.2041358335416974
2.1965144722236047
2.209300214712953
2.2049614013484904
2.191363332838274
2.16547343034988
2.1601696269960753
2.206088602206451
2.178772145594452
2.1575644333557094
-0.1526769078269143
2.1955566136154587
2.2040252357184373
2.2374540639794187
2.207955748919291
2.174320697193572
1.2998906932338394
2.2010149051654597
2.194560685590536
2.1884636287567467
2.1821770489849053
2.1289103559000484
2.2038085045005733
2.2073332874511347
2.16807152105933
2.199851600061805
1.1105466185893895
0.7640555442066922
2.163695898062286
2.2279089503527647
2.201617986625216
2.2046503794316314
2.171509555461885
2.1776909628862775
1.2808756579839782
2.197514839744778
2.2035745682060264
2.175814752595514
2.185912493487451
0.9450931291872932
2.221816000399723
2.1786727890693003
2.194116809351857
2.1891058699578236
2.1702540196669684
2.1857961984111514
2.1649516627383574
2.1975669512931466
2.2039979370696487
2.1774637663311687
2.1989079446735356
2.2053071662265085
2.1971051775203057
2.1771089927318577
2.175765451209217
0.7398874337259445
2.2284358245660245
0.806802042344452
2.1575176201257418
1.056783417268081
0.2877229603275814
2.1647569009050027
2.206189422877279
2.165043189749813
2.1997311067569703
2.176136969562418
-0.15253407019026513
2.180147374735977
2.2629165893296763
2.202441790852602
2.216847989328425
2.1739515259059083
2.1910694931865953
2.167912650819726
2.1865240353809345
0.2863390983268254
2.1757892455640766
2.204686542675568
2.1682098788087423
2.19203898048207
1.357724793394946
2.154357421041904
2.2155050648157615
0.06316476650928138
2.2176704312470297
2.195428195616496
1.3411076655704537
0.8633941382352799
2.2001746132443722
0.7551400650885132
2.1427570874656205
2.194477209599423
2.2136503413425372
2.211373970636389
2.2181507588486316
2.2308886615006616
2.201601964478174
2.1864405097901343
2.23505269612009
2.19775407553315
2.176156829410534
2.1804545032414073
2.1784821154480962
2.1641514497778465
2.1649453862925334
2.2219470067569045
2.207688295405823
2.172954576315252
2.1878128556818526
2.2120164454505655
2.1512536718623023
2.215512768005547
1.3340530721764738
0.7874463815933145
2.2067694090072827
0.17334035302928819
2.2006131450161974
2.1989522775575674
2.2192975768119316
2.192755834512716
2.2091098811426826
2.219901989033526
2.2190545309931347
2.171043298496624
2.1900277327863567
2.214735689640241
0.2920473713876053
2.2110102695213634
1.0820330660105622
2.1917173453292125
2.1911606155962415
2.189645730463485
2.2181890737177166
1.2794729981532678
2.236625090067015
2.2059572143685715
2.195296187540246
2.206439898331432
-0.15999859293742424
1.349431324747539
0.8958215547246435
2.2064707211395254
2.18672065507884
2.1820252251991645
2.218456702268577
2.2119140094391754
2.1953563614044964
0.9696917648259668
2.226162072928436
2.1986205464442463
2.180295492952683
0.2877548998503592
0.5023178381379012
2.1950834461624247
2.2044413361301913
2.1666975525104206
2.2056489483778003
2.1803539698392225
0.9472529986507625
2.1947278493005618
2.178383679208352
1.322430015408898
2.2092666831910033
2.168567771454503
2.1918393398698046
0.2864730974196291
2.2222297507600266
2.178360553802615
0.283038681342716
2.172965261823173
2.1852595598537805
-0.17256191872830262
2.1729131724067576
2.199729390215407
2.208033378629777
1.1167404187324832
2.206083390624502
2.203658866424381
2.1775921789490695
0.9903786195638852
1.2425549832865304
0.509159477241357
2.187198859651094
2.1918119454002936
2.1647722408979737
2.203918329901086
2.1903420498127977
0.8089828177792077
2.20547686100832
2.21095780399224
2.1928151548338626
0.07876576258042423
2.185882291076391
2.204883315054154
0.7886065588012179
1.3126175349820963
2.2049525499180485
2.2362697156691738
2.215560326383324
0.3643401410171631
2.2161103474659365
1.2912055838575875
2.1821827723267253
2.1994142871650557
2.1417859664677055
2.196094116928929
-0.15551008894350823
2.19259018136282
2.199002962906329
2.1753949413205556
0.8700636126367666
2.165367540598284
2.2138046471286446
2.2323414648754056
-0.1631764834495702
2.219768068598378
2.183791277939015
2.2155038168679995
2.255145252081997
2.2182966797148804
1.2595388097830038
0.7832749406494668
2.1953879306150523
2.2108129005281136
2.177042236629916
2.180878765316389
2.2200775482932684
2.1614252347445433
0.32732896044648535
2.1951282254749787
2.1857210901661857
2.227190352224068
2.2332796012071676
2.211653085027949
2.190465698847676
0.12828823486732316
2.1905091509808994
2.2088417771460924
2.2298708541743215
2.180223281230153
2.1504820985005555
2.1670955686647897
2.2018681144540166
2.213076004665594
2.1920781341595443
2.2108028434739784
2.1697411686357895
2.173225026083829
2.2293836333516586
2.1971027160452956
2.1792481800038157
2.1680884600104484
2.213209039336549
2.197507087028254
0.2834193229157948
2.257002366859277
2.216763351684378
2.2447637210563114
2.182578229570746
2.165576196104924
2.144559284074613
2.1795256121888418
2.1855428822356995
2.2141750156228213
2.2084242189159076
2.1866260653989453
2.182652865275803
2.18909160509866
2.17601790606391
2.1946741795337665
2.164284108019361
2.192845432863481
2.215798383670235
1.294485158070762
2.1981032628088153
2.2162514998633176
2.2030449017525324
0.5150958092719049
2.1788659757889963
2.2089532207725053
2.22186906584957
2.2133764231128015
1.2936718509616714
2.184465582652696
1.0265447838196227
2.189633883579722
2.1978431128957876
2.17643850093503
-0.2175809840936588
2.1968402223153394
2.2356918166750477
2.1855752971134605
2.217781575135888
2.2047726449515292
0.4645559663789749
2.1719108164807066
2.183344754736307
2.1964131180643323
2.209953941749177
1.0786105153556544
0.8448943898653234
2.208507389920886
2.2066763087047407
2.228301291553432
0.28925674121046474
2.23798074682265
2.2125819074476247
2.2259076610734336
2.1928892499814285
-0.038803048860655054
1.3119785606080927
2.190966698399519
2.151076710520911
2.160511599965615
2.1665484038018983
2.2049802185865324
2.188219801495169
2.2111333314914385
2.1902285583273597
2.2110414697066516
2.2161967641332803
2.217611869572274
2.1847799573641917
2.1569873923932015
2.2162102005008313
2.1894276498774135
2.2127197102618696
1.3389162690803789
2.1749328893334905
2.202289206208423
2.176016962228562
2.2222960724026173
2.2074040640128043
1.3388889060284537
2.2156811980817697
2.2088744916452634
2.1926472961430226
2.182491754206705
2.1803378745946453
2.192614911433849
0.7847121689091965
0.8447107775592704
2.166169481621565
2.174709555907376
2.180450815574829
2.1873963743453992
2.208715548172664
0.28754501659563797
2.2093142048582193
1.1535646181073171
2.2401221351971223
0.5165931772025617
2.2137567199539983
2.2232781219059436
2.18810645166364
2.193843754498038
2.1889692032566224
2.159519684906816
2.1887175798353207
2.212082310080185
1.2233860597565056
2.184517630439875
2.178763563246711
2.182402225377122
2.215956100965096
2.222904165194717
2.2148875884672776
2.204199965203131
2.221904707267498
2.1784850699436213
2.2184283841004167
2.148543218721975
2.205816212480178
2.1790466093916416
2.2104210094172965
1.1562918538602163
2.211849792093782
2.177394867338757
2.19221143304979
1.1263263148125762
2.2044845106421826
2.213515722703005
2.1988155449965707
2.174648529647987
2.2131500832637574
1.2818523581806416
2.180805395805918
2.2336394939860993
0.28291022641941327
0.9882757993325602
2.14757079947442
2.2280865308244002
2.2068466056490106
0.23336594580893918
2.182707598085926
2.131687968713261
2.2293478905554966
1.2435722765457284
2.1938013449838922
2.20777540536728
2.1801407315316506
0.2874406044451724
0.2782335070668529
2.21283186107459
2.218341013290334
0.2795335232532564
2.2213318911335165
0.2823954947949633
0.288259115573948
2.227301035208895
2.192266628660783
0.4588054153464406
2.185843285016075
2.2182237969620986
2.2162581098710383
2.156123174791394
2.2174447243325712
2.2026095669445938
2.213175912356993
2.215319380298215
2.207787154016506
1.3386903299735453
2.189951074468159
2.187635191182939
2.2123784292858533
2.2059794203176946
2.2034704771832554
2.2219555414732954
2.1833444852094055
1.27047902790475
2.1807649323187404
2.2046516161334067
2.214281688188626
2.177034581067337
2.2098655226349018
2.2064273113931145
2.20076330098824
2.220131167320275
-0.17343618157949173
2.1940160567144513
2.205004367983787
2.1929896223676515
1.2206181138525578
2.1828118994336747
2.1815696777756415
2.2435928997859813
2.1926672366906934
1.2709620560755257
1.3548538190542712
0.2872372519952227
2.186718125585043
0.6323371130226196
2.2088957556285655
2.212494083205899
2.1886235597917683
1.2844769873974737
0.00013371066173267776
2.158919535312455
0.644930872234124
2.231814555568568
2.2348295465164023
2.162225030554094
2.207209591341413
2.202196678332672
2.2134787155567253
2.2330787637397527
2.194913169405091
2.19835978446537
2.194548332959105
2.2019718159966404
2.2037010278507507
2.1999412588839746
2.196180916953546
2.1876609578281467
2.194758630833637
2.166184262235358
2.164726535998697
2.1838420217034487
-0.1615733532802326
2.225391743512755
1.315161953751748
2.183246430471618
2.1910983570740687
2.208796413497104
0.28867071311885006
2.1916844926941184
2.1918408107697314
2.19873685457022
2.1866524295592584
2.2319496892732396
2.205764024453609
0.20863873785563997
2.2014028609819594
0.7950311721519616
2.215178780409386
2.2163611778391132
2.2061847247602575
1.3125618776566146
2.196731369183193
2.204101755308554
2.2120482515218267
2.1869086430656584
2.20328521657036
2.225112864621301
2.1795595904915865
2.198375853846313
2.195141697294322
0.6420351493008222
2.1896637576135696
-0.16903354764395867
2.1758036044692233
1.292874712008726
2.1792257480953894
2.199789697093111
2.16196016535232
2.175330721686633
2.2110279838400215
2.1802294468415218
-0.08912363269896523
2.184890793737803
2.181501346227938
0.2966427227292206
0.28511033941502073
2.1696158735882527
0.7929100843926926
2.159817195786087
2.227248224503489
2.2123799870514516
1.3475547858686312
0.2781122950496119
2.1905841764026417
2.1808908119033523
2.155257910325175
2.1990543488363956
2.1876748272354316
2.1986102172203523
2.184302357257398
2.20043976533234
2.2315421426881885
2.1894490563294227
2.2313380844191473
2.178905900176317
2.206348344299441
0.9290067601081706
1.1119439299653011
2.173065629419351
2.197279318444621
2.1981149088933565
2.171687787737868
2.174391499518152
2.133908166582316
2.19949973310316
2.2042585697389248
1.2863276525577156
2.1774265051727566
2.2166352687885507
1.3430251840335992
2.1920292260837337
2.2099098858910047
2.1665131458100664
2.1871558478765456
2.2318713448659313
1.3127719482630549
2.2154489957781434
2.1948415628788345
2.1795030493560015
2.162157564750234
0.9633097469674526
2.207283532074783
2.22987661812395
2.1789837118311572
2.231060785421332
2.1964956671208986
2.1658789822900673
2.1554226117293007
2.198053484739976
2.2261183283435115
2.2189051757270066
0.46693265055054395
0.19380701257904775
2.1811182931410364
2.2159826810171697
2.224304607049585
2.1825015773793814
1.3330341197423017
2.183063142899302
1.177443766504902
2.162620366725025
2.227608880851351
2.2104362304950227
2.1906872098564842
2.1882821287495755
2.197178061620649
2.19511149116098
-0.16138517164368066
2.2223659701781946
0.28533251888036676
2.1280630610939273
2.1886789724167013
1.3435377437370402
2.145714829370036
2.2149207896436973
2.182718590637767
2.2208466074768998
0.29193698801248247
2.179151719635078
2.181371158393388
2.1920922487504755
2.1804787892288164
2.2077052217280557
2.2052618604348124
2.1761206866104237
1.2889464023059922
2.253980534422488
2.1647554520886265
2.208306942402897
2.2380663998729595
-0.04271467557200859
2.186776831498271
0.1133758204450116
2.205858977570956
2.2251431445480434
0.3774919801504062
0.605837773437526
2.21570865823554
2.200377645586915
2.1850669744681515
2.2148307510424736
2.1928025513840863
2.2044512435213104
2.1880755030935655
2.1778434972937357
2.18993845389336
2.1917935027520663
2.224370562132636
2.1565405226829313
2.2183687368619354
0.7904871454213941
2.2047403348048444
2.215673578644202
2.162180455814788
2.192466916058858
1.3463891209351935
2.1942218448121507
2.2264654923259872
2.215093686666027
2.21181247989834
2.224360408384827
0.25111750548097594
2.2230867865759483
1.3079166522839816
2.1845712354982183
2.183186983842152
1.1042016646229411
2.1486151606497748
2.2266158886883027
2.2136991156250287
0.23356291679689867
2.1904559121628697
2.194127416717815
2.1761621138777967
2.205446785888857
1.2216679697636113
2.2098474412501496
2.136144714440814
2.1770563942666312
2.2177126215279443
2.223778571102759
2.224989828025791
2.1877621475564766
0.2900626741414027
2.203689152400757
-0.20508500656807055
2.2097771990153374
2.1579855010374356
2.2220642793732197
2.17007628446214
1.1549059358648375
2.201645940542033
0.2263013162070303
0.7966153436659689
2.235848466160727
2.1803103442460667
2.184049903699762
2.2132039873922116
2.2216502747872955
2.188948727356446
2.217021240279739
2.1903686530847764
2.2191557368891504
2.2120816171937543
2.1899550203076803
-0.15682109934566169
2.206855839619174
1.0971464874657677
2.22135102289902
0.4035053836713512
2.204372888172812
1.2575979118557674
0.6184358014971957
2.187528368275832
2.175044155823591
2.176403234097097
2.1776213010206065
2.154396326847198
2.215419411931947
2.2103160095530496
2.2034833590688017
2.2495960267442285
2.234297572184727
2.2101763828301255
1.2937470311261856
2.1878592933594785
0.2875129834227853
2.2149026897654656
2.2220893003263944
0.46705985566687064
1.2742342254035515
2.2052218138193087
2.1712444143686076
2.1967785564111346
2.179413687546153
0.2780622046737792
0.12092120675212437
1.3497354821986827
2.1985994545025167
2.191943214631741
2.193409880706869
2.21951443139473
2.204678653951788
2.206830370553762
2.183909260967676
0.17022423448894286
2.1794362038663655
2.2079700267985
1.0702034366191042
2.1962646990810724
2.2099659094098634
2.177387460828742
2.230691527929138
2.1631687838260287
2.1812971844511715
2.189890802917764
2.216122664340736
2.196381691174522
2.1972855330074377
2.1980131867671515
2.1075625240630727
2.218075508865307
2.2056376573973253
2.213952791297582
2.2017031812727397
2.208631897857319
2.2248328597052596
2.1909546568762055
1.2339776952358588
2.207610423449871
0.6196039740500234
2.165796675812383
0.14886215653654067
2.2094396885609764
2.16388881361346
2.179404688236251
1.3333343983644728
2.185168622334444
2.211689695835964
2.1550511676741477
2.1849561873044863
2.226507385160744
2.17868834360855
-0.220209963386142
1.2773419274127464
0.7679138045735282
1.3277249040882035
2.2136892114958195
2.220877097360141
0.2669858971342891
2.215569576067195
2.2181210757041754
2.2198896887765316
1.3252037687205092
2.1904409726764076
2.202796168716257
2.1526725461514733
2.206457955549123
2.177089928734927
0.2920982997738736
2.182876800131704
2.222442775149668
2.181202166776135
2.203924508300962
1.257698851580893
2.1614033038786156
2.2037206366645057
2.2488604951096294
2.1797286549809263
2.2065453407306093
1.025031904825201
0.28887928097864934
2.17702651573438
2.1973454446282625
2.202306527234942
2.162204465522978
-0.1578507756823218
2.2033778957170798
2.170063203727752
2.205670538953193
2.162782594862223
2.189204050781381
2.191895788731756
2.2041301371667195
0.2826296739703605
0.2871258279501535
2.190737595924056
-0.21817371600093347
2.2152853572314597
0.28212403761216437
2.194009513563282
2.1739328242839613
2.2051228481164054
1.2967305345599947
2.1956228681049743
1.0571198624677343
2.1843193336758437
2.217134350243677
2.1764780448058065
2.1976713859925647
2.123982312267928
2.1877255469992574
2.1748807071808725
2.13737523205337
1.2855495827284533
2.1728826964839847
2.1796879677665815
2.220692503839297
2.1516997096476564
2.2040006334194917
2.208436448350114
2.1803968150967856
2.1943249600633075
2.166259273894518
0.3126650406373732
2.2035296937924733
2.208425274643452
2.2138003074031456
2.1893517906971622
2.1861783099861523
2.2013266085719394
1.2768967108085227
2.180561637219556
2.2206634761758473
2.2172350857042
1.0377485564602638
-0.16063938557412905
1.3258751831850477
2.2142752170758286
2.1860656204918847
2.233200267901216
2.2155057651109145
2.1863453885570654
2.2114852221397774
2.218902349960416
2.156936126428789
-0.21848696397220502
2.208082496843973
2.207972226718396
2.201244301589039
2.1924202379059716
1.1381867851995495
2.2227062292769233
2.1666546791074746
-0.04232640090128437
2.1986243173870372
2.176564677543456
2.212734202525648
2.223232654708813
2.213820130550702
0.6376380621569155
2.1884334606811255
2.176392339661791
2.195233751680814
2.187964387645777
2.190051726332463
2.191034108095324
2.2161953258757476
2.2077918337546945
2.1928196233973614
2.196045080617787
2.215850927926618
2.209224993796431
2.1973142149138667
2.220175351889443
2.190405156311398
2.183369417214219
2.212480857139539
2.1794714042704784
2.1980146546616752
2.215186813795609
2.1968304712811406
2.2095360255123087
2.2055742302405505
2.2083449350371627
0.6458288625809608
2.225445908212892
2.236131411837251
2.214011376613053
2.235524867448629
1.21546997365343
2.16607533840284
2.254658149778405
2.2014148287544097
2.2192853073338017
2.217010361458399
2.193956708215505
2.1727806727878014
1.1355564317798925
2.2027877914613057
2.215235341482724
1.3449018461021982
0.15319032136561925
2.2199853878419438
2.2033626742447754
2.2010895832871027
2.184817447164475
2.2437312715259083
0.14312564980322487
2.190989569059324
0.2851999109033019
2.230454612286867
2.1732243035721632
0.4478345190800253
2.2109114754755606
0.2818724559548476
2.174223730631846
2.1549893465565817
2.178959513654137
2.1966461656634038
2.192286999679489
2.2003839763538293
2.2425028357527084
2.2027843605714597
2.237127390707267
2.1955351395356564
2.207047649823097
2.184437061709438
2.1644594270473227
2.1549397727718356
2.1814560330517656
2.190526670216829
2.183271063879446
2.223802314820368
2.2241133531551416
0.18930044504974824
2.173991288711088
2.2292154505838484
2.213400462915612
2.197509647644861
2.1535244416949544
2.204718516340356
2.209059167965295
2.205824772876105
2.1927994781601807
2.1679500363728206
2.163758191787374
2.211081463104788
1.1267473133100618
2.190921037801634
2.179249799514573
2.160157215249013
2.1667769101126844
2.185314728513368
2.191885595157188
2.1844481133606832
0.669013706469338
2.1734944084123216
2.1726457934900343
2.1726022798136087
0.19334357605641828
2.191501796299031
2.213342581371063
2.228084460964559
0.2789946697718372
2.2182903236017286
2.1703966673007242
2.185602402047089
2.207919518801366
2.219679338257359
2.2247090695404017
2.2188299640367086
1.3125147320407253
2.2101357683290113
2.2049050466006426
2.204954095672509
2.1858776325471645
1.3155197087616783
2.184510444592993
2.183142188488417
0.29167474529448734
2.1884314718649076
0.22736043744229956
2.1534385479337637
2.2052417844879373
2.180917567508812
2.202231672099958
2.1992285200437114
2.207736450468131
2.2008535070145125
0.13861030636758415
2.2176389548090225
1.1238076582158887
2.1940159907516317
2.19032921405472
2.220897988671982
0.8066618130187739
2.198322167603136
2.2139708272506198
2.2255597253151365
2.2123557529035693
1.2529895395895967
2.1854052137972446
2.154071457180705
0.6778467854730944
2.1702859072711576
2.226724644779395
2.1913497917202482
2.1847127170023626
2.164612169931969
0.2946156002145923
2.1826333851634896
2.145082814610671
2.1876326421850067
2.2099791902145314
2.2141040654448094
2.214684506031942
2.148837855098336
1.285678444179311
2.1953006228060628
2.1887156039964086
2.179893124948113
2.1969912480265568
2.1723727122576055
2.1950337123182635
2.1908820885434457
2.2158182523990075
2.224234033912201
2.178093833301565
2.2220404864481127
2.21712240111869
2.206300836741661
1.3005348534214924
1.1908237849344332
2.1547639572262773
2.1929056235839424
2.2118221997028567
0.816941274949788
1.139065923140507
2.210766475555946
2.2109924485577315
2.1834459318850596
2.190444952861172
2.2025225363966534
0.5871722950621547
0.7868961691188289
2.2153441602052357
2.20384174371818
2.2009811211482506
2.2144567424347494
2.216637516626852
2.157387185849038
2.187597467153571
1.1112718226241818
2.2217250264221824
2.185264303612529
2.179918155662354
2.2120690442997466
2.2112982953028686
2.156703057863313
2.2352622602221652
2.2181684163422553
2.1969146447665513
2.1689411070478672
2.152335783649875
2.1651020927248714
2.2059463367389665
2.1879523160222183
2.2002182680473985
1.30654778705387
2.1834150404695523
2.20723986461953
2.220713839607765
0.2896802498158039
2.210280393816919
2.205329437221336
2.174849594951663
2.216265675025576
1.1982808613816935
2.187723266443434
2.207110984520072
2.2214393268000077
2.179087507298858
2.1529944570572157
2.156831344096539
2.1863471220707407
2.200032685962237
2.188681342481577
2.2182465344925877
2.184370660706052
2.2135656012341194
2.1896900939568495
0.41716380372166995
2.1773845681237427
2.126758655006454
2.2023330835517454
2.2247278221560087
0.21637870160435757
2.2104953689176083
2.2118232047256914
2.207871133445124
2.2211583601343845
2.1781174661417975
0.4263861246388986
2.162801985344352
1.1418057749111001
2.1947537078454404
2.1711224876757926
2.215953413640843
2.1189278662590225
2.211264355708015
0.7931658863451935
0.6000274124281528
2.2040761667948274
2.1950326760740655
2.200998907295875
2.213949421433839
2.2314179395518225
2.208784660248567
2.1963564769653505
1.1837489188407377
2.200795185672814
2.204427896281124
2.174343155912604
1.2729245441402224
0.21858564776037862
2.1686818578553053
1.2983045770547896
1.2642099215921656
2.1904407601192544
2.2015105115443347
1.2173181082476034
2.215954646631384
2.1884040761556327
2.1887134975027687
2.189813562250415
2.1688943419052307
2.1823450598331977
2.220081682875813
2.2176033641371786
2.2091339086894535
2.2071756868370853
1.1091432802382533
2.205120546847014
2.186607864468689
2.168801636835557
2.199598073728777
2.208879164052996
0.29161006990063565
2.2007691135714684
2.2052412427762436
2.1952404574070172
2.1957931376242477
1.3306209200529728
2.2115157055133894
2.177197562410779
2.2343426624321383
2.19868863558444
2.1760809519407096
2.2016780961387683
0.6190362961755289
0.2862922798874039
1.043434086564323
1.3170332181104507
2.2114110818291755
2.2072547119603567
2.1511639563891407
2.1950843808485576
2.205794824550577
2.172546559822674
2.2057866251388525
2.16498160594667
2.224838985594868
2.185476239918996
-0.15839120549873908
2.2180303194068225
2.2219451581861587
2.2284667860445766
2.207847255442485
2.173019371341402
2.1912797920881073
0.6378562568762107
0.28738846386208444
0.8147197517140644
2.2045652982385935
2.2061776433517055
2.1933711929539577
2.1750944261493403
2.156487610169605
2.2029919339088706
0.7868782223924171
2.2002435637404907
2.198534841439159
2.1753605072122664
2.2075719808179315
2.227909614338521
2.2114318205685777
2.1633868260112736
2.196242705207166
2.1893037876513333
2.175644559107136
2.2488521768287457
1.136157764026472
2.211420719565039
2.216919956801993
2.153695808412188
2.206450400397329
2.198098704072669
0.23579978261155835
2.238848110281401
2.214072272162979
2.1755209521598875
0.28416270812247013
2.197615658037916
2.188947908617682
2.202107617018584
2.176567523658941
0.28228207823068546
2.199245365265327
2.180664478251912
2.1878020523717594
2.244758003582958
2.130036793946003
2.2195022227349797
2.167192611600206
2.198401952922172
0.45660976458374025
2.211960871495984
2.2135482511097075
2.1815883493278503
2.155247478549284
2.1789148546973776
2.2057306103687058
1.3249097130514875
2.186894615073328
2.2120306877209304
2.18430181402038
2.211894951573672
2.225455526571363
2.2194923226215866
2.1798121728612774
0.27760677241572984
2.1993840567358696
2.1565651594639195
2.182896477143234
2.183910608814089
2.2074618460971296
2.1911518119157734
2.2172329727624276
2.1960145465366554
2.154624341821827
0.7464080454287658
2.2018164617776903
-0.15921539415629124
2.2251404656832086
2.2167798541004915
2.2008618968063076
2.2126680544913335
2.1942470621818098
2.191001045633193
2.187678518002736
2.2346563959058465
2.2334273795728716
2.200748457319224
2.1924932806550803
2.1812512881978874
2.212215438887558
2.2174881248787224
2.2234714212892452
2.1826712360850284
2.187755756902389
2.171254475396485
2.20923624533685
2.1720875707297944
2.1252882413503245
2.1942315754047574
2.20274218511328
2.197326747120524
2.202894554560321
2.1970027510527994
2.188618396803867
2.2043207209642914
2.1743372692806293
1.3400634633596036
0.8847749267327985
0.2864391044514132
2.1679303256064677
2.1619625840748684
2.1615829241225404
2.1655655465282146
2.1670577260402526
2.191361340293584
2.2182593887537636
2.19652656799172
2.160452189242302
0.1430048175095013
2.17136304041676
2.2119255463988
2.16938997869061
2.1486287747399446
2.184550060782074
2.19045861425482
2.19766775756785
2.214893859830879
2.18700036122505
2.177959873300283
1.2819834283665397
2.2156948723439154
1.1333627026021003
2.195815869335922
2.1839695286232685
2.1399720929469424
2.190094226892802
1.254102425520255
2.2194824911019166
2.197230189082406
2.209437783189661
2.2058088067617447
2.1808462177092243
2.156743892854351
2.2006996304144333
2.205157808098048
2.2297008833377436
2.192747627094911
2.171201612084638
2.2303817742732663
2.1517945092178197
2.214223769643151
2.210391765414456
2.190779956918071
2.2044038457848365
2.188962162804435
0.2919726542820404
2.2027886067743787
2.214846582052833
2.2012806188041067
2.1981630748572227
2.211792808553268
2.1840447753391103
2.2072829178548
2.21306464891815
2.2028186602299864
2.2188645007596888
2.1870389938707917
2.212034113133459
2.1787972901553174
2.192118910358931
2.2001693082427387
0.9452892982795117
2.2048877874121446
2.174427639275451
2.2153171739555324
2.204205338129703
2.1903579963471715
2.1536903603040978
0.1290876329957509
2.2116596389421606
1.2669766863296128
0.28190762045536555
2.1753025033842146
2.201677846545132
2.214112873264279
2.2063756796635796
2.2051339295481753
2.199770387060263
2.2081825004580056
2.205278684596436
2.1950151146256514
1.2784592688664103
2.145611281569991
2.1996456839274092
0.2842771305580528
2.1800855034654294
0.6432792689488092
2.2016521547357413
2.1854620165656806
2.191320788691347
2.2282118946458747
2.171252851696012
2.145183555735543
2.2015039621967407
2.1757899578132514
2.218063423637914
2.195161605722182
2.1946405086997043
2.216905682502734
2.1723937586960185
2.191493841383245
2.1934013696530696
2.192173791090764
0.29098005261186277
2.1909919547115417
2.211633482950678
2.23162033168269
-0.21711204701534612
2.198698244802542
2.186348124833862
0.2523608722027536
2.204868040746886
2.2119822922458896
0.07833501254699549
2.175636640397947
2.218294304188131
2.1642096912821103
2.186891458436053
2.1925942732167005
2.2057708064851314
2.2174775491319307
2.2078156824508226
2.1696980925214824
2.190763031837922
0.2857035457477505
2.2028903769395547
2.227835450952057
2.218549245554492
2.177384573391485
2.21723254981599
2.2029535932504496
2.1884744333029964
2.2064147427327825
1.3161427664508656
2.1892236735677386
2.205532038595069
2.1860393611503737
2.2312311112199925
2.241830929794263
2.1956970510766083
1.1289642788265812
1.1528910364897047
2.170457195156313
2.2160635267199957
2.1983640281474344
2.2274416226451916
2.1754159332806067
2.205459004072396
1.2423873044465368
0.43921406395085694
2.2042581293875894
2.2381448389668397
2.200947037201221
2.1725730820051794
2.2216329036843443
2.2200425023383605
2.1869967091635267
2.214566868282741
2.17654595401765
2.1770120412701273
2.1630363742135144
2.1941057127620267
2.1938803172446946
2.171857818096412
1.2954062552950718
2.1713217362061035
2.173188813471091
2.192609533134055
2.2125544717732812
2.1861296090145146
2.1670711977249004
2.178935556060674
2.207054662587426
2.205189235824067
2.1891336403530453
0.8735369216088129
2.194247729028519
2.210228527241601
2.221572710297713
2.1201974001114596
0.8477204629101455
2.2432292839909533
0.7714911941435587
2.206444185021398
2.2179584820798537
2.178688157837734
2.204802812351737
2.2122303504549086
2.2163497832286705
2.1842494660576772
2.2056120130166086
2.2008087211112604
2.245082475101124
2.125818933037471
0.30362836482178057
2.168200892002628
2.218244617791287
2.1522095801579724
0.6023170472552785
0.9380170336994194
2.2186101546725774
2.206071251686249
0.28865703233438667
2.1804109250360395
1.27704478069124
2.202430520679627
0.27876252722143546
2.2125117796798133
2.196612425323593
2.16092231323193
2.2395678093733364
0.28646118909732166
2.1642794854618255
2.196092345867359
2.1893580573507876
2.244727082768314
2.2130036334026064
2.2029517142848123
0.2817503995167727
0.29439090582986077
2.21779830990638
2.2043427760596304
0.6058124647004679
2.220123799719858
2.211960169014271
2.1996491704887493
2.218020913455786
2.2124777379188494
2.185089778289224
2.212539862898068
2.218421389053793
2.215809543396464
2.212127153142756
2.2275981195596475
2.155069290924766
2.16018832782729
2.208639146239371
2.14362565325188
1.1244164549756621
2.1861658860937023
2.205108775440021
2.1881893103211913
2.185331013730502
2.1807023268262866
2.1946082348476903
2.2043047926642108
2.2215933395374274
2.225714088371536
0.8590063535618802
2.172582232632642
2.1707250489721757
2.2282935257116785
2.209792793783537
0.13579761301126508
2.1864397439698764
2.2032421161384805
2.205417247860938
2.1960668312247247
0.9959372555533043
1.271014579116837
1.0324022448080497
2.19844770121216
2.2022066596706025
2.178760020975802
2.214969201435453
2.1898921125973523
2.174381277769473
2.202399920559685
2.1948590601741067
2.2026670815137646
0.28230905994926303
2.206889813046353
0.29039817575005494
2.1909831862031757
2.199234958911717
2.237606789002225
2.1764312624237787
2.2031511493229656
2.235754726490486
2.2081633294635967
2.1683690173186774
2.223391300426406
2.2454701336220504
2.200346481095699
2.206093091519158
2.2077487742356894
2.2325779179789293
0.6613681771346271
2.1760308113130957
2.225623561993028
2.1909323797323332
1.1029203884538084
2.2080868369795748
0.955116187424459
1.2418840956929882
-0.16289934008965634
2.192820915986302
2.173432409096958
2.20647150346825
2.193045791408264
2.2272581082818004
2.1813815151239915
2.214602976399682
2.185860768749445
2.202266545889615
2.2194481916366766
2.227754316072778
2.191874278034901
2.2116619952490004
2.199855671418037
2.1684169155206643
2.2072373480859264
2.2075854653826257
2.2285253270094345
0.8040372755845289
2.179230407843404
0.5164792154875832
2.1957308405104428
