0.6006487683453727
0.2771667383487586
0.4170583542379199
0.483167493294797
0.2221698628667735
0.5945828495137239
0.11117699567659889
0.08916389147301093
0.5743049642778639
0.3532878503697341
0.40135041894941564
0.7548460809170606
-0.11840083201237689
-0.00973908904990295
0.3133265885186587
0.07298554437126858
-0.3063793466781739
0.3126145122265206
0.22480672518444186
0.23024809209321678
0.396949307357062
-0.008347797265060075
0.2152240066644447
0.3653997572263863
-0.12056601845827586
0.6576592735590359
0.48115668231830233
0.8245768657294016
0.687399868450221
0.44907165836519397
0.7595882581346122
0.45393006470133623
0.24506275058615712
0.50107477127522
0.36927525196432065
0.0745710477464423
0.1398979060537919
0.6095527424827946
0.15106838621080465
0.7860425626533233
0.42631330241902726
0.1703701772019571
0.15021128912214585
0.25963158832973465
0.00734237471686644
0.28808613069474265
0.1510494597730735
0.1641475615292536
0.06952574186442337
0.27068937591568654
0.5831635132523625
-0.3917973056708085
0.26902278070150787
0.2766906966669981
0.07441739555480621
0.3693309268609943
0.5200720763842803
0.30854745700703107
-0.00654003130173042
0.2783660308156453
0.1986085914111053
0.5440003373908717
0.1405589165940894
0.46181157551789337
0.10801449203309593
0.06498665841924631
-0.05949771418473679
-0.1879056697319853
0.5662680299419828
-0.7256334789616543
1.0372509330836646
0.2877495487886045
0.3486038922160261
0.2088681013096554
0.2962234003597057
0.4224042998971842
-0.0019714151512935096
0.2801946907355908
0.2957942764128725
0.23157871717829825
-0.05525865430879012
0.5599483066152584
0.07884592783896233
0.28563008517970523
0.22611679526902664
0.2408392305551264
-0.17659544268474636
0.2587623789904061
0.7415094974806233
0.7226242840018394
0.1344587852217859
0.3515873186187874
0.8526813949108116
0.43534567555514475
0.16447051334111323
0.21938673340360615
0.7289875491064076
0.6866899808074437
-0.029209819161636452
0.9435867494713097
1.075630563800587
0.4480107241595546
0.5942258867445697
0.032829266212850816
0.00619539651709114
0.3076704496513887
0.2588473412240758
0.25095026683935184
0.31675479575368326
0.5743311626362754
0.8875864037168971
-0.27157477616074144
-0.17811731588673207
0.7231071615411854
-0.12460846902587011
0.820248961893184
0.06653149901876015
0.2859465998912247
0.46041386374935506
-0.03986475789034455
0.9172556401640477
2.1246959624824675
0.4065259742195968
0.25730284710856643
0.27162859654870936
0.44094865636014763
0.5169851952757668
0.8735231979505108
0.15887310287239453
0.2430747371125515
0.323943264010245
0.47557431457549354
0.4837229096602711
0.19825045254032453
0.7732062113621971
0.8470473732714463
0.39459579909730125
0.5869261050932593
0.4396207899329603
0.94964896225525
0.29598455134639956
-0.11594317226710799
0.542094570754064
0.4973761503111448
0.4424353008321352
0.8429996563660058
0.24075903974005247
0.2775881560518778
-0.034041823690188516
0.5575152269718361
1.2138265495246974
-0.23959706353195936
0.16561836407572195
-0.3513110133332241
0.21434497087409765
0.6017868713128386
0.44015558945054395
0.7546197484322127
-0.3346749201175546
0.20718468697339484
0.4447034856738414
0.1042377692297112
0.2165112679313949
0.46942995119063335
0.269880669494073
0.798284261751671
-0.1705932469128065
0.7404272238911325
0.4413420246809475
-0.16654108798765374
0.19138861275295205
-0.22682393576500315
0.9740242196296932
0.43421148977964075
0.5067904807693134
0.7004311253003745
2.144809226595913
-0.05995057064737361
0.4136236362245336
0.720667451696129
-0.02390920576093858
1.2298695062144964
-0.2495346296238694
0.5650077746225802
0.04134239012629885
1.0608486623314703
0.3997669873970072
0.274019963898953
0.17344655197918285
1.2083759707662114
0.27720321348404864
0.2235593052209494
0.2754306510102231
0.32114036328017526
0.17353016325132795
2.109510268990057
0.18098236583052227
2.127837858823411
-0.03762979803358707
0.7735944764719769
0.04882384300598777
-0.042355840738774075
2.1181804589586695
0.04865605783168464
2.1266355144927855
0.5807785318125089
0.18404091688680219
2.0904431809319988
0.5719216085643758
1.2690844232679017
-0.18666726440158635
0.24434428623255863
0.38513311117298693
0.03085936529030303
0.3106023394649817
0.47753199536992214
-0.1732469860704491
0.5890832631573168
0.7046567985580641
1.1534159871295062
0.06145640003036523
0.9613143134724081
0.35743809204019067
0.6362076693080922
2.0935939071249994
-0.12989210165330298
0.2936035374616111
0.6572271809996182
0.011760254171613305
0.523801648360526
0.45306288477765116
2.1543842590873963
1.069242372360793
0.5773886531587373
1.1488153070618787
2.130590686896686
2.1075728234459916
0.3150990474270393
1.2762579508677199
0.5432480231119274
0.2717448411817698
0.3138480530029297
2.217109759897374
0.7220566985102047
0.9137730122825334
1.0724345845634673
0.2700280312638046
0.8923883222619825
0.2712326918949647
0.7939097451884265
0.8759838021880781
0.4339718804741151
0.14814423160001305
2.13099778027167
-0.16396990408500758
-0.17682097682591535
2.114000216692447
0.43839424712793595
1.3107315057967677
1.0323072268673907
0.1680551059241112
0.20091919790386614
0.2770626396971443
2.1426656027346525
0.7041708126477157
0.9732556118804595
-0.34666490475243084
0.7141198564806932
0.48388505799779885
1.0919447179544426
0.8990777664784212
0.6082537673280946
0.17802251128847255
-0.1816886110748166
-0.18238427865525425
0.20191975171389753
0.7750873139655883
2.1158346329549333
1.169256287012492
-0.22013921057478913
1.2569682705905194
1.1086804993010686
0.9924479639431584
0.22651760852930292
0.7375871135589736
2.1134066230226525
2.1200182742028124
0.628457987242338
0.7634837501043998
0.18608084754292442
2.1414426609531994
2.17762428667382
2.168160593775083
0.4556313666938755
0.4394457818204444
2.0687390581249394
0.7174992646416
0.2713474184898102
0.2692874961217292
0.0555851264230445
0.4874317026375291
-0.18478083912797955
2.1172588998358033
0.1934053926646937
0.4823720951486682
0.6582673944882803
0.10409847123162165
-0.17998338826698063
0.46165898713257386
1.1026624742711413
2.130215658032254
1.2743698435561586
0.916020456530809
0.1557368787809676
0.2764377194669382
-0.16534454975882154
2.1688389719204157
-0.006503337159420752
0.43546947287524934
-0.008411623950136005
0.7958585828054754
2.125898053844698
2.157414397007738
1.3124030335923653
0.9797461442495758
1.0798139860613107
2.0618430432712325
0.6727995691120568
2.1113491075658333
-0.17716260746931967
2.1463309863622846
-0.17372348449588493
2.133685244033093
1.225341373064151
0.7763718207800181
1.2753308978310534
0.22400042891176541
0.6315685301539564
1.2763438436024563
2.1490071110662092
0.44203900044999606
0.6277429490163984
-0.17555456929162738
-0.18161768752997165
0.28606053399635534
2.1536683834945762
-0.18018966690607402
0.2742800536151679
0.8479316175508737
-0.17684072915818172
2.1415372198741025
0.5815925184701084
0.4462500189833617
0.27705929796851814
1.1201576732481313
0.10469571014732532
2.12879168672024
2.1175754433926754
0.27572227102241204
2.144819029436221
0.7673226822166964
2.1739817388152014
0.42362367156786607
-0.17541393186878151
2.166708935514345
2.1445095510505316
1.0607604806192177
2.1678622912003487
2.1411874176807384
0.2664825250285251
0.14452138667733294
0.9912738293138976
0.44225803645226186
0.20033606036830445
0.43688394436293787
2.1542168847467633
0.2702616388833594
2.1603705680305305
2.1428566057585767
0.27248970774806663
1.0677167414342055
-0.1626924930987993
0.10788977592324495
0.2753363228314721
0.2702530727783154
0.22235576098465654
0.27915546634599403
2.1016021028172966
0.15360320496098379
-0.17796306875117385
0.27318749712520685
-0.1838425594725416
-0.6788494939656081
0.2732324053057391
2.1340575183804065
2.163351543425826
-0.1804357638683224
2.1496163331215925
-0.18074305922467032
0.2182251000803048
0.5314559129948654
-0.17916173007177552
0.07961275212506436
2.163540430734579
-0.17815478591083533
0.9802787209398816
2.1234294186425373
0.6103965390002333
0.6744892402445823
0.43878735315574113
2.2035236768349913
1.1952424160572328
2.1472105204801903
-0.17701596194965785
0.8298993364627238
2.154867802022169
0.3157928626394926
-0.1838937978736943
2.1785413595562764
-0.22820216079424227
2.1428372065416323
1.2660918091897244
0.7672223545567286
0.3824998169069604
1.2638527433916817
0.6796783870805326
0.6752781590141002
0.8719616293243444
2.129683924366801
-0.1797250477126845
2.143225255811074
2.144054039730753
0.6088297951116206
0.6862219173822284
0.2863554261522348
0.21679141181199432
2.158423327318962
1.1377933278007333
2.147330625990657
0.27661282121916464
-0.18344661370795556
0.22378920102151428
2.1501005032256035
0.26933415123618676
2.132806121965926
2.1665896459191427
2.102216952343767
0.07209797858293521
0.6175933553734012
-0.16281585758907569
0.2896104722346513
2.154190698601198
0.27158273731067883
0.2669497011347287
2.166382590980532
2.189874553996108
0.2770913985374788
0.7333086137158175
-0.3419005556816046
2.193943576578936
2.1833043441612903
0.2243095447158115
-0.17590118132276425
2.187003288072405
2.1426718399540228
2.1666025070571946
0.43709159938881914
0.10666712783050682
0.5048434752630734
-0.009049103659065305
2.176703879522869
2.1261900463137033
0.009073582137385128
0.27036614509501117
0.6308789643231643
-0.16810067086901948
0.2682156235211099
0.25525256513641686
0.12114177943923474
2.1315584498812
0.603416862492433
2.1646615882639852
2.197521740633226
0.578470598945246
0.4476632786588736
0.2748197892790931
-0.16779221319044857
-0.17151245116712197
0.6831034509955701
0.766300527764893
0.2791515000972044
1.0817775463519583
0.9657229626579333
2.1920803620494214
2.1515229154351614
0.21695757225992493
2.1768450636001546
-0.16825588670775954
2.1990937696746915
-0.18141560088023376
2.1381275821521113
1.2472826804307378
0.8918001114375207
1.1267229921956206
0.48918319260991805
0.6242372926752646
1.2670540434311814
2.1204918054034603
1.1618816016952342
1.08045936643
1.0706457621435685
0.8020365703833718
0.2803569848851892
0.7423769152075058
1.2084046428019695
0.6217289204277312
1.1075795517170322
0.8838104058957913
1.2532106694682266
0.28554700028748786
1.238860296191245
1.1878238123812361
0.16793160700514975
1.0898748225157688
0.11711265013895544
2.1713476702297028
0.9400615447094434
1.0236650686665953
2.138705050072999
1.2427537594486322
1.147833881817464
2.188600167774715
1.1444360445997517
0.26576317855863785
2.1149552873822985
0.8814292959971872
0.8848803706282624
0.9989627343812375
0.6865383957016413
0.42699386864502203
0.8130022237378025
2.1420646771069656
2.141685002944131
2.14410488741539
2.1626218597362383
2.134653895329482
2.1632745787097853
2.101057153589358
2.2047004248582516
0.977860933830053
2.129914640295409
2.223233666959941
0.6217136978136831
0.7946588957055615
0.4554195689228438
1.113917040467755
1.241428335408262
0.8897644580084508
2.1987221421152583
2.1915926118574376
1.1606588938887057
0.8339519975165017
2.1360260099644117
2.153682459375497
1.0866094922301157
2.164610371778555
1.0352528172473607
0.879721894334841
-0.5698942128077159
0.43192091036893265
0.9788232167479117
2.1675955380393375
0.09969141124778051
0.9257611855562576
0.8087385284269161
1.243475990066797
1.2621258629609748
1.2820223845133762
1.0867177613517707
2.178579927656979
2.1077744652339834
1.289178519811381
0.43011010143007733
0.5871497432484003
0.9128683434117187
2.200371394106317
1.2107840002177572
1.130249102213712
1.0596167685662703
2.1745848539005745
0.4577083914975307
0.9226999383500243
0.25173957535555075
1.1362408772397912
0.011304037649634002
0.3655521089921865
0.3341744425160147
1.2531123065783092
0.29977944330368855
2.1172674969479854
0.3866581628256428
1.2837835831636224
0.279462442994894
1.044592052283906
2.1718474605047104
1.0708853390050108
2.1917265292037804
1.111557455944811
1.1278188285320816
2.178939441301406
1.0906768913994376
2.150259822748299
2.1752953512208277
2.19791994592941
1.2872678518355694
2.1802900839029844
2.1545764696193435
2.124592016678382
2.204200923025377
2.1812172918620463
2.124933576097216
2.2071495985961542
1.2785434833412197
1.2668453534520523
2.1574663562959415
2.1768250514713516
1.1253919352509452
2.196173429291593
0.9692737364532282
2.1519189623531587
2.2036073758528363
2.15574960894376
2.202865974984646
2.176558318594922
2.0826893114123837
2.216028444846779
1.337186722275557
2.189525995889006
2.137135549651477
2.1665535517827417
0.2367411424428989
2.144384581534923
0.9037093797229393
2.115169075702481
2.1605693237676595
2.151472558513572
2.1619184474675355
2.195932549247612
2.2101442074114366
2.188808764996813
0.3012932462867055
1.1429110366281465
1.264457936380156
2.1809069272424693
1.0946369513021192
2.198418429820004
2.1848459887346716
2.1878931833781357
0.9446704277846321
1.2448070104065723
2.1970906412072524
0.26852957724111376
1.094586780198609
2.153588273700855
0.7365892007072469
1.0967537064867703
1.1426008757945116
2.161466518623963
1.2780970233053273
0.27815221441628446
1.060702901061474
1.2487543118253015
1.096635083519785
2.1664890540819592
0.44972798288810983
1.0979297376451045
2.1710685345848253
2.1577712059835563
2.1828908793703565
0.635972615921439
2.1477602261499817
2.169203271432162
2.179516431341745
2.2601793024974923
1.295459169031372
2.182951758997312
2.1291911765420637
2.1366465282345413
1.2922727405394872
1.237020544072159
0.002422244846360999
2.1594692399214974
2.170456946714001
2.18303267039814
1.2503879609686999
2.1444909791330597
0.9231309288463215
2.15462005448357
2.158522487337959
2.2094235591194367
2.174778870153018
2.139326558527449
1.2184705417750221
2.2013005943954522
2.1914281805116467
2.1891165791118725
0.9724847633235181
1.2045181181056288
2.131495374567826
0.2723461706251578
0.28846878163062506
0.45118927718035967
-0.05767776100384181
1.1075687956807525
0.7251545537202997
2.2079329086571176
1.2611936922691456
2.1989838510566306
2.2010456144384687
2.159284729417646
2.1626640618979605
2.1682149037605494
2.185108599144518
2.2040506804155156
2.157863559358783
1.2797751665523003
0.2844200109757944
0.7733394141449316
1.0482071801495445
2.154103563492966
0.27018731190388867
2.1317611167952597
2.222282970696004
0.2840206778101845
2.1611783865059455
2.203245098157042
0.8218540095028632
2.1753265061763347
2.1929402409312546
1.185745736382334
2.1415439822088644
2.1594561782815767
2.204711788609279
1.1104723646143326
1.210486938779965
1.3142829680329229
0.7706944936591017
2.1396082539928822
0.28077044792328
0.27603443073221856
1.140962687318014
0.28011535776316143
0.6125370700231815
0.8264021631962544
2.1715957351690776
2.1425758651396256
2.1951138521027658
2.2527312114406155
0.9675386465981978
0.4498580843860178
1.1221389552433487
2.223004526949494
2.1778362275899643
2.172736311499998
2.213230622753147
0.6126834987952783
1.2882872994725778
0.2819213032013022
2.1701763653196844
2.2000641130839655
2.1676323504993595
2.189913604868503
2.2074437663691833
2.2193690226530216
0.8392000000485271
0.2890458448208321
2.182853411241756
0.5625458902235664
2.161873604159401
2.1286542777344453
2.18418356467726
2.1694676192955513
1.0838228243302896
0.28043163132199017
0.44335734938737537
0.6349855274660636
1.261097877697815
2.1769599840552485
2.1970315199523096
1.0492703390744462
0.29509501641702107
1.2896771902044408
0.23166454321658006
0.2804305090163368
0.2278613100185151
2.1571535508719872
2.1598835811717314
0.40255211984635525
2.148312273554148
2.1892288740020542
0.26774855184716584
2.1539663050637374
2.146944485782813
2.147470691153319
2.1473174471646477
0.2678082973770408
2.162166474094557
2.184637282087442
0.4477185057616532
0.4432258232632599
1.1066883411640713
2.192308744133366
0.22826030993695529
2.192987383717478
0.6716351302631787
0.27057600926785885
0.8820170434951734
0.8674996117245367
1.1650691796622281
0.4050566029299368
2.161964741497205
2.19061804944139
0.6199404081375526
0.9776664421262174
0.9746414860419064
2.204559845085076
1.2701469653774533
2.098866937379891
2.221814104928256
2.136623141730591
2.228390100507789
2.1721641788446444
2.1827430504112595
2.2068789593984035
1.2682708717325153
1.2865165476666607
2.1773127743888114
2.175339890243355
2.165346960855163
1.2984372525088361
1.2763991782492399
2.1985081925370213
0.27289325096599104
2.1813668963506103
0.3139705855400935
1.24649743809341
0.7062198159189207
1.1928448819200352
2.1511055963086596
-0.12321869907848051
2.1901806558233248
2.1849483829721232
2.118144513947591
2.210096522722765
2.1622486308592057
2.206412197322069
2.1955666825948263
2.191357336959763
2.162530635550972
2.172297954941895
1.3332494566681576
2.179973750997009
0.23081950960125858
0.28191686698750223
0.7692498860225307
0.7157728635941268
2.1535035885709917
2.1823435916555605
0.27596859061278134
2.1357607595990964
2.1866123754514577
2.1540746281172356
2.2390893295975314
2.2198526945953745
0.28025763220237054
1.128151214058801
0.28611109920230593
1.280385036589804
0.2815554223272368
0.27470656045511593
2.1541785275177476
2.192733309561668
2.210461146593903
0.4404925452326821
1.2684906790314803
2.1689786498620562
-0.12988465264679622
1.350328062562541
0.8229209314314819
2.217528134892051
2.150745884480541
2.1972060751834883
0.5976683409130775
2.1604407219865776
2.198082318517297
1.29544789488337
2.1999430758977914
2.1839470400866734
1.2349960906596074
2.198596404475648
1.1527608650947534
1.1292377205769446
2.1448118223412598
0.2782578846957135
1.2542085256093058
0.7480200450481379
2.195347096957377
2.1758066171033175
1.2758537421071312
0.23044361485827797
2.1353316045153328
2.139699719537796
2.205178710655058
2.2027874369492135
2.142053256300905
2.197880881750864
0.27702806531133006
2.1577514782793914
1.246503698543964
1.144232295854091
2.201074177628402
0.9396419013053867
2.2112747264225012
2.159286902739101
2.232888354497668
0.2759807695610269
2.1834550150168206
2.1689640938307715
2.167671463778542
2.1501763906208167
0.278404888954077
2.195685114310695
2.201088104436516
2.186533779626953
1.291395367348894
1.2670465203284222
2.199813521727637
0.3017252055394635
2.2268587762843084
0.4622659585825458
2.2296694333231235
1.1217277703435888
2.188305041217734
0.27976342688775335
2.151544736763724
2.140305826586249
0.27516095217919134
2.1661565004195538
2.1746376699517276
0.905848097715412
2.1830942958015793
2.168429343131101
1.2650584930087718
2.1917650899880146
1.3514125671466077
2.2306440240280208
0.2753577418701867
1.2508390683693427
0.2785476023666516
1.3251844565296107
0.28332054331595974
0.28247386651667844
0.8273953487113807
2.218347306343857
2.1667164792198683
2.1951745612755738
0.6100829752512229
2.1742985484438737
2.1683631243150425
1.2466091635060093
0.9532347348207526
2.1570510965677614
0.5637256522857509
0.2790301491443803
0.27357234578359013
2.180011359672125
2.2145909222784446
1.078638971704545
2.1716085567293373
2.199182116015268
0.2800289277279775
2.1675308423586945
2.1935369262211557
2.2017870679109763
2.18629943700495
2.195510453562971
2.1633984695579938
0.2794939623276014
2.1563939440749507
2.129078827554852
2.1438432669250567
1.2919070054645552
1.2780033869394385
0.280021029855509
0.27700417761599344
0.27571344722001545
2.190633277735702
1.1647162726149123
2.1260394504889373
0.26914446488239685
2.0980658976190574
1.1517166264117589
2.1781366020692237
2.1436577707446607
2.196360578761984
2.1792755197248876
2.16304547019584
0.16395356226836494
0.7832795007295613
2.119733015312877
2.180071794318529
1.094823607699043
2.1776145446291295
2.195375743458508
2.165898790156903
-0.6775690104094372
0.608996147298865
2.1411214373683727
1.245294958405429
2.2268267436974236
2.2100078753931784
2.196426185858122
2.1724183644588004
2.1281097352118086
2.1300330699636025
2.172215458088965
2.2035649627134903
0.5104956180946837
2.1661900840828383
2.2101152759176195
2.1755127390335494
2.138812241581478
1.2074309932077163
2.125045679609172
2.210192301637651
2.163131519245394
2.128451137930767
2.188809304711331
2.15518142751064
0.28431240917106004
2.0992924019715895
2.1724299435958074
2.173725561462193
2.0825974771979094
0.7455986683902219
2.121188764646522
2.1602423729912292
0.7534047794001437
2.1686064526576674
1.1386955654192605
1.2297538324026573
2.1327228103385396
2.186458477628044
2.180692861090651
2.1769154261136685
0.42949890522769457
1.216548330798811
2.1640950007165536
2.186734475181401
2.191518811074992
2.156581439729147
2.1145749522621737
2.166794592833569
2.0752454608614466
2.1873970029582797
2.1733699527663193
1.247985678229513
1.0999844375481163
2.1688061909359977
2.171874461997654
1.1260396167252353
2.1555447831026076
2.161765397905495
2.1884677517732856
2.136556887878914
1.2690310549666077
2.0638927361167765
2.146548746136778
1.2730565191336018
2.1655964695709837
2.1792280725046798
2.2082257982788276
2.1267101356349287
2.155135269478971
2.156872703933307
0.278358266370905
2.199851956642305
2.1128798744406465
2.1584344540408824
2.114036013622352
2.161735649902445
2.1845203652647505
2.130102397631367
2.1757654751193916
2.1781926133761864
2.1670758543471758
2.1722882011038447
-0.22686368845383048
2.1618487499164187
0.9538423912284516
1.1062277318767737
2.15784346838842
1.2516053049410407
2.147843523963418
2.1658465591086027
2.118189687007542
2.193407397965629
2.148138572517429
0.5346796751741818
2.1577084649015505
0.4513086078633643
2.087490369778447
2.152703055127018
2.1763944182337105
0.2757086810099634
2.190270828421525
2.180709163103808
2.1816387849525904
2.1524308334827467
1.3187232453381044
2.1730220435578986
0.273990365783357
0.27534787605178374
2.1322491443538976
2.1275335716103916
2.1674864033061336
2.173351101440495
2.19889506313857
2.1430183962480216
0.4472994240129329
2.1312000767622354
2.193937379631257
2.1907898288673797
2.1424184538280215
0.27101577283391665
2.1759686725044713
0.5102817665479271
2.1870676081958824
2.1517979412300607
2.155513170160985
2.1562839465003063
2.1855568220572756
2.139144077950365
2.1466050432797763
0.28927841900866547
2.1725454797740458
1.2877534195625104
0.4603671494731397
2.2047374714271313
0.34483312268486416
2.1701006390267477
2.1704131587324564
2.1569275080812425
2.168969758363267
2.163970881644118
2.1853939584915336
2.172231653950969
2.182731977352909
2.186535222341077
2.1822477140168286
2.1848214415969345
2.171575547533358
2.1733381077832767
2.1544720685084995
2.1596876448632587
2.165309572238284
2.1658160659917254
-0.00589182370063146
2.1920028859626806
0.700099250955915
2.185078227401209
0.4132126514152187
2.166854802236019
2.1703825090935887
2.1431220760589644
1.261990470468381
2.191407312199606
2.217668349656699
2.1663526055085502
2.1646270662315015
2.144330171767427
2.160112680029391
0.7271364037175255
2.195594302849426
0.6189627165771084
2.17854021486272
0.15581374837546486
2.167812147530204
2.190635120440029
2.1922527178447195
2.1521942702478345
2.1841453728675377
2.1784293493044884
2.183017800975105
2.2230752650117953
2.19425721056987
2.1509189504349653
2.1758041457079456
2.172024473475621
2.182933829106825
2.1656736632558298
2.1889884187215283
2.1751337572337914
2.2152350207624143
2.1662882162023713
2.1474249948719573
2.1670607687215035
0.2703498505918678
2.1649552573273767
2.135576137488782
2.160342410703288
2.1496272654286814
2.21680590910343
2.2021632557460906
2.1989329045341113
2.0641561772186234
0.24447034819509594
0.22054773760585622
1.2994565952518637
2.138184698072532
2.198849394983112
0.27551922751120717
0.7082438997763802
2.077173816907643
2.1398364085840313
-0.16964059367142648
2.175614137713029
2.1724581690940887
2.203953842456855
2.178284372183991
1.22360545688461
1.0916109170155233
2.1464586451592993
2.1717471229540513
2.1775951905225908
1.202175985046091
2.1106633043412923
2.141148265369831
2.1772220047157504
0.7710840963868286
2.2044731617277464
2.202436655697616
2.2065974721677435
2.1913661642441427
2.1647578435650034
2.1895370091957034
2.2078906833217617
2.155507818658649
2.184943696290399
2.199724660782242
1.298144972693787
2.1634326392055265
2.1774405996668316
2.161115876637429
2.1447972557484367
2.1455183458244758
2.190793369399943
2.1952298646891215
1.2680864552701334
2.1579116870957256
2.1942114422279126
2.1994078310273175
2.162575993804702
2.1778268690375957
-0.16154750122574812
2.172098488691536
2.16121561932733
2.0700680562732106
1.1666508960085484
2.1835333424131935
2.152707200604561
2.177758600164994
2.2028903873336265
1.2560756843918446
2.1727901875881863
1.2911839577987245
2.119936853276225
2.1907640139012456
2.170640689077998
2.1842882725983275
-0.016707677262012666
-0.17834390915493895
2.1710146342838197
2.201129813415012
2.167578909536953
2.139792913591449
2.1614398135360133
-0.1623839503175516
2.208033208400879
2.1792941017083862
-0.048206785478299374
2.1466773157354897
2.2122536774469586
2.1815631206548396
2.205066048829568
1.3005135034843631
2.1111894042527464
2.1824494216890384
2.199379076594836
2.160147193894839
2.161207653587355
0.270156723055469
-0.022967348506413632
2.1502057743406136
2.19114705667917
2.215425349654679
0.27241269887475283
2.1819718137013564
0.27485665849366947
2.1986692510386248
2.1876394163612307
-0.23306396816761296
2.161906226350159
2.160529794287424
2.1895940276247288
2.1592031290232887
0.27511050747600796
2.1504742759359035
0.7741762842691148
2.137550937203439
2.1419297604630927
2.172759321745867
0.9770147729552252
2.1943308166828484
2.1746178027300704
2.1753669823964095
1.3059083221948442
2.1948677086711843
2.168538704170115
2.160089052792025
2.1950804694014163
2.129172215061806
2.1833188225254068
0.6234555816621057
2.183765101975312
2.1892673005587806
2.1826823267649416
0.7625057812071764
0.27968152155444603
0.2723966098379217
0.27970300516315116
2.1880400188723454
2.2079827257357216
-0.16678299289566956
1.2997853777835262
-0.0013809402742591126
2.192298526277
0.9467489848856446
0.9506184270804865
2.1673364211296993
1.3187410229007792
0.3275037150365103
2.1648144776843976
-0.16498204536172884
0.9345665225364705
0.0108739038228306
2.1550633330015954
2.1662114012832365
2.16024961497938
2.1749006965881117
2.170266465966658
-0.16911963194524932
2.146485832054077
2.0993712397055173
2.1781762447656385
2.1499573073841813
-0.1761572186443516
2.167295594322824
2.1712901074531645
2.22182800765764
2.1389143834199826
-0.17446093631438864
2.1820689254216
2.146004938018604
2.1801924789794427
2.152407876263421
2.1876369035499756
2.160533530940825
0.27102365374307247
2.1583100317599886
2.1775453681069745
0.2687870644138479
0.5926583390842469
0.2737009126971638
1.084739458512856
0.6094213627246616
0.9329716771897099
1.2318376882546456
0.2713061964473562
1.2611220009310091
1.299384601606252
0.28187328973816916
2.1958824033229343
2.201548901437971
2.2032775402078864
2.1712286203001163
0.32157630960662337
2.1737863351415956
2.2016408670879484
-0.17147298286057935
2.180672343658978
2.221881780951417
2.199498601386126
2.1695203321433585
2.132154406457139
2.1853919085688327
2.108250401147007
0.8009279427566882
2.193946660066788
1.0232571572858902
0.28090957638535635
2.1741226618183225
0.2625935315698582
2.127414387011011
-0.6651440566764437
2.1755937866242236
0.8681478303229142
2.168806066589442
0.2806162935462563
2.187404882361947
2.1918621949586994
-0.17392444082009956
-0.16334448012509797
2.2226252193355074
-0.16387146589065243
1.1777110854721693
1.265052776469354
2.1886657448683415
2.1580596879288483
2.157264235119095
0.2778353859434409
2.177442473135598
2.165742649608222
0.523562670722828
1.293070493500216
0.27791908649220637
0.45914410808285955
2.1732589243211957
-0.16582596246709594
-0.15456218761474275
-0.16110696092443913
2.1862623774139163
-0.15976362503448385
2.2201056791224563
2.1316768430629276
-0.1697731053900663
-0.2201714752681788
2.1782091496031164
2.209024597836753
0.2740910853718164
0.93859061440563
2.0984884126278534
-0.17290588293244727
2.2256424382494093
2.2056051653482136
2.1695204647431408
-0.1746570529731591
2.188367196460397
1.139377549823991
1.265124803844658
2.1668590639966454
2.1843304803525934
2.211344377752588
0.18640401547219843
2.1706800850499466
2.1830009110213227
2.2060178267180968
2.210751364859385
0.2817237930066181
1.1674122904432913
2.163678893733676
2.1426833668571943
2.1872856726143235
-0.156567954721849
2.1777404664167146
2.2060874049742596
-0.1692196855364859
2.1748915211360003
2.1987840401412413
2.174452400654825
2.1865821876155964
2.0837040808870504
2.186232172281801
0.27748468334498555
-0.17192205172343186
2.1840222226039425
2.182900430062677
0.28182435263304956
0.8015713137965265
2.172886544312295
2.168246558193765
0.17113186072737618
2.1656241795604387
1.2942604494513628
0.7280594028085421
2.1961410476329224
2.173034708023099
1.3022465094381221
2.183706380487873
2.2185319820566236
2.1933352476238617
2.119378173388114
2.2099632577752018
2.171377280560735
2.2196112028830832
2.1164156152698856
2.178125693073333
2.232071623734465
0.9065971023009985
0.45004149544523614
2.2232586784582624
2.1854775166588096
2.2009046491588222
2.1787604125072937
2.199058046488055
2.148996725350431
2.1492825398834277
1.1943897236464898
2.20060099451963
2.1992532817806953
1.1264918411056286
2.163869764505672
2.1684090843333577
2.160017303527303
2.2104432619166063
2.1382168489635998
2.1206672363554686
2.2005277010439617
1.3050643128614416
2.195427620411295
2.1983394695036966
2.167652965758659
0.3212610633667746
2.197493679455634
2.164577539334192
2.2128975674139806
1.2530886869390587
2.1672567165412424
2.1992795960466114
2.166059345780698
0.9549217421372806
0.7772014045494813
2.144905239114557
2.1988399909899936
2.20256374413915
2.1985273416256677
2.2024252206618757
2.156086425482016
2.1891873673763285
0.2825281400741375
2.1893300053907288
2.139547344784887
2.113779127719008
2.1424441302435593
2.2009873569387324
0.45019991842383467
2.203819110516079
2.182307654301896
2.1969522005128383
1.2835653355355734
2.144388074016566
2.19676275628897
2.206082665268423
2.1681981364964926
2.1920384175313847
2.1977739300095713
2.122779831706798
1.2792536725561192
2.1792046928861017
2.1814283098803733
2.174093935979183
2.178031232043172
2.108345982924483
2.173616037549552
2.1443893908646867
2.223228212199844
0.9909710825585585
2.208809858650652
2.1743184231472656
2.2142613656659327
2.177676833475674
1.317813734317985
2.1944764952586278
1.2376511671612453
2.174631482923105
2.1993427754871746
2.187979301370815
2.1947968241476628
2.188548477974315
2.196984888915633
2.1573336955490854
2.2151397201343412
2.1369189784402653
2.1815132719948753
2.1597240746622774
1.357923954949333
2.190820023180626
0.5896652530873696
-0.3397365442764342
2.1823909415780864
2.211609784942114
2.2123032156161306
1.2931369277203955
2.1823345081435503
2.1589289613793783
2.1757175829479145
2.1537549123557005
2.19032340920082
2.180809686892926
2.1803876372551096
1.3239120610137438
2.1278008191057802
1.0247335028092506
2.1856259956865784
2.195980176331375
0.28088563578130527
2.2309037894052857
2.237050374201301
2.1500446778909987
1.0618237227986917
2.1232389901557642
2.1014577284543554
1.007761653163508
2.211331253261576
2.117161277877871
2.1984533129234327
2.2152520557483064
2.2153615064560057
2.1723163282831033
2.174550801545573
2.22304007367597
2.220989752411695
0.6239919898084507
2.191849420428554
2.1959561032557238
2.193189687108233
2.2145668271478494
0.8501756082708789
0.7974435182753521
2.20525253757993
2.1623720657344583
1.1540091422014358
2.1769312718393783
2.1713001178792593
2.151580544598186
1.1610492410265192
2.170538919477556
2.1787104162119917
2.165048191414529
2.200254858138287
2.1582473411664633
2.2268813544032495
2.200531654613653
2.1862042029090394
2.1535771846987775
2.1088537217597185
1.3394525106053314
2.2084503883475066
2.1816328635499334
2.1904571125101313
2.1524267170593134
2.1611599530181937
2.1966943745017184
2.163847700896848
2.1867118080874457
2.1860920338070517
2.147907745973988
0.8505236644227719
2.1860589060867754
1.2285223070149671
2.1710674458853125
0.6888306615396179
1.11383067221635
2.122499974734828
2.1737561486408215
1.2347645697148506
2.157572024861863
2.1345997922155266
0.4796458595295755
2.166939246195013
2.1466978581830323
2.166207988324795
2.1591069371178735
2.2139912408682907
2.21753772502621
2.164416819424339
2.1990311118979946
1.287453184336598
2.204846680373546
2.190383138999813
2.184389618656885
2.2095593587072586
2.131106225455089
2.2189539166704915
2.164639107358349
2.2229707223929287
0.09123380747868781
2.1152572749733416
2.179349330987921
2.215844671061208
2.183582055852071
2.180187288843811
0.057364304271466104
2.2023492784273833
2.1980161282141397
2.216426223224854
2.1865730365411356
2.1946926541614555
2.1542968941329823
2.1941442235248427
2.118396901755659
2.1940344438264177
2.1546821921379795
1.3313275815633359
2.1650433347168923
0.8551013440895321
0.7552439950420246
2.1502989702286865
-0.003203129648800318
2.1809874003532173
2.1857463520113436
2.2080124480353804
2.191377265653824
2.2078569027245676
2.2100339467096006
2.1985597051854886
2.103080350850112
2.1484201823419378
0.6326763182367146
0.7862030544446246
2.195860755170078
1.0945655813155863
1.2046622256848383
0.2793798655856107
2.1483314731455847
2.178938994268643
2.185244914059329
1.1394895738027273
2.2191440760697754
2.1828604345901232
1.1061662730756059
-0.013602668206347812
2.147981361464691
1.163142440874183
2.1877739412649175
2.17094009500242
2.167936876586189
2.213932533888401
0.9930924668572161
2.2151636153659435
2.1672837109520993
0.2802447229605741
2.196923879689228
0.7816975027269191
2.150679749760307
2.204258193843779
2.185381863309511
2.1751740717277044
2.1673465496232023
2.1723696552399216
2.189635421695072
2.1574915655709113
2.1835014432572124
-0.1633697825527971
-0.16627422621878798
1.2156377162329468
2.203035523434469
0.5190626734835848
2.2057050852124247
2.2057544907462385
0.47488980893123073
-0.1724268818239608
2.214283676068209
2.1952846298661104
2.2159600810479763
2.2140898651851284
2.2131013705651608
2.189595572026815
1.2637592908668087
2.1377462919594796
2.1910130334756976
2.1628405703272398
-0.4974783532056787
0.5080126272051637
2.1936634830656416
2.1770322848660317
2.212498318590371
2.181624249212465
2.2074408775507286
0.3258278598216667
0.45876625601905185
0.2784945514177857
1.2905387806809387
1.226891774339323
-0.1612359575125404
2.2244611619035335
1.1656357649135853
2.166194836232962
2.2026450777958178
0.8076638115470516
2.221555459262877
2.2086051807934846
2.2103110665417907
2.170990650786153
2.1857143837272766
2.188122169127362
1.1467677723091934
2.1377917418276198
1.2317846401750479
-0.16696670714341771
2.0903822529896994
2.201935092479041
2.193736852108243
-0.21642139723319695
2.1868141906855563
2.1647604014111894
2.218804203233145
-0.16500188799200322
2.177588009749518
2.1855689071092037
0.6053723614194133
1.34146693959807
2.1477523651175217
2.1748841847923623
0.8828502095113144
-0.17466661084387697
2.209302637535132
-0.2195040870824606
-0.21996775804746532
1.1076816994708656
2.171467877218084
2.204282656686203
2.2081511072233106
2.148149269814263
0.9728245741906684
1.2723856589208014
2.205154364233402
0.7963525328175771
-0.16858778541219635
0.6564119368285237
-0.00751444847251459
1.2287800875301378
1.2812860958637606
2.198112013422942
-0.16852704125102683
2.2032753431919114
2.148888875261586
2.189167767564867
2.187459912682467
2.1820496251194075
-0.17459755129883614
0.008293004952021732
2.2171680040124935
2.1586775834492533
2.1582450630138563
2.1894591373332135
2.191262970654092
-0.21574864674737593
0.9676612085831044
0.977420505820996
1.1033425168501692
2.1793514748126803
0.6686731239658771
1.1475689688520476
1.1195961262338345
2.190120973020457
1.2884432733102078
2.1758106864187567
2.187947667563882
2.1934104744602823
2.2138169183253398
0.2790428160575422
2.146824710030957
2.183939927527587
2.150168136196805
2.141495032760287
2.1809247598368047
2.202708538222585
2.207344770421371
2.1695848404026226
-0.17275394442656106
2.1321169407880314
2.1702713309812554
2.114115571257697
2.1747881630014545
0.2823709130244056
2.162234725359399
2.17141380524958
2.2156247503402273
-0.16988209074020294
2.2180718140329385
2.1648742098289224
-0.1759665861926811
2.1866946961865645
2.22321640186402
2.2095196633843845
0.8088692054828928
-0.0023682474808108256
2.1370629267968777
-0.16522613696378474
2.170594160996358
2.1668594363202525
2.1875357111667357
2.186964795553757
2.178903599202635
0.01731655206681615
2.182265475000128
2.1645589695988985
2.193408748277573
2.197713397115716
2.20104320183101
2.2303552243774325
2.1984446860440645
0.2816393067023992
2.2375811745213814
2.191674242623784
0.0024446360251630384
2.1604292733353057
-0.16951633513024972
2.1686717269518256
2.1660412980253874
2.212450328878476
2.2293733163496237
1.2172170152424429
2.198522551241803
0.6742152000144328
0.17584987689475462
2.216482024438351
2.2114350024067715
0.7836219924295519
2.1840377155290316
2.225842693175087
0.28075646446553115
2.209685687686493
2.1846271305350142
2.178640309610984
1.1360803500489076
2.17063663257962
2.141002615608051
2.197316109234582
2.1729394829248507
2.1488494720475178
-0.2227308675604967
0.49933089140215836
-0.16390201613993718
2.1624954099516702
2.1491231739649277
0.2781447592602706
2.1657811203077677
-0.22428135551886258
-0.16897051487879078
2.1806338113791264
1.1535399617187243
2.1863529205291634
0.2825775268979379
2.2047727846685303
2.1957550196547846
2.221827291728844
2.15429526054994
2.1929677589875713
2.1748523144089766
-0.17088764859006933
-0.17251584204353265
2.1841241554627886
1.2136015078919238
2.162594542621445
-0.1683195007165064
2.162379914895833
-0.16452034574640112
2.171612067469898
2.157287617887746
0.2799426356992872
1.2441375495369875
0.2832220199548996
0.27625884119995653
2.2173634414702708
0.2763251831982553
2.1875845619897927
2.2232010598983587
2.1435402876222724
2.1712646509810467
2.1853462636491363
2.2195457269827603
1.1359616276293618
2.1330090688195464
0.821760378831129
2.154302603649576
-0.16591643569187933
-0.1674302364643102
2.2060013845803237
2.1993576206637337
0.4537103568195787
0.9536938899006191
-0.16769922620484218
2.195570256109452
2.1810852916669243
-0.1588620589733193
2.2014611617302355
0.0018684123330246494
1.283283763382886
2.1691233859781236
2.1705241374206463
2.2041032804521086
2.179840809836559
2.2040497928426284
1.25992151202336
1.2331448437921393
1.2650964815647
2.2148814023658616
2.2173651761027298
2.189427033754618
1.0836896735046633
2.2014328782943644
2.1961572178234037
1.0471379932346876
2.1007065802302045
2.1585232817735873
2.194238118163116
1.2986402747679329
2.189422924665352
0.7918519491628919
2.1370902068433084
1.295261810174668
2.1811925843712157
1.264308941357574
2.2187697187048627
2.210365930295764
2.162742242633258
2.1566787261703686
2.162517669977581
2.196071534490158
0.9167184493039604
2.227853985279359
2.160864250934345
2.1959374529098215
2.2125596166624013
2.185727998411762
1.2550219466194672
2.18781561342459
2.2288424857992712
2.205578091242499
0.7806181532970282
2.1595320274054743
2.168959060891204
2.175825676449798
-0.7261712953168853
2.1803732748784013
1.2423185307503473
2.206463638788149
2.15820800775304
2.1582639589983597
2.201214587788147
2.1819876946832775
2.1996035891242993
2.214179195145881
2.1588661150308512
2.1563832289593363
2.206165314850902
2.1454524830491115
2.1821075012511812
2.1869704280890003
2.212238395370978
2.2069969590898193
2.1963321473015194
1.0982439726465922
0.7994627412429139
2.2035720178454836
2.1533439208398075
1.2084476109235793
2.204565173560571
2.2078731878040028
1.290625444972463
2.1837858249618973
2.1001630557000546
2.1771593210967106
2.182350988122476
0.8794343876982471
2.1865909410113806
-0.028887175953208888
2.2098339541280865
2.1744552536821082
2.194359466166116
2.1788957222426966
2.1099245184073254
2.2209504006053393
2.176203452433576
2.125888823253643
2.195417999044535
2.1890036725211313
2.1798420922231285
2.1225004443983666
2.203133093473812
2.1789243721296794
2.166060340650473
2.160421927496739
1.1010696697812519
2.199867178538386
2.185948494066603
2.1975491286824553
2.201215155809319
0.4571025158840195
2.148206472919629
2.1906651650820135
0.7652888149091595
2.176204150156194
2.2000105739710514
2.1908068677065247
2.167972407731616
2.1974552355693238
2.1955205794329764
2.1517452259719674
2.1759359543013517
0.9231909659332765
2.1875656475289227
1.3354688367364433
2.159375642418512
2.2111786161100304
-0.16994226878090304
2.2126260780776734
0.28823488171609896
2.14168837818516
1.071866917504142
0.9753631734885326
2.171391435784921
2.186409123846802
1.312522948883118
0.9819960232325528
2.2167261379329037
2.197801059554249
2.209598820187947
2.1688776765466597
2.194614880670308
2.158576863878851
2.2111372035593635
2.2092056723531153
2.18759993744058
1.0943791428074825
2.143408829470699
2.192167040153962
0.905873685313521
0.7353540389056868
2.1897607526426133
2.2010539426972873
2.215387654138278
2.193512124909498
2.1608743498768965
2.203632578226387
2.221651718879307
2.206768491747937
2.147504751545039
2.2177564652846167
2.1857143185120202
2.17581289790969
2.180892630300524
0.9569591286384252
2.131051016690323
2.2058424876305347
2.1879331097769104
0.41422819308953507
2.1615741806672952
2.2483335861139437
0.31838671609340263
1.3249660748686436
2.155166691823905
2.198389479097359
1.129099687017004
2.160669816532764
2.203164669216508
0.44816862488130255
0.08454356652966502
2.1418291958577993
1.3324169994873607
2.165851793763356
2.1990913911764105
2.2136576522245592
2.141653237232822
1.2323861477042037
2.117956281740958
2.1906282136753443
2.201607739870027
2.19081503671283
2.1431831436599045
2.1917921513100493
2.166912618826615
2.180546777117444
2.190011366176089
2.179971116312571
2.1973322279944334
2.197001489368491
2.2041459171778963
2.222113325291265
2.1959809028547927
2.2027148957569738
1.2722574993940916
2.1857736187218353
1.0196845633449074
0.3262623303741733
2.203837799645561
2.196265760152923
1.29379652658545
2.1973756853506585
2.222630888256954
2.093884121152989
2.181410771531643
2.2142435818501403
2.1891276399688238
2.202502497406285
2.179824225008274
2.1993403504670503
0.2780719310328065
1.286784621058486
2.197522301256485
0.5315580021586686
2.1478382211981097
2.1871899408406517
2.1495534243527255
2.16627975332697
2.1942764007719946
2.164941734810931
2.2060115163673863
2.1776081611968054
2.1816734218061584
2.194822107929368
-0.21565975346844896
2.1845157695303232
2.1759165807980123
2.141919569340132
2.230769429748654
0.2828016814410868
2.192638305939321
0.19425781832245725
0.8642592507458621
-0.1672389584685823
2.203181478768997
1.1261846536582256
2.162032576546032
2.201013875110081
2.178362230585445
2.1786436611317166
2.1795455948668185
2.1826415500250094
2.212290488182025
-0.1614492669712533
2.183640276043513
2.1807168174875633
2.137951834502438
0.7554783310922384
2.104466825027038
2.16901153049854
2.162265728555024
2.1355484619301794
2.195323951319726
2.174682513679082
2.0949134648754484
2.183813800106683
2.17649611654278
2.236120391119601
2.186811132301541
-0.0021165708666064376
2.167004082347213
2.1828530376980075
2.1373063999948796
2.1474643610636184
2.1835790083637967
2.191371409956232
2.1604288996208916
1.330726900672544
1.0668926647225943
2.169113333970607
2.1801393909340736
2.131797092242064
2.1986719483019668
2.179055681631086
2.1897618354699118
2.167687239552918
1.0825773110096888
2.1183275096426994
0.17749535613171186
0.9617356974636958
1.2532627043513125
2.1801414896836
2.2160844254098113
1.255159810440765
2.152012479272617
2.145603744178465
2.2417187190505237
2.177403132360185
2.1916957193717757
2.1568771980451436
2.178208158795555
2.1193625024637024
2.1916981286602852
2.148021246419769
2.1281208092883555
0.38359133433802617
0.7655604038584095
2.1795982334427775
2.1954957675614644
2.1359799791370033
2.1942544643635595
2.184184296456129
2.2080865325911203
2.1554899773072953
1.2033114406492427
2.176923285265815
2.1817654446077666
2.1991413396038335
1.2921242473688554
2.2003003310612335
2.1676430908801265
2.1770202066542845
2.197864642496535
2.198833899723332
2.191712325409841
2.1837814177433863
0.27704824287048974
2.183339399896914
0.45379735867750043
2.211841467692526
1.2460031939495837
-0.17040511343897494
2.1838581591300295
2.1551574365869413
1.3129803344622302
2.179286908534448
2.1985721485909364
2.2033280182778814
2.208611575821954
2.215164306629958
2.166847160089567
2.193891278786266
1.1282268116706207
1.1404408195399915
-0.16044668335421755
-0.16854235900879957
2.202776181158954
2.191812853791001
0.0006596024225283825
2.1934998928071385
2.1924638485074075
0.8128949512386451
2.198122272760684
2.1606520519620505
2.150305706342751
2.2018483420599737
2.207703818246314
2.189051221105316
2.20807762656068
2.1506154920582015
2.217580466479436
0.7494476649034849
2.1923892434207772
2.171576267749472
2.1780569800256306
2.2122962397545862
2.1747942678293337
2.193018401616102
2.1946139674152976
2.1509537965411583
2.195234120740011
2.2354631275832997
2.1853512241546724
2.186308922981393
2.205214247875607
2.1958413671538346
2.1962081323901512
0.5860223238004076
2.205178724272044
2.1477293001413047
2.2088557760757563
2.1889482031525733
0.3037331459992181
2.206344045131553
2.1889194678100905
2.2014515389002627
2.2030333142983523
2.194656064376143
2.1676931926109395
-0.16655664905693307
0.7102797427123057
2.1861345117330453
2.150147966398644
2.1634132786732563
0.7913377448361939
2.1825163316515086
2.1711597199947184
2.2040356961973298
2.1305225456014654
-0.1664257309120673
-0.1600810324791213
2.2011553383318416
2.1602700323939423
2.1752126023354013
2.1269622101894288
2.1958270262915978
2.156456500342798
2.172101917320721
2.2059158075988767
2.2165735688259383
1.0885669505138968
-0.1640601429634424
0.32951457736151957
2.1826314514416008
2.1761428039102144
2.1652987133448764
0.2795633410675362
2.185108254540528
2.1524640079432125
0.2798378709152812
2.2084842476284865
2.1995084263433577
2.205477051920697
0.28091880791563123
2.2149903686770878
-0.16138757613125101
2.2032887328182857
2.1990804434312414
2.1784926085121157
2.1846766344195405
-0.16734283363763713
0.9284184699504164
2.1954367655512805
1.0193660756155432
-0.21946819942907347
2.1808202316402925
2.1926444848377247
-0.17078488574057243
2.179967624127999
-0.172313510623619
2.135836767716513
2.205773302958847
0.28419091210131714
2.123872131265597
2.185369381115277
2.2111968909823077
0.2800972007949802
0.2814307658390708
1.269138390422151
0.2182258521953998
1.271224081960519
2.182205781873243
2.2009619162628917
0.45631779586568294
2.1580120381526746
2.155424286096242
2.162521958460212
2.1897931532615225
2.213923820415377
1.0418870015018942
2.1731473424681123
-0.1569611214928669
0.9845787916463044
2.2150108817672503
0.2841713034085006
1.3527909966208647
2.1823584377426934
0.6839048155755589
2.14938588947675
2.2155283351305908
2.115586132474508
2.1810723455730647
2.103004673197825
0.7924692763842531
-0.1705385508439659
2.175033795187386
-0.1533043081471968
0.2806729893930545
2.1559300836553397
2.18212323449366
0.45924787711939435
0.2825819305165469
1.2515338749181397
0.28530963959419764
2.1884984037389708
2.228636739483758
0.3159134168214438
2.177054633750468
-0.17320838774042552
1.149472394095933
0.27787935923967716
0.46163715720717147
2.173602544671033
0.28129990887544387
2.1172410758254965
0.4529692710600138
2.2097539335148717
2.1665175895128272
2.215935871639506
2.111875942642575
0.09678967595459698
-0.16993933091272234
2.1814617696682372
-0.672888770097884
2.1498703557058962
0.7647418156669591
2.1870304750737914
0.016111463375970747
1.0497414970195904
2.190879780806873
1.1399396561757555
2.148729573174699
2.2309146644652067
1.2232555006224994
2.134804009564997
2.179203655729175
2.165332944758779
2.1838852771039785
2.135686263179419
2.1848006009060517
2.1985526748251067
2.1983845119447056
-0.7186402978812954
1.2993613825398056
1.0922538075182533
1.1345829302472221
2.189317034627193
2.1809666562535632
2.1896968564146997
2.175814501069934
2.225435021242634
2.1845738079433876
2.1639118668298565
2.19277124652728
2.1679546580904074
2.1638270053935598
1.1392979120453723
2.1605600863072514
2.17512153573419
2.169754752936273
0.6241104010924432
1.148070128810175
0.4665531964802221
2.165636696902063
1.3305540197792687
0.6311680404573914
1.106692729028687
2.1492078374911663
1.227034952342514
2.1443593070452533
2.1638959568745224
2.1427766527022287
-0.15880501491054919
2.1764408070982455
2.165923049877563
2.1828456573553905
2.180584257510646
2.1469776309746944
2.2152230838535516
1.3114714112930805
2.1896657216145456
2.151033068384014
2.1611165547156213
2.1828587379268587
2.169580802760961
2.195843400724216
2.1670098925473353
2.1765171373235677
2.10928982842964
2.209850128829708
2.1742796793617853
2.163133008257719
2.1948466379564957
2.1700339627594283
2.1616609175192454
2.1815298795421945
2.177280750840812
1.253429364226255
2.1946778380105423
2.1824748866442594
2.144941957235781
1.2639333644370934
2.1710729509869084
1.0763118456258078
0.7862241609196166
1.269681629826609
2.1914938490322813
2.1712067592572803
1.270848323749338
2.2193016662841414
2.194519715832913
2.197095873625133
2.1928167107483842
2.1838232264135042
1.1461130611666437
2.1656366994444074
1.3039343275203106
0.5092939751082635
1.2685202705860879
0.9941052529843785
2.195070001383316
1.0856261754736356
2.1224239202314235
2.159191048383616
0.540892961834733
0.9533261607083523
2.142138223881902
2.187986905013382
2.188002813783116
2.2013838502170215
2.2125741187943886
2.183737170237177
2.197836590463546
-0.1761084939734956
2.201454576270049
2.2196525976375963
2.1812704603517217
1.3144302859209187
2.1646335542582458
2.179716768546473
2.188723033355261
2.144588977987356
2.1992360987339916
2.1708026048213327
2.1818516937868297
2.111907982487983
2.116386496527115
2.173934487483031
2.165873199325546
2.2100505811221125
2.2008905373849372
0.8257933279790209
2.167099463610457
2.189659542258102
2.1449288361216015
0.9200118118069165
2.1677401999201065
2.1526912867925203
1.255250602209967
2.172184375926501
2.13150712251174
2.163190360927931
2.123769592126317
2.165150014000039
2.2030175625423416
1.195353652536009
2.1361419401228767
2.2090675792058607
2.188279827729428
2.1533337778232635
2.1624192693786304
2.1525857661467347
0.5327074613724923
2.178511734953268
2.1920809476026566
2.1733251197963463
2.190399284494356
2.2205006835101293
2.1512204008634006
2.1940500317139877
2.2144161409573493
2.209810205567403
2.1826307538774774
2.1652763769775896
2.1916098913473587
1.2354976525041979
2.2118009776620653
2.170733624087395
0.7594079943200782
0.3739332168450596
2.2051290065765015
1.2023636528543196
2.179926112812643
2.186833651532565
2.1915517490162015
0.4473138154218591
0.4580386004758842
1.2058009184554286
2.1547821312567073
2.191206093353321
0.8611454132193219
2.193608566209249
0.6042895683676152
2.1927238317526374
2.168913608914535
2.1876255412670247
2.144344149204407
2.152779311277711
2.1952511387506473
0.968617059830375
2.1742482468804707
2.202136880511863
-0.16538723976753622
2.207174181731318
0.6137596561586299
2.2176989323039082
2.1591516557320807
2.1469965441227847
2.140581147391246
2.1897093205691585
2.1768871079657046
2.1987625683838647
2.1686299671981666
2.1741101682104844
2.178020591747151
2.212120834641066
2.214428158751428
2.164378186637647
2.1747717012356023
2.1421790953245843
1.1283098643436624
2.195089142466899
2.1819235302345708
2.219269400812779
2.1986907743084836
2.1715555992440585
2.1577587808324217
0.8820778284526938
2.1525006149530213
0.7636060032198376
0.7433022376782615
2.19947153537737
2.200098575684926
2.191587737563966
2.1796422874893056
2.1849014766235326
2.2039594396958755
2.148928710476337
0.02181833414054024
2.16973300284258
2.2105332203150736
2.1006806671336875
1.2943781591131367
1.158245851433429
2.2116219277838765
2.159425297722234
1.2870639622341873
2.198313506575723
2.171743721705936
2.1748470951952137
2.167352404386234
2.1687126362225833
0.794498666625222
2.1824665299024892
1.1956295140506004
2.1899037315486476
2.1485563975374773
2.1734411434685925
2.1342596189146157
2.170888281153088
2.200220242221916
2.1785761582329686
2.138019209354548
2.1763627034461885
2.202800533023927
2.168763980096972
2.1748968248148746
2.205388532872551
2.1633735952920876
2.1945511209583
2.21888874122997
2.181264518903782
2.202557300705429
2.207759978923062
2.182867548566329
2.1877166791559124
2.1702789009745107
2.1600542860037755
0.005077217780247778
2.1899031990977074
2.18196809771901
2.176657066996723
2.1897817242907314
2.1846673662156584
2.182491862377898
2.1823726933604553
0.6004761504882992
2.1885007626351194
0.9600403952305996
2.1852993010663333
2.229715455395091
2.2216429769430164
0.6032624974056273
2.199893175571443
0.776567317699171
2.2097005804598457
2.1870376543655317
0.3392477792582584
2.1886674239123645
2.199619194235959
2.204447265927867
1.2973226375070364
1.2934991480384876
2.1884092630320375
0.7279201461951621
1.0194985976328528
2.1770050856329313
1.3022629138428163
2.2082244106484907
2.1892904789658623
2.208165337929655
2.1437360576768714
-0.1763652362806382
-0.0392603510504112
1.297575247141327
2.15897406858279
2.213850042145091
2.16326636961258
-0.160120781011576
2.194146453391934
2.176993314691033
2.1462985687463174
2.194114511768273
2.1913511324155697
2.2138186819812358
2.2073346378986436
2.185060094164869
0.2818309601318828
2.1966060417515854
2.167317486798936
2.193683604648826
1.269821531669881
0.6633980799278139
2.2118703102386723
0.6105468090843009
-0.04054196726393211
2.175329493031934
2.1886152608439224
1.2132076926915203
2.207000291821401
2.2150400684240985
2.170758456581688
2.1788611879750484
1.2337549180073943
2.174569214983244
2.158242694237363
2.129172790817055
2.182341961384365
-0.22144046452818175
0.28216174058782506
-0.056759596491501335
2.2104894154727934
0.4600939903586608
0.9783702243343775
2.175554697621302
2.171396442408036
2.158573640066597
1.1252441683926702
2.1912269049711206
2.154032233067194
-0.3084129326586408
0.2741436902017689
2.1783284227731663
2.1877733575870497
2.197902560396021
2.1516432449488714
1.2900178884088551
2.2115452669141913
2.182872413080573
2.2306602528749306
2.207414716351303
2.196811203397692
2.179118363591754
2.196910494522515
-0.1722295603817795
2.1477746905169965
2.174737307088942
2.176648173745705
1.1684425715064113
2.215724136209826
1.302664021313849
0.7146228712147175
0.6269898739770983
0.4408623604784998
2.1894583922069826
2.2015668774634403
2.167300565864599
2.2127982837915487
2.20806551504997
1.3032622344327558
2.220649900716667
2.168884928540346
2.1885400144316782
2.136485480881312
-0.1671044117409822
0.785247029632308
-0.16408074070552386
1.3294315761003137
2.176353931718682
0.0008133020647096978
0.273759051867132
2.2132406804267393
2.1730055078108546
2.1746712624594515
2.1910323378861127
2.1625382921644496
2.1254667710000508
2.2030956295769695
2.20154975217536
2.1481254831198577
2.1733074669915187
2.1917568086798456
2.1225653725416507
2.1325004295368055
2.172175052911009
2.19292209430243
2.1206798900828616
2.1994432817306326
2.183036838292047
0.8101832013063794
2.110261725823727
2.1853002034150273
2.14323739082514
0.34583588209277094
-0.051117611841120125
2.1887186162430314
2.164981748718809
2.1549606118758318
2.17705879007228
2.1769832716877886
2.1817239105304918
2.203107317546526
2.1860176696996163
2.177083213277738
1.261068839224063
1.3043029215353155
2.184017072248161
2.16895715099706
1.2668063276816088
2.194993742950124
-0.1631293511244596
0.2843434144611488
2.1669037207326727
2.2021782515444865
2.1757115225707713
0.8216353563018294
2.182598226139302
0.8514499725507936
2.1774058340863682
-0.16595713203700718
0.1686912180732938
2.1552163565579123
2.1821952157015545
2.182640676178077
2.168711410849
-0.3268128249220702
2.221803523170337
2.143970528995884
2.1986750794743077
2.181177780510149
1.2148520328
2.155655391129321
2.1613244668619025
2.185900057658535
2.128697651085852
2.218982070104975
2.1997040106527326
2.181216078264694
2.1956209846371597
2.2197138925362037
-0.17457945070144826
2.203376724410301
2.1851078736704244
1.3264206873530902
2.186580535699143
2.1638006842198765
2.2144208384269755
-0.10753111300021612
0.7745093013090552
2.165241081598218
2.2136407685658077
1.2738770092833138
0.28621127461546714
0.2804177858961485
0.10979050283082964
2.161840343430913
2.1314363747056424
2.175063794399659
2.2126603117672206
2.1930777219048796
1.0616638437240657
0.28229087340386405
2.1843164516628395
2.1940094743034786
0.9263818918199465
2.2086255245821746
2.184572161392227
-0.17298151834336165
2.1832132545667955
2.162655730372282
0.8449399125931797
1.2296218434147905
2.2051712547769142
2.1822015640571633
2.187166779922831
2.1617843070157305
2.1921837924459684
2.1782781867239556
0.18115527974575263
2.1786422743865965
0.7614551213285095
2.181345579895659
2.180370313015906
2.1704317657566348
2.2008406959346374
0.2838303786747786
2.1986827915114757
0.10785486627807667
2.20486498770342
2.1973500216442314
1.3226362391878206
2.1779225316720012
2.185042948907152
2.166483395674103
1.2352315532275877
2.1785113421600295
2.106921154819804
1.1097298752179732
1.2236384068171118
2.1857469802170386
2.174409903542914
2.17204130371309
1.1109038718930417
2.16612659667181
2.1912177829327484
0.7796452318332834
2.099029056342933
1.3032576044029802
2.194779748662291
1.2413060930617186
2.1645903902660324
2.190101981314093
2.2275237520626563
2.1936671595988817
2.143633089570814
2.2013609773118414
2.194443127462749
2.1782835857982965
2.2366875850880916
2.179127330731096
2.1765284938575373
2.176290855626471
2.19560979010237
2.179510016527901
2.1419385076862985
2.190271021631098
2.171889251634121
2.196913680964876
1.0888462092414495
2.1599072119447387
2.0933622883615928
2.1575411750652047
2.1866141964482604
2.1596616411341407
2.183330269138196
2.1924407130495664
0.7474627320882645
2.1673372372621302
-0.00047832415925058713
1.0697549211312618
2.2106895164983698
2.197186693429294
2.2103224522016567
2.204544190839755
2.150206158663342
1.2261374967172918
1.2627206618831095
2.1513706605405805
0.7881219392357112
2.121572084195549
0.7207941875854244
2.195976126993152
2.1738641950813826
2.215137243158855
2.176086844652404
2.1858404905993174
1.2647308755597682
2.1590899575142233
1.3058033333602577
2.130008467607335
2.1432037471205057
2.175220092094053
0.34846296165863966
2.2051234217455815
2.2085712680967786
2.21136307937028
2.196009017882405
2.160349203939345
2.0890832338892964
2.2314663975559768
2.1920523471291196
2.186624258366954
1.3000546764119354
2.2081660256752222
1.2668342265495407
2.1851809074007766
1.351333975961539
2.1425986670356556
2.202962866038292
2.1561232354606368
2.166415018337151
2.187564734686338
2.1893145782692187
2.1733489511960857
2.1653320223851185
1.2187683336145583
2.1597500236644933
2.16385065374575
2.146323169864906
2.183833623302518
2.1980004803718978
2.155863117606967
2.1379514541927596
2.182150230931986
2.199047026620848
2.2085879220321107
2.1949607707925796
2.1103539365666686
2.2064845643069066
2.1961460712408
2.2006389794064702
2.1640640569864775
2.1122383796332023
1.2574727677522983
2.183042661272779
2.1728347662206495
2.1468980149339676
2.182017762338618
2.1754508103070234
1.2619174545354848
2.178273997872121
1.259099786323492
2.1713453546622326
2.1537381269026987
2.1265676925587482
2.194806897251853
2.1837804920270294
2.23770703967535
2.143326288817253
2.2105749589811574
2.205898629370663
1.2287673647699697
2.184853138007626
2.1948528968172587
2.1280163061971282
2.189427340398065
2.1836511061772663
2.155721045132116
1.0864122088105028
2.174402236726497
2.202460083755367
2.1760299472113567
2.179519022398458
2.1472694046038523
1.1573953440561369
0.40394635156115194
2.210911211769612
2.1855855971416673
2.1814379137776037
2.1832081930438734
1.3094465427979376
2.187372908733496
2.134541236385924
2.181880587657416
2.2028326914400274
2.2216231239804567
2.172452669449634
2.141489605080254
2.1064892524350203
2.188773152674263
2.197396971862011
2.1929729661757573
2.1821003492017956
2.1844819092061134
2.162968835239984
2.1195843909653833
2.17044294580661
2.1772949475874963
2.1834658012746218
0.8022838637526825
1.1456397053756286
2.1922380535587207
2.199384914992199
2.1989407604119733
2.2158080340202613
2.187826227848705
2.178483456755437
2.1825946013544293
2.2102805038340216
1.2888929448377646
1.1890273423345312
2.192892861742086
1.3266749046057391
2.2085626902025073
2.138926616343563
0.9362872134620359
2.1842598947798733
2.2034830928839555
2.176217478405012
1.1711631456824432
0.8503044731386457
2.1746093374608417
1.249822175390948
2.17641668148512
2.1941372669024513
1.2940868718089427
2.201420534203234
1.3016524351567191
2.1634630643154305
2.1673576979537907
2.174730461165928
2.1865656499118025
1.2666168191209264
1.2941645648471154
2.1559057594118127
2.1921740848887605
2.1928494587380047
2.214530429672326
2.1914146083361623
0.1646338196198942
2.180079495766544
0.15530022536336674
2.1748187580534215
2.1527586955784184
2.1779509441852616
2.1766001707570797
2.1803252132108857
2.183494614164106
2.227462011082023
2.179951366437339
2.1837307394463323
2.1617261816108284
2.1959570432845137
2.1722228287465573
1.155807247442406
2.1992736132478266
1.3052787218121453
2.1702544562995643
2.1899641707209625
2.19365929398174
1.1354138054824288
2.183343149108361
2.1793916257867347
2.1375152951019074
2.2167458730154648
2.1966279373446693
2.2311634876848965
2.209541010401384
2.1403257972212053
2.173039353089127
2.192619811272011
2.1911464219525634
1.2339264758945865
1.1370714242885827
0.6408861013874159
1.2042081453666384
2.175964605269526
2.191978858559622
0.7771660252087441
0.7595010314999726
0.15292494301188642
2.1266192299652835
1.3206915365233922
2.182725097231033
2.1921461195371403
2.151534121251215
2.1939855459904942
2.149732651147092
2.176841674916819
0.2815594829501783
2.165090064163644
2.1264423213305985
2.1919281609670174
2.1833026076444932
2.18403324339239
1.3211980267189605
2.09935795365792
2.1717353208506145
2.1816033853796286
2.167950874478648
2.149369029895986
2.1946148686601354
1.0595013445076502
2.182994044020903
0.7825256028088363
0.2768678957692922
0.3756357470530436
2.2071426446625813
2.1590950740839725
2.198263899935701
2.187539381516376
0.41721615864728984
2.176723569093435
1.0493598633769166
1.243222226722159
2.1355408360583987
2.176955663792932
2.209851918424768
0.853199182913552
2.1882342557511953
1.3337234715178954
2.2041053144687286
0.008944113182373092
1.2904169362220974
2.2132233994375823
2.1419879905847194
2.2256013227776306
2.1624198217905555
2.201130149236818
-0.17154175923197257
2.1841378614382716
2.136454505871548
2.1414800754180776
2.19275352200044
2.2102457920116527
2.194245119126676
2.1936225168135515
2.1239346289495433
0.5127840863824762
2.1720280127304905
0.779436624460831
2.210454714763908
2.2059454777900784
2.1834393619281514
2.1713821300983795
0.27952479387733353
2.1919328445421375
2.1824468965842785
1.2672050933265873
2.16246288043675
2.19520076689329
2.189419994551991
0.7868296304789004
2.1962302035498413
2.190102558728987
1.1804103432931954
-0.03141685873952316
2.1692433931631787
2.134256668093008
2.1979590974383156
2.176794060394635
2.171939715717911
2.1773087310061845
0.19123130945331862
2.158894541125374
2.199075455580351
2.1705222458278226
2.1790499854129224
2.189705765985357
2.1604890715753626
2.1627533512102652
2.1801843559844687
1.3000782959258308
2.2030103227953353
2.164301054204668
2.1773723402480156
2.2152883091523434
-0.1572803821628577
1.2989226611452622
2.1796191679809347
-0.3374402539680933
-0.16313686872364996
0.4787186316069268
2.176004449818122
2.1785958066841147
2.197687555972946
2.160180011424577
2.231927750343971
2.2065868305427
2.1726122637958327
0.6082779296067918
2.2062438289110577
2.1772711396562863
2.1694625407621237
2.1771670858352135
1.291965994981032
2.1379578592638766
-0.7221890956583434
0.6178567931704319
2.178283622869141
1.3471086154805985
2.2100331755297504
2.180163568775566
2.224027927805889
2.18810868494925
2.1776916035049725
2.118551917405415
0.28143497406653095
2.203307075838362
2.2074619816442564
0.4428839262574852
0.28270489747617883
2.1499327858547934
-0.16174608274173838
2.147204396978591
2.178456656786053
2.1980533068728407
1.2996036791413754
0.4944449921918819
2.1557839789652737
2.1855666031127905
2.1617511338771864
2.2012875477564364
2.18179575414168
2.2160254362885414
0.7640085610847791
2.177426544036254
2.2262658634974075
1.264649171502132
2.1835288826422237
2.1977187778865925
2.1524203432313262
2.1848540193320485
2.2084055241424454
1.2860293386535822
1.3161997290888903
1.2379599022065007
2.157838316091757
0.3289793443830643
2.2095795293614273
2.1658835900714655
0.7938897123716522
2.1760245578105137
2.1612307647664477
2.1318190459993804
1.3024436198958769
2.1974118311105224
-0.1712039495570494
2.206699593833995
2.1944267608825956
0.3425567378437432
2.2090441289694134
-0.17067609742038772
-0.17257018125572116
2.1906648427099795
2.1903021832012772
0.7862612445819464
2.1988728299242175
2.185146938584934
0.8377378560431096
-0.00205484985203358
1.1319362810147247
0.1772840081165462
1.1165976583540318
0.8671303733539147
0.2851274451129999
-0.1732243214592228
2.1656178794030465
2.14631092889342
2.181804732295039
1.3251247130692732
2.1817244810949017
-0.1571664518184292
-0.16921033599293125
2.195207555418041
0.5243651536801284
2.175325271756266
2.2227019808249366
2.1769046061806216
2.152497530885679
-0.16756680708182195
2.1826321231859285
2.193408667712119
2.1724506341411485
1.2077487761155226
2.1625489668744895
2.23378170180011
2.1834046825890625
2.242082939702154
2.203068210137231
2.144732657704071
-0.7224088393551023
2.174532622201662
-0.010339721054132056
2.1589868130395815
2.1695411127978232
2.182512574033817
2.179868185866923
1.1930790242605045
0.6303854810572982
0.9242103999152643
2.1621746993743054
0.6534828392319258
1.222312090385459
2.2141139297763024
0.6730249638663757
0.2843973709259003
2.216530328758237
1.0862941648013507
2.1663270979473044
2.1887481671528537
2.2218520675671503
1.094478404927444
0.6544387784210686
2.190417985878886
2.1744843771053413
2.1783265305438233
0.17287927527404984
2.212648489381011
2.1837582436122513
0.28125002171429586
1.1554765545810262
0.2803395957091698
0.7665012356813078
0.28508895836713977
2.1773418793412436
2.218071842380372
2.1540776970065854
0.9285966386988853
2.154860840695748
2.15938313001883
2.1538432851978784
0.8686425094815933
2.146417806905288
0.35158634506916286
2.216808885788929
2.197400304486834
2.18000721975546
1.3082437797001616
2.140621021636929
2.1729581980810533
0.33425132518841594
1.2730893049685386
2.2058176095514828
2.218608355200434
1.2818717294002002
1.116735008969676
1.232063258657601
2.1700602721234272
2.2015428262659076
2.159396639402826
2.139157536912246
2.1787817047276
2.1865286018883365
2.1827245351362676
2.2155834352847146
2.18272878109569
2.2149427733749314
1.1441913449103183
-0.16071098283317997
2.1869199805186437
1.3071235434343123
2.191414582983511
2.126119992549971
2.1652743696832766
0.9647961831957155
2.155880728528124
1.1717519641329572
2.211292406186163
2.222763159780333
1.1687708072835115
2.2031639874854188
2.1923126129058175
2.1911833560196055
2.190006860273342
1.162257451763832
2.201284026091277
2.218126177411357
2.211971788237844
2.1802512840536794
2.1836165342086837
2.178391663173894
2.191759578347896
2.1872084605274695
0.7253410585516723
2.1885845337020626
2.1537866201698455
2.2239181563295327
2.180311418287138
1.1377116634248685
1.2881537132019636
0.29945103730837186
1.2245447945840606
2.185881137463009
2.20550409748462
2.1736575785928935
1.1667835094414767
1.1391536419181858
2.197292865426702
2.142531153345028
2.1631137958196778
1.0535331653535458
2.1177915237030542
0.9355966701179379
2.203309947736472
2.1864341158306706
2.162138092801123
1.1523807876802077
2.2077940675053367
2.180064892824208
2.131860352453577
2.213590390837236
2.1243804071380143
2.2016237800572416
2.160629666077081
2.1769396571700588
2.2056146551222393
2.2257180314075686
2.22804430764895
2.2332199616827726
0.005087933366217545
2.1979304169148945
2.1851904269010642
2.179297141243079
2.205281025996551
2.1811930756081344
2.156006069214953
2.1929099951400075
2.1798564298131495
2.181320865768455
2.1417372050466534
2.1831804301566984
2.2095388593538834
2.2069483406236765
2.23296190439431
2.191065797774736
2.1790339414360576
2.2059331553834682
2.1737390195695503
2.1796995065790505
2.187605715831178
2.1605254889693697
2.1901674720290614
2.2396393422054564
2.2076028577414277
1.1154999642568386
2.149358849110946
2.206648178762734
2.20010849474196
2.1258110793947615
2.1948469331394285
2.1840959393393318
2.2407301675118694
2.1779283158335496
2.213989755616696
2.209802894229884
0.5452997692498409
2.148787663807742
0.147565063421717
0.32046487099624077
2.1696120228214113
2.1859291881696965
1.2318078705665174
2.178347447287475
2.194674651160378
1.3058433150987039
2.181319648210766
2.172577551133143
2.1689328233438587
2.197929893641503
2.194682500290457
2.175504598663249
0.46703540692082435
2.209232283593232
2.1896357323101974
2.2017827816100275
2.190097685947941
2.1940882083246898
0.5427242535292471
1.3212491732534477
2.205383775720454
2.205756930807027
0.2788008419990712
2.1866797227783965
0.5731219740510943
1.130040096827314
1.0797110862170696
2.1941042651914757
2.110347598556543
2.1962136854256986
2.1721217578696397
2.198968793457876
0.21967547406460003
2.136729254651163
2.179647512796713
2.150771699608396
2.1405355902777603
2.1883888266421376
2.2051083017466464
2.150204527304454
0.4590313641347574
2.1517424670782335
1.286057840073839
2.1793167246980065
2.1888333054327944
2.1894861566074297
2.1669502977212645
2.1825416778469995
2.164050573706401
2.098945864582054
2.2029256112207656
2.201831328359572
2.1933188835005684
2.2006135895448806
0.0019082794779003986
0.6088772527856795
2.1799508735974835
2.204315413469941
2.188494741050577
2.1922537463140177
2.1878050554515505
2.165723583072678
1.2534090366733164
2.204646952307254
2.1530359762140665
2.186619429764731
2.190599202883316
2.1578495946724146
2.1783929877126385
1.3177664387683707
2.1869255140839603
2.1448513759917383
0.46890313018588586
2.1488423499560874
2.1832164388905166
2.139287824211496
1.272006552596893
2.132193923594609
2.213758918530048
2.1688147351341227
1.1651614681652664
2.1944948938087294
2.1616987557650686
2.197663083090164
2.2070680209298885
2.1498052053167225
2.2103973544546855
2.1994631414930055
2.2005380817934324
2.1791199627734668
2.199329921315843
1.0410614738550312
2.174728020919069
2.205883399455551
2.216685007091777
2.2097067374909947
2.1936775986001624
2.176482758493398
2.2134464253035526
0.9274488406824961
2.174012937034826
2.172905252028748
2.17197483406301
2.1930481864541105
2.153699072370956
0.16344310865682632
2.233298473512412
2.155103926997481
2.1788540530921043
2.160702866328638
2.173034231278977
2.1773099888791636
2.1542932704354327
1.0566272974484798
2.1611726758654632
2.195772665500651
0.3545215869675475
0.8848125548857011
2.192373298213939
0.4479598853486005
2.214459368393495
1.2733832346027087
2.135638466603914
2.1541935018172564
2.193109734110883
2.197186102236526
2.203033216943182
2.1248934515449553
2.20180049469319
0.7664480228150812
1.2932905117206432
2.2098185079271726
2.1727494107144203
2.1721775618217443
0.6200457252339286
2.1920322621688664
2.2060454717018487
1.0836925046548862
2.1832347383469743
2.2051712219015007
2.1728947317754113
2.169163667113237
2.1638221589248188
2.2107564819605035
1.1398951704066154
2.1983029630723854
2.201682920182453
2.1827249727513482
0.04813380515739013
2.1721901938087846
1.131575424096657
2.211676720612392
2.2278666255365907
2.19709704593288
2.1644838497240126
2.1809802661916167
2.1561689464469556
1.1303031559475796
2.152378959949737
2.161957956532525
2.18234415707008
2.144640896330417
2.1622811823939596
2.1752959862853665
0.27661158783429063
2.166574288926668
2.2205639449632577
2.189975258015411
0.34076370491193575
2.156750645599817
2.1811114519877512
0.46159555376975453
2.177252864893636
2.207731770604042
2.161457685495103
2.1982050904109096
2.1730150231853864
0.47763028435459076
2.1962899413232373
0.6185899299378954
1.07242157752719
2.1474361704222473
2.168822023958981
2.2094993092643467
2.2014802524785515
1.1618721768824243
2.1831076060868755
-0.16533893799506305
2.185978094826188
2.170847089020034
2.187085232521263
0.9402525872470988
2.175142824315248
2.1969875523724207
2.193519251324842
0.9723690763121372
2.170422691834734
2.1810476418556575
2.232647521913975
2.1699495760504295
2.186299334066841
2.2270122694619827
0.7729891430853537
1.2739645079187893
1.006466219680242
2.152418471642405
2.2123620805173845
2.1491646272049323
2.147568166897872
2.22440488473743
2.215237820366087
2.183254756673769
2.1818066457853966
2.1710479464582004
0.2821447596977809
2.1773764610637785
2.1863020492992664
1.282752707031138
2.19356032657255
2.1576020755057077
2.177270731426013
1.303038451890252
2.1672545888945804
2.1878781743813285
0.27862648505063686
2.205314105033697
2.1822141962879336
1.3395456299936415
2.2021521323307445
2.169454230338851
2.1623021466542482
2.2066269552041007
-0.17044246901993615
1.24464242896886
1.3077310901945265
-0.16599406041940976
2.1979265633917913
2.1737109541991715
0.6817673704694316
2.179074008016957
2.175540209465894
0.8346196421466937
0.3187000500501171
-0.16223363782943379
2.191387752568776
0.28472454465310715
-0.15892286840903114
2.117558684462253
2.1851733592831457
2.184173800365296
2.1784390608513893
2.2004993223375124
2.1786657753363636
1.161492903810339
2.196537962323606
2.163284498257389
1.3291878966205495
2.2181849883755356
2.1810274343045117
2.1639691805986545
2.1727560245458224
0.6202053745352446
2.166603629336471
2.1689464019852633
1.330207767366298
2.1676829040957273
2.193821299155384
2.168972027208297
2.190914572149851
0.7681379046847729
2.2022246237051295
2.1788907532860073
2.1919657698925272
2.206626795021747
2.1928374456588164
2.2211170952764165
1.3379370419277248
2.217692758268572
2.2081328395932625
0.28191884838804926
2.1595948980431756
2.22249234763192
2.226319874188956
2.1818577148211284
-0.17148218701660073
2.209163164444154
0.3546802962450657
2.2085449782453743
0.9431707219395693
2.1930236231690823
2.2026893813721675
0.284152236654881
2.196585099893307
2.1817839068447054
2.1853200514996196
2.1781596469069777
0.600949844703751
2.099196289996682
0.28155157456699154
2.156434715519924
2.143578999071706
2.202545211224594
2.1803107076403583
2.1778463428090413
2.171129587297049
0.16182744720105718
2.1792964582718204
2.170252451031817
2.2285585534355254
2.1899894590348437
2.183464044144087
0.5197147873893914
2.2235722012028694
2.1731835078047026
2.161149309279434
2.205251712463577
2.195394960146708
2.105819984682127
0.27680204161641236
2.208919197645681
2.193549278710867
2.1782279599871677
2.1767676549671475
1.1073369184032575
2.215628897495069
1.3152218321022622
2.186037702015324
2.1850909928820226
2.1350700435509706
0.009075793104761753
0.18085568676176078
2.115488258038436
0.2788261868097879
2.153151814231297
2.165784943223466
2.18787213098713
2.1764973618812578
2.184232115604224
2.199407611072143
2.205347940864244
2.199558329047182
2.2089588278688534
2.1971078072353483
2.17808507457808
0.2838398703971323
2.197118256661999
1.200412913502538
2.1833378028379675
2.1925383895917214
0.5077956598469593
2.142563229562601
2.1666826112368063
2.0617129593340997
0.7811767388163353
2.1628643082056636
2.1844759035121872
-0.22119009579640295
2.2317556048541043
2.20148992455711
2.1740194388424454
2.1652583938507126
2.1767537436437117
2.1724935931055853
0.28392800097643245
2.1678012267256985
0.1669796596440632
2.2203967860697578
2.1772800902720837
2.1784135172014762
0.836006087350823
0.613899604988142
2.1782378326326404
2.1399644700512965
2.1725688246201114
2.218729891624804
2.1506045879056392
2.0981294864667603
2.2162892082027494
2.20663720454011
2.219148209147472
2.2052721365172894
0.17036123758185864
2.2049803518862428
2.2017327749927533
2.166736512628554
2.1848272481248348
2.1391392054929157
2.2159369740225463
2.187356747814537
1.1125571670059575
2.176372767494702
2.170208065028366
0.005777242113712999
2.2075154045605174
2.200717489282315
2.1940247302055056
2.1790250985605346
2.186025007705367
1.1043790945123657
2.2004376114820516
2.1927815783859836
2.165383639556764
2.1220309395626735
1.1437507374320546
2.1752484251974904
1.1928884524411347
0.7856310284532497
2.183523723921053
2.1504058191679314
2.1857966735158016
2.1899004210806217
0.2802824321520232
0.8935825796309856
2.183297926118312
0.686801503120297
2.2179222191592336
0.8828032624321375
0.7222704393534165
2.1866825654027893
2.218924007141314
2.194919507914407
1.2654459530013067
2.1508663565222657
1.166066065158045
2.1923548554178742
2.1796598663521363
1.1655893112460332
2.15795323911584
2.16512648233732
2.1872558725259417
2.213115580745111
2.1362263417955307
0.28102701300673455
2.152701874906063
2.184928177757306
2.18057901152113
0.8550782693223038
0.18703471203576094
1.2424891982710904
2.234540404717716
0.45628699481827006
2.185374128038342
2.1783922449452247
2.158757595255332
2.1913013474709384
1.199193651281409
2.1958886672055367
2.1468695477951822
2.1829592910402154
2.1377610464180807
2.2047545706123515
2.1899272849661715
2.17598378343856
1.3120817101233249
0.8816049885245861
2.2102609692484085
-0.07596535940861793
0.33977619980399015
2.2022734455148836
2.1720678663982786
2.1661603327386456
2.191025406905614
2.1589413430575055
2.188810036386759
2.206237091097525
2.201638160371071
2.187206979946497
2.2279008767993838
0.4703663246790034
2.2039836399214785
1.2220191748682159
0.2847714671210848
2.1692035648446453
2.2067669607958864
2.2319299369539847
2.1978244037916244
2.195548273362191
2.1862505685977096
1.2834319389711255
0.33197550995488234
1.2322346971155869
1.1119838144990057
1.3286854263853416
2.2201689225984778
2.1655783980734795
2.2168103723816626
2.1896396951724917
2.1861978855873123
2.1417077114845977
2.204521072392253
2.1880674756549645
2.114060335078026
2.192423938396825
2.183549877627902
2.2025707350241914
2.1588277958854527
2.1917286326911487
1.1675206060430148
1.1197434490957023
2.1427860667890286
2.1911749667579237
-0.22066914762718753
2.137193892693942
2.186130732999504
2.1469799644947103
2.1950823662539287
2.18733417871573
2.20427778539023
2.1891877465405245
2.2096441897840293
0.33882276321768995
2.184585619725622
2.142780191525006
2.1703512251907537
1.2779641596760059
-0.67294823191455
2.185204912114137
1.2405520269645638
2.1873790902335095
1.273388331320798
2.183201817746964
2.178250520456498
2.202665128668853
2.1820173214202785
2.1770564707128175
2.1573962690716124
0.5095883902580958
2.2157766064597797
2.1716711186760325
2.189598264911425
2.1850503527039047
0.9157822123338615
2.1790067693602024
2.197969810247481
2.200516080616004
1.0610759243477115
2.1861743353245755
2.1700739011580676
1.2917995094990988
2.1482110242654437
1.138144549659225
2.211602197017559
2.190749363872396
0.794453734181082
2.2091264852387034
1.1607902132115095
2.1879611615009873
2.1560892962921336
2.2046925924036396
2.1744882387663864
0.9384296712929395
0.2866471950850543
2.200362752449837
2.2015472630546276
2.169552120020268
2.1977394285801317
0.3110048331372849
2.2335272810897515
2.2053614947809397
2.201883297870645
2.1877794473648122
2.1936511793778646
1.070012626728373
2.160417079360504
2.1974951264002374
2.20637170310781
2.178439982866694
2.1870325330841545
2.203270845333397
2.2179377296016516
2.1908254240244496
1.124738175839919
2.183149749033751
2.1877812671212618
2.185615235287429
0.7902713124318005
2.181890215070875
2.194091653140167
2.1994520962578843
2.2142702548463236
1.0650500390978281
2.2060226841495343
2.182025421736519
2.1692911101651227
2.1682232571388558
1.2367928821930732
2.1481477547222374
2.1594683776229724
2.204704992261414
0.654358509614243
2.190804762438808
2.1963653201060973
2.1772265502335912
2.1819371277907966
1.3120526830015316
1.235933545815194
2.1599254102260086
1.1315594478657596
2.182541045844954
2.2065852968780213
2.172511745108167
2.184380845590794
2.16425872755352
2.204917220013356
2.193331031912407
0.8460997855565615
2.1427753874060147
2.179386900707507
2.1215201016369876
2.203481446261289
1.2461780466496493
2.186559380385888
2.1867317966361055
-0.1645871095460852
2.148249080911005
2.2026070972458722
2.175011387380195
2.1658505202671043
2.201580258661666
2.1942963396306645
2.2076314741314382
2.2084823294560616
2.2099462354038337
2.193897561099625
2.17562032976738
2.1732781295179597
0.9828726958024845
1.259631054334824
2.2016880551182814
2.1856358240557623
1.171468988494151
2.1429905374550033
2.1794679540716277
2.2126479333529003
2.1833759285766403
2.1755871750841322
2.1978632622982683
1.0744909154472309
1.2767097472800741
-0.15830950135325306
0.2858043625663742
2.1778296127852412
2.170211014540736
0.8123291164522184
2.1091410218229214
0.4166580024960299
2.213031260030315
2.182107581927222
2.1728743151264864
2.200247420651354
2.1494628651765315
2.135182961258329
2.2053778965705373
2.1804105380148737
2.2243766284740616
2.1716938690587537
2.1857218154752434
2.167056227796012
2.171404899746732
2.1859333265037586
1.245472876137445
0.3372546471777822
2.200111296342066
1.3158173179970714
2.193747054631653
0.49113405564273477
1.0955392411685425
2.1372637356752664
2.204831104120392
2.2046616578198686
2.1681702303494417
2.1662403904797705
2.2219559996689875
2.13685588033057
2.1656636360762533
2.223822530325611
2.1616060364278074
2.151607887436026
2.200568455026146
2.1955475901305945
1.251214218286237
2.1921021327846333
1.287513047184693
1.30660076934371
2.2180617519232584
2.237594971337575
2.214235032404807
2.174349671930965
1.1193471404978874
2.2123506986998644
1.1438359370818874
2.186246812538154
2.2264117869538933
2.160659611980817
2.2186784690890606
2.2018199297762506
2.230777939124355
2.2056368374945197
0.15414477897578352
2.2072048773502413
2.1822262277984006
2.1815095970443705
0.3938123921916962
2.1760177081713357
2.207020901061152
2.1785825672822936
2.1696200952652496
2.183074804538733
2.1954247415795667
2.185310604112587
2.2080967866448904
2.1780836420993825
2.1941047592147873
2.2068550189894482
2.1364327796558573
2.193136905383159
2.174197727087939
2.1244831044798866
2.188757212600527
2.129183870224064
2.18348386120516
2.170771316731355
2.1916512054759925
2.1088635927791737
1.3139062156332257
2.1941183170576073
2.129137565404265
2.199368136574101
2.1808492583732506
2.174592916319611
2.1996086066942215
2.1552814396969495
2.129379471709811
2.177697411454459
2.1850818038061806
2.200011343464504
2.1923183664426107
2.1841347217746225
2.1654546281588
2.1870543829357683
2.142169127547648
2.177695711944409
2.2001230096397695
2.184323865940898
2.149237511068046
1.1754441155603774
2.188625159504448
2.1660828120674793
2.1905843280372794
2.2092102283421307
2.1763945112404284
2.1869856557188907
2.2010521655544775
1.1142766650467746
-0.16309201285663474
0.34838694464812536
2.173555647755858
2.21309781346614
2.2042679595607115
2.1985194946901085
2.1779005637977775
2.1618012447708157
2.206326290452247
0.1338312183424003
2.201888861987863
0.9613035175192224
2.1739846671492034
2.1895787053673974
2.1952613121536837
1.3003065532499811
2.161572824875387
2.1987678935341526
2.1434827891989396
1.1323726440186594
2.213273687227952
2.142424755276961
2.1824219039447446
2.244839941208531
2.186637886108527
0.4461197938955828
2.224492238400984
2.185039158035893
0.27585199676132216
1.278750029476357
2.1418734165104154
2.2148327352883657
2.200510465558448
2.1734688315346187
1.295818457719892
2.187575969521178
2.1845370662696
2.142069746166059
2.2084077299765013
1.1296863141116356
2.1831875239753247
2.2076046025155485
2.20401233751625
2.1596826555899664
2.170355333807569
2.1926499221801192
0.7640917333387447
2.1815932614176976
2.175552737214886
2.1757657081703705
2.191764599449241
2.2032226670498405
2.189885399344383
2.1401457256766276
1.1216584083777552
0.15074999400612232
2.1774304120638233
2.144471024845201
1.1876245553943323
2.2014457934988347
-0.17281406857158604
0.2800121915378451
2.2247179564382513
2.1945034038665145
2.171361232761599
2.172608437345672
1.3156135374836795
-0.048175842666067725
2.1128492738308973
2.186544360970288
2.1160214661110084
2.203745019013348
2.2111370841285227
0.6342986649793257
2.173183392705936
2.1950281592854854
1.2197739452540526
2.176388945641736
2.2214561827959134
2.2043552265265465
2.1974787907352864
2.1820800997485064
2.189745993465002
2.189286311982075
0.9074453678654018
2.2017168601274015
2.1834114218278176
2.209501907332655
2.158178696212905
-0.1621654014165317
2.177940839063466
0.4150585257606395
1.1615377743969713
2.1820916812155167
2.1679645683945536
2.200745162429386
1.308996970854307
2.1719510663087136
2.1634376408162157
2.142866694608544
2.1219608774805088
2.1748358351941164
2.1374710058267605
2.2105760755471664
0.6969396727523491
0.2834321633477531
1.3142260710493758
2.1697569475126786
2.170256770984154
2.2100858812455018
-0.16239007827588492
2.1541417003847165
1.334103667350771
2.176141065593551
2.20600231897295
2.1944954334162174
2.1867896792283115
2.19819120468805
2.2035368642079645
2.1616386705663926
2.163585450451885
0.35250771231915345
2.203186888019216
1.2886343795095383
2.2027600310561875
2.208146490382326
2.1684101355098377
0.32716978120119977
2.161414814559966
2.1977913246161913
2.1631439705915008
2.176473657596323
2.185701630615881
2.1748799409664596
2.149474660185981
2.195315816282413
2.211069855189136
2.2137136726388174
2.1276828695605596
2.178379592370635
1.196257321313222
0.8062929151869387
2.191740721132498
2.2110468255675793
2.1937794969931703
2.1934632324702177
2.15328927036598
2.1151557045107205
2.1894480909556604
2.188863400262391
2.1626994980288665
1.1704207923334244
2.204408279158398
2.1815792439337947
1.272241681140363
0.6609239817298522
2.185767592187924
2.190012545011942
-0.002418494667008275
2.205740762988697
2.18731441033601
1.3463853214108616
1.3115396828650479
2.1836197617161455
1.2032150263053865
1.2557423214115808
2.1804895449773327
2.204631906978546
2.225858357839642
2.1048234841066833
2.22105157454802
2.174976418773082
2.189763660901246
2.19430214276197
1.2185753567115911
0.47839710834492055
2.187450721648859
2.2164194730106344
2.1721331685053595
2.1290183598893684
0.25276808035427256
2.183666922078374
2.16011062333169
2.081378628512411
2.187268318586143
2.2119277657992376
2.186141351069198
2.1879847128404832
2.224394241301259
2.1949300269655803
2.169247550615382
2.157783556918441
2.176441341038056
2.1817241367581093
2.201390551370473
1.2395524122987043
2.1648383679733865
2.089047255850289
2.2118236913405145
2.125424836384674
2.1788203390533765
2.1870612375593996
2.1266113032039757
2.1956635360988033
2.183665978193835
0.2804585968460825
1.2301549232302933
2.18911879741277
1.2914715077249463
2.1939938177502887
1.0214924927996436
2.2001347624648346
2.1932634251569576
1.2640347224117607
1.1728517386453452
2.2042967009693264
0.4531319261677099
2.1591497953993404
2.1873171960642033
2.192435996028754
2.1892918371506656
2.1538339809670664
0.7755485962132215
2.1599094178743523
2.2130338319780636
2.186685645687633
2.1792679410001767
1.0035425158449072
0.7735078391432023
0.018215558512729102
2.1861789607174265
2.134077499380664
2.1804844280158773
2.149051674850237
2.211392977802377
0.35067118288127413
2.207885369303125
2.174508971268137
2.1683156111313324
2.183112487200323
2.1873684786925254
2.20316057639223
2.194807761533644
2.1205341015423698
2.146633945001743
2.1921745997730424
2.2095462233279863
1.2869187590149236
1.3127358829835936
0.4229885958300013
2.125293469504636
2.1671694895790843
2.2062200290390743
2.179156685425193
2.1795274964035936
2.188536158401133
2.1833299948180205
2.221438551159813
2.181013884775593
1.210878570409141
2.167210108550326
2.1792199884708756
-0.16094944556095647
1.049157784136908
2.1792949642909774
2.1588265461079885
1.0617035993173662
1.272999601566696
0.9400057931414983
1.2264475471461158
2.1675974605999735
2.2074712080288723
2.172844478075115
2.183525153943826
2.1993495560592717
1.0729058520418477
2.1835159628784693
2.1679206829663102
0.16047977674786332
2.205718865565497
2.178117139129353
0.9007816827081299
2.207824925811964
2.1862072103963346
2.191438510993292
2.195729510223721
2.180749799829819
2.2069607168065626
2.182746019074319
2.180455561437585
2.1843726424846786
2.18612634682649
2.1612958063522076
1.3076105967342921
0.19147226745698867
1.2930750883576034
2.141871663336424
2.1825219930037916
1.0316032850021373
2.154095972969045
2.150346214329659
1.21140514394069
2.187714938744742
2.164819403996343
2.166453595042431
1.3308767128496781
2.1389704785174684
2.1485032843489034
2.2111071820314487
2.2113950405990543
2.191424441377839
2.1925475376591597
-0.17047539982216242
2.186204682303915
2.2078866982133487
2.13336352789472
2.12742445502046
2.2065580580313844
-0.22076334909353615
2.1928714074936657
2.1380719998858746
2.1696009853512663
2.1607632485974277
2.175875273729859
0.6017079312893593
2.206346442927493
0.8023141230013884
2.176388878979027
2.191146604781361
2.1695557876434606
2.1632737507809865
2.183737233164144
2.12307104013891
0.7686601301833825
2.2241069112457286
1.1161593811225035
0.5865964497885017
2.1714967190355914
2.212903876204948
2.167657434902689
2.1886473194481617
2.097824024775107
1.133751676781194
2.1729692515241825
2.2343241101861837
2.170863439240503
2.2014189658472505
1.2970968710147193
2.21480503142536
2.1837921639806006
2.2116166945353726
2.1482492754469202
2.2008452616618177
2.194116417443302
2.196671252724003
2.1671191252124156
0.28058835032396356
1.2971636457483342
2.118343147032421
2.0831248493346126
2.1987511597366516
2.211749989547414
2.1725273153351266
2.17846051221167
1.254312801003616
2.1678130721223523
1.0731632623332972
2.2126818327948454
2.2303994528162665
2.1714489589899877
1.1708811175894238
2.1695854956308724
2.185564115324346
2.174203132332704
1.2698907258559797
2.1758673603886467
2.1873888860568638
2.157600717183473
2.219178937385346
2.216179991745867
-0.16910531237772897
1.1212950853381793
2.2151132803361113
2.1992515312754284
2.170876062827065
2.1763244109042263
2.1697271473559754
0.9375391161093167
2.1816743051073484
2.1745405482784355
2.170357959364719
2.16182121968572
2.2154947218213827
2.211698692260672
2.140581861694817
2.220504890707462
2.1098276418420108
2.1669609283806084
2.220268737895105
2.1664740332779555
2.207290151914747
2.2293816116184115
2.194975447664185
2.1962093488111583
0.4516781430931236
2.1960870086879094
0.962839238879374
2.1705397016354073
2.20087033557329
0.026214541743240116
0.41858851019379484
2.214385550361629
2.2202842028216736
2.19037467602105
0.28138378636845296
2.1910478524597288
2.187045183004354
1.2431637178668782
2.199674304072467
2.195460283908309
2.15107467707767
2.2371315793496214
2.2264757493892153
2.1742736810457175
2.2145902959266515
2.178838836660068
2.1979859153184744
0.9505158349607878
2.2149237113745777
2.1890912823532283
2.1587873938349373
2.2159819451366065
2.158269623027345
2.192558502067739
2.201113208576137
2.155078713207753
2.162739048396275
1.1434197921085558
1.253667871323874
2.187682629130204
2.224163817880555
2.1958326841974243
2.1586697741812815
-0.1476235328205554
2.1644001749278043
0.002523517978919587
2.199989483688107
2.193436146366524
2.2056423036451953
2.164057652511424
-0.159068933101984
2.2057834457843066
2.1753411909291955
2.1991106047334643
2.1855059050652548
2.155324035764664
2.1808117900761914
2.138842375827193
2.1687943643162244
1.2656818524736606
2.228354871946793
2.1895197197658356
2.224869485565772
0.3047430320554242
2.2012897762498014
2.193899374293854
2.1978180653478536
2.1936223995958404
2.193504233234437
0.7619590186827854
2.193196681859882
2.2180298111367374
2.2079043366468927
2.1845668826014224
2.1781059747977367
2.211007801063346
2.184359587940201
2.179940101833566
1.3343004578343545
2.192091294785145
2.199727030173306
1.3387334096435315
0.19452294917125468
2.2096281739304526
2.1925533341967145
2.202498243386849
0.8542918889502629
-0.1640807717652144
2.167446380149956
1.2767656148938014
2.212042995607474
2.2045536201250497
2.176470372551079
2.145999615545391
2.1883674601438994
2.2050604426222007
2.1901732888373897
0.2867810790791401
-0.16423792034922347
0.3417326710141059
2.1538773574171666
2.1878279747100597
2.2013589851055615
2.206459112918031
2.1749797090627667
1.210583531717249
2.167675028100403
2.1755560490890042
2.2024792667009523
2.149450506772621
2.203701945171034
2.172408088692189
2.1726802598877404
2.2115454614091217
2.178911588837259
2.1792786668203017
1.2423419079086468
0.6319016632945113
1.1633436917047724
2.2009826565028363
2.132267441813344
1.1620125466859332
2.145421700544426
2.1856912632376453
2.1678709934899922
2.198427343162432
1.3106475739660894
1.1285548767348956
0.006359601615409105
2.189291289570772
2.1618069123631427
2.2035284056129485
2.2080707762926375
2.166746218593892
2.210402035110847
2.169131935539575
2.2217879114617163
2.179968620824738
2.2121220116578986
2.216050906480818
2.195151755067097
2.191979168410098
2.2085359866299457
2.231482267315787
0.06211905194091068
2.156716120679467
2.2062414687084813
2.206568859941183
1.3221078414890568
2.2000703273944993
2.2193713563488835
2.1976260608407365
-0.16953721378728598
2.1828635020037295
2.1932570312098925
2.1403428872147376
2.2064504649250516
2.201039423267211
2.2326643007736413
2.2074866888824825
2.2214356166803486
-0.1674695451860999
2.1894159264811286
2.1818621246910626
2.1484647868734252
2.100675151191739
1.1321431311996282
2.135488991050914
2.195317680121144
2.2066266784080573
-0.16299475799115032
2.1792759081421
2.1919049798656527
2.209603393756507
0.7775558064052771
0.28798946447333557
0.9410252486472961
2.143147584567445
2.1509355950296056
2.1707458552582706
2.1615818810699525
0.9706320593845097
2.2062128599774953
2.170603856402433
1.3356136107217893
2.190995549866612
2.1943176959959834
2.1830395936200238
2.1933092389344484
0.3100927852627906
2.227706038964633
2.20444157122025
2.175008141939675
1.3192170083111672
2.221606700840995
2.2147276629415145
2.21229130886209
2.1922952092905437
2.1824352042600066
2.1702090441256066
1.269592519524893
2.1956075388059966
-0.16514067977322516
0.4588005691684365
2.187661937549654
2.186688112417311
2.199815424601393
0.28453845568620373
-0.2159167897707818
1.2691100467249496
2.2407789387590977
2.2118256834201393
-0.16691745583638395
2.244012882761429
2.1842995110563703
2.20985832984137
1.339371961423665
